rVSVOmicron	7	G	6756	0.000169192	0	0	0.999831 0.000169 1
rVSVOmicron	9	G	7909	0.00028611	0	0	0.999714 0.000286 2
rVSVOmicron	11	T	8632	0	0.99987	0	0.000129516 0.00013 1
rVSVOmicron	12	C	9088	0	0.000123091	0.999877	0 0.000123 1
rVSVOmicron	13	C	9601	0	0.000115333	0.999885	0 0.000115 1
rVSVOmicron	15	C	10545	0	0.000104345	0.999896	0 0.000104 1
rVSVOmicron	16	G	11343	8.1313e-05	0	0	0.999919 8.1e-05 1
rVSVOmicron	18	G	12607	0.000236932	0	8.6797e-05	0.999676 0.000324 4
rVSVOmicron	19	C	13156	0	0.000529183	0.999471	0 0.000529 7
rVSVOmicron	20	T	13762	0	0.999764	0.000236428	0 0.000236 3
rVSVOmicron	21	C	14384	0	7.57818e-05	0.999773	0.000151564 0.000227 3
rVSVOmicron	22	C	14964	0	0.000567984	0.999432	0 0.000568 8
rVSVOmicron	23	T	15568	6.96819e-05	0.999554	0.000376659	0 0.000446 7
rVSVOmicron	24	G	16301	6.64855e-05	6.64855e-05	0	0.999867 0.000133 2
rVSVOmicron	25	C	16922	5.21466e-05	0.000290283	0.999658	0 0.000342 6
rVSVOmicron	26	C	17610	5.00632e-05	6.17447e-05	0.999888	0 0.000112 2
rVSVOmicron	27	T	18138	0	0.999831	0.000168663	0 0.000169 3
rVSVOmicron	28	C	18710	0	0.000115063	0.999827	5.75314e-05 0.000173 3
rVSVOmicron	29	T	19271	0	0.999776	0.000224329	0 0.000224 4
rVSVOmicron	30	G	20034	0.00018406	5.40495e-05	5.40495e-05	0.999708 0.000292 6
rVSVOmicron	31	G	20636	0	5.24368e-05	0	0.999948 5.2e-05 1
rVSVOmicron	32	T	21176	0	0.999854	0.000146448	0 0.000146 3
rVSVOmicron	33	G	21829	9.20048e-05	0	0	0.999908 9.2e-05 2
rVSVOmicron	34	T	22282	0	0.999909	9.08228e-05	0 9.1e-05 2
rVSVOmicron	35	C	22875	0	0.0001401	0.99982	4.03891e-05 0.00018 4
rVSVOmicron	36	T	23494	0	0.999954	4.59282e-05	0 4.6e-05 1
rVSVOmicron	37	A	24311	0.99978	0	0	0.000219933 0.00022 5
rVSVOmicron	38	G	24958	0.000136355	9.09032e-05	9.09032e-05	0.999682 0.000318 8
rVSVOmicron	39	C	25561	0.000125807	0.000125807	0.999706	4.19356e-05 0.000294 8
rVSVOmicron	41	A	27057	0.99951	0.000408738	0	8.17476e-05 0.00049 13
rVSVOmicron	42	G	27731	0.000270917	0	0	0.999729 0.000271 8
rVSVOmicron	43	T	28238	3.85666e-05	0.999961	0	0 3.9e-05 1
rVSVOmicron	44	G	28929	0	6.22819e-05	0	0.999938 6.2e-05 2
rVSVOmicron	45	C	29596	0.000108869	0.000601231	0.999254	3.62897e-05 0.000746 22
rVSVOmicron	46	G	30991	0.000828	3.4617e-05	0	0.999137 0.000863 27
rVSVOmicron	47	T	32241	0.00013557	0.999731	0.000133763	0 0.000269 9
rVSVOmicron	48	G	34526	0.000548888	6.21066e-05	0	0.999389 0.000611 21
rVSVOmicron	49	A	36662	0.999881	2.97316e-05	0	8.91947e-05 0.000119 4
rVSVOmicron	50	A	39171	0.999749	0	5.77542e-05	0.000192774 0.000251 10
rVSVOmicron	51	C	41515	5.19127e-05	5.19127e-05	0.999896	0 0.000104 4
rVSVOmicron	52	C	32470	3.30316e-05	0.000115164	0.999852	0 0.000148 5
rVSVOmicron	53	T	33101	0	0.999503	0.000497101	0 0.000497 16
rVSVOmicron	54	G	33892	0.000222239	0	3.17485e-05	0.999746 0.000254 9
rVSVOmicron	55	A	34502	0.999665	0	0.000106967	0.000227517 0.000335 12
rVSVOmicron	56	C	35158	0	0.000152877	0.999773	7.43725e-05 0.000227 8
rVSVOmicron	57	C	35853	2.5186e-05	3.00607e-05	0.999842	0.000102369 0.000158 6
rVSVOmicron	58	A	36569	0.999881	0	0	0.000118809 0.000119 4
rVSVOmicron	60	A	37841	0.999737	3.67435e-05	0	0.000226585 0.000263 10
rVSVOmicron	61	C	38467	0	0.000469834	0.99953	0 0.00047 18
rVSVOmicron	62	G	39398	0.00010533	2.7445e-05	2.7445e-05	0.99984 0.00016 6
rVSVOmicron	63	G	39943	8.10797e-05	5.40531e-05	2.70266e-05	0.999838 0.000162 6
rVSVOmicron	64	A	40567	0.999973	0	0	2.6584e-05 2.7e-05 1
rVSVOmicron	65	C	41178	0	0.00015646	0.999844	0 0.000156 6
rVSVOmicron	66	C	41947	0	0.00015671	0.999843	0 0.000157 7
rVSVOmicron	67	C	42721	0	5.10451e-05	0.999923	2.55225e-05 7.7e-05 3
rVSVOmicron	68	A	43617	0.999925	2.48807e-05	0	4.97614e-05 7.5e-05 3
rVSVOmicron	69	G	44201	0.000512758	2.4417e-05	2.4417e-05	0.999438 0.000562 25
rVSVOmicron	70	C	44858	0	0.00011975	0.999856	2.395e-05 0.000144 6
rVSVOmicron	71	T	45683	7.08911e-05	0.999695	0.000205009	2.93783e-05 0.000305 14
rVSVOmicron	72	C	46419	0	9.27156e-05	0.999838	6.95367e-05 0.000162 8
rVSVOmicron	73	C	47739	5.43819e-05	2.28651e-05	0.999923	0 7.7e-05 4
rVSVOmicron	74	C	47769	0.000514596	4.55504e-05	0.99944	0 0.00056 27
rVSVOmicron	75	T	48377	2.23073e-05	0.99968	0.00029723	0 0.00032 15
rVSVOmicron	76	C	49291	0	0.000193642	0.999806	0 0.000194 10
rVSVOmicron	77	C	50072	2.17734e-05	2.17734e-05	0.999901	5.59048e-05 9.9e-05 5
rVSVOmicron	78	C	50897	0	0.000107075	0.999871	2.1415e-05 0.000129 7
rVSVOmicron	79	G	51858	0.000306081	4.17126e-05	2.08563e-05	0.999631 0.000369 19
rVSVOmicron	80	C	52808	2.03964e-05	6.11893e-05	0.999918	0 8.2e-05 4
rVSVOmicron	81	C	53156	0.000162288	0.00041559	0.999422	0 0.000578 31
rVSVOmicron	82	T	53827	2.01965e-05	0.999654	0.000325873	0 0.000346 19
rVSVOmicron	83	A	54816	0.999815	4.00225e-05	0.000100056	4.48901e-05 0.000185 10
rVSVOmicron	84	C	55581	8.53403e-05	0.00011623	0.999798	0 0.000202 11
rVSVOmicron	85	A	56331	0.99988	3.85755e-05	0	8.18425e-05 0.00012 7
rVSVOmicron	86	C	57058	0	0.000117327	0.999883	0 0.000117 7
rVSVOmicron	87	A	57882	0.999943	1.8987e-05	0	3.79741e-05 5.7e-05 3
rVSVOmicron	88	A	58632	0.999961	0	0	3.93195e-05 3.9e-05 2
rVSVOmicron	89	A	59085	0.999903	3.04649e-05	2.50248e-05	4.13452e-05 9.7e-05 6
rVSVOmicron	90	C	59548	1.94561e-05	0.000184584	0.999796	0 0.000204 12
rVSVOmicron	91	T	60069	0	0.999981	1.9136e-05	0 1.9e-05 1
rVSVOmicron	92	C	60778	0	1.78402e-05	0.999964	1.78402e-05 3.6e-05 2
rVSVOmicron	93	T	61393	0	0.999913	5.39939e-05	3.30774e-05 8.7e-05 5
rVSVOmicron	94	T	62268	3.60835e-05	0.999838	0.00010825	1.80417e-05 0.000162 10
rVSVOmicron	95	T	62966	0	0.99993	6.98387e-05	0 7e-05 4
rVSVOmicron	96	C	63913	0	7.20098e-05	0.999928	0 7.2e-05 5
rVSVOmicron	97	A	64796	0.999899	0	0	0.000101051 0.000101 7
rVSVOmicron	98	C	65312	0	0.00013282	0.999498	0.000369294 0.000502 33
rVSVOmicron	99	C	66154	0	0.000173668	0.99981	1.66902e-05 0.00019 13
rVSVOmicron	100	C	67042	4.93121e-05	0.000135053	0.999785	3.02092e-05 0.000215 14
rVSVOmicron	101	G	68029	0.00012853	0	0.000618333	0.999253 0.000747 51
rVSVOmicron	102	G	69515	0.000111467	3.18478e-05	1.59239e-05	0.999841 0.000159 11
rVSVOmicron	103	G	70468	6.31895e-05	3.15947e-05	1.57974e-05	0.999889 0.000111 8
rVSVOmicron	104	G	71242	3.12139e-05	0	1.5607e-05	0.999953 4.7e-05 3
rVSVOmicron	105	C	72260	0	0.000614481	0.999371	1.5027e-05 0.000629 45
rVSVOmicron	106	G	73503	0.000251784	0	2.96216e-05	0.999719 0.000281 21
rVSVOmicron	107	T	74374	0	0.99993	6.98887e-05	0 7e-05 5
rVSVOmicron	108	G	75551	0.00104984	4.324e-05	1.94775e-05	0.998887 0.001113 84
rVSVOmicron	109	T	76399	4.30206e-05	0.999916	4.06951e-05	0 8.4e-05 6
rVSVOmicron	110	A	77295	0.99972	0	1.43366e-05	0.000265422 0.00028 22
rVSVOmicron	111	C	78020	7.75098e-05	3.27347e-05	0.999857	3.23585e-05 0.000143 11
rVSVOmicron	112	T	79473	0	0.99986	0.000139506	0 0.00014 11
rVSVOmicron	113	A	80822	0.999885	1.36679e-05	2.73357e-05	7.38804e-05 0.000115 9
rVSVOmicron	114	C	81516	1.33672e-05	9.35707e-05	0.99988	1.33672e-05 0.00012 10
rVSVOmicron	115	C	78779	3.98476e-05	0.000186714	0.999759	1.40415e-05 0.000241 19
rVSVOmicron	116	C	79542	1.39762e-05	0.000167714	0.999818	0 0.000182 14
rVSVOmicron	117	C	80400	9.65878e-05	0.000744733	0.999159	0 0.000841 68
rVSVOmicron	118	G	81600	0.000278275	0	0	0.999722 0.000278 23
rVSVOmicron	119	A	82874	0.999865	2.64316e-05	0	0.000108941 0.000135 11
rVSVOmicron	120	C	84272	1.29351e-05	9.50906e-05	0.999892	0 0.000108 9
rVSVOmicron	121	A	85951	0.999736	1.29466e-05	1.08471e-05	0.000240037 0.000264 23
rVSVOmicron	122	A	88247	0.999758	1.26916e-05	0	0.000229478 0.000242 21
rVSVOmicron	123	G	90183	3.68276e-05	5.2753e-05	1.22759e-05	0.999898 0.000102 9
rVSVOmicron	124	G	85479	3.87794e-05	0	1.29265e-05	0.999948 5.2e-05 4
rVSVOmicron	125	T	86135	0	0.999987	1.27873e-05	0 1.3e-05 1
rVSVOmicron	126	G	87048	6.82158e-05	0	1.26199e-05	0.999919 8.1e-05 7
rVSVOmicron	127	T	87660	1.28309e-05	0.999961	2.56618e-05	0 3.9e-05 3
rVSVOmicron	128	T	88317	2.49404e-05	0.999952	2.29182e-05	0 4.8e-05 4
rVSVOmicron	129	C	89301	2.46157e-05	6.98553e-05	0.999878	2.76095e-05 0.000122 11
rVSVOmicron	130	C	90170	1.58586e-05	0.000335673	0.999648	0 0.000352 32
rVSVOmicron	131	G	91360	9.66518e-05	0.000134202	0	0.999769 0.000231 21
rVSVOmicron	132	G	91537	0.00011087	2.40598e-05	1.4631e-05	0.99985 0.00015 14
rVSVOmicron	133	T	91517	0	0.997862	0.00213773	0 0.002138 196
rVSVOmicron	134	C	91897	2.66915e-05	9.32593e-05	0.999868	1.18986e-05 0.000132 12
rVSVOmicron	135	T	92642	0	0.999903	9.67675e-05	0 9.7e-05 9
rVSVOmicron	136	A	94031	0.999402	1.19148e-05	1.19148e-05	0.000574164 0.000598 56
rVSVOmicron	137	G	94685	0.00134792	2.65122e-05	1.19628e-05	0.998614 0.001386 131
rVSVOmicron	138	C	95559	3.44794e-05	0.000198179	0.999733	3.44794e-05 0.000267 26
rVSVOmicron	139	G	96529	0.000230169	2.28012e-05	1.14006e-05	0.999736 0.000264 25
rVSVOmicron	140	T	97239	0	0.998799	7.96354e-05	0.00112135 0.001201 117
rVSVOmicron	141	G	98291	0.000114448	1.1173e-05	0.001101	0.998773 0.001227 121
rVSVOmicron	142	C	98857	4.6941e-05	0.000122468	0.999808	2.22669e-05 0.000192 19
rVSVOmicron	143	T	99584	1.37927e-05	0.999836	0.000138827	1.10941e-05 0.000164 16
rVSVOmicron	144	C	100728	0	7.08443e-05	0.999929	0 7.1e-05 7
rVSVOmicron	145	C	101510	0.00103468	7.03268e-05	0.998884	1.08421e-05 0.001116 113
rVSVOmicron	146	A	101363	0.998802	0	0.00107004	0.000128417 0.001198 121
rVSVOmicron	147	C	101789	0	2.47567e-05	0.999975	0 2.5e-05 3
rVSVOmicron	148	T	102088	0	0.999908	8.13046e-05	1.08602e-05 9.2e-05 9
rVSVOmicron	149	C	102388	7.41639e-05	2.11897e-05	0.999905	0 9.5e-05 10
rVSVOmicron	150	T	102607	1.07666e-05	0.99982	0.000169355	0 0.00018 18
rVSVOmicron	151	A	103041	0.999968	0	0	3.23216e-05 3.2e-05 3
rVSVOmicron	152	C	103699	0	0.000122865	0.999877	0 0.000123 13
rVSVOmicron	153	A	103105	0.999254	4.26441e-05	2.13221e-05	0.000682018 0.000746 77
rVSVOmicron	154	C	103425	6.2902e-05	0.000146771	0.99979	0 0.00021 22
rVSVOmicron	155	A	104861	0.999476	0	6.5521e-05	0.000458931 0.000524 55
rVSVOmicron	156	G	105928	0.000203769	8.76484e-05	0	0.999709 0.000291 31
rVSVOmicron	157	G	108164	6.33812e-05	1.0152e-05	3.3474e-05	0.999893 0.000107 12
rVSVOmicron	158	A	109706	0.99986	0	4.98596e-05	8.97473e-05 0.00014 15
rVSVOmicron	159	C	111697	0	0.000200482	0.999424	0.000375704 0.000576 64
rVSVOmicron	160	C	103738	4.96359e-05	6.33286e-05	0.999876	1.05548e-05 0.000124 13
rVSVOmicron	161	T	104155	5.97392e-05	0.999364	0.000513021	6.28535e-05 0.000636 66
rVSVOmicron	162	G	105107	0.000156079	0	0	0.999844 0.000156 16
rVSVOmicron	163	T	105459	3.03014e-05	0.999592	4.69672e-05	0.000330285 0.000408 43
rVSVOmicron	164	T	105861	1.48015e-05	0.999451	0.000158547	0.000376015 0.000549 58
rVSVOmicron	165	C	107446	1.02706e-05	0.000228452	0.999761	0 0.000239 26
rVSVOmicron	166	C	105991	8.56627e-05	0.000129477	0.999785	0 0.000215 23
rVSVOmicron	167	T	106169	1.02625e-05	0.999718	0.000271541	0 0.000282 30
rVSVOmicron	168	C	106971	1.026e-05	0.00109671	0.99886	3.32755e-05 0.00114 122
rVSVOmicron	169	C	107306	4.18526e-05	9.41683e-05	0.999853	1.04631e-05 0.000147 16
rVSVOmicron	170	C	107590	0.000164955	0.000126011	0.999688	2.05846e-05 0.000312 34
rVSVOmicron	171	T	107848	0	0.999839	0.000140296	2.08054e-05 0.000161 17
rVSVOmicron	172	T	108063	1.09132e-05	0.999836	0.000109132	4.36527e-05 0.000164 18
rVSVOmicron	173	T	108349	0	0.999845	0.000134345	2.05829e-05 0.000155 17
rVSVOmicron	174	C	108353	0	0.000126163	0.999874	0 0.000126 14
rVSVOmicron	175	T	108553	0	0.999874	0.000125514	0 0.000126 14
rVSVOmicron	176	T	109151	1.00551e-05	0.999865	0.00012501	0 0.000135 15
rVSVOmicron	177	C	109548	4.81519e-05	0.000109412	0.999842	0 0.000158 17
rVSVOmicron	178	A	109069	0.999516	1.00512e-05	0.000102685	0.000371351 0.000484 53
rVSVOmicron	179	G	109799	0.000198815	1.98279e-05	0	0.999781 0.000219 24
rVSVOmicron	180	C	110699	9.82829e-06	8.84546e-05	0.999902	0 9.8e-05 11
rVSVOmicron	181	A	110362	0.999921	9.82533e-06	1.96507e-05	4.91267e-05 7.9e-05 9
rVSVOmicron	182	A	110640	0.999813	1.01074e-05	1.01074e-05	0.000166635 0.000187 21
rVSVOmicron	183	C	111481	2.1807e-05	7.77694e-05	0.999891	9.72118e-06 0.000109 12
rVSVOmicron	184	G	110852	0.000164582	9.85362e-06	0.000657263	0.999168 0.000832 92
rVSVOmicron	185	T	111358	9.85925e-06	0.999625	0.000364792	0 0.000375 42
rVSVOmicron	186	G	112220	6.83316e-05	2.90606e-05	2.90606e-05	0.999874 0.000126 14
rVSVOmicron	187	A	112355	0.999874	2.8842e-05	0	9.70139e-05 0.000126 14
rVSVOmicron	188	C	113250	9.57574e-06	6.52185e-05	0.999916	9.57574e-06 8.4e-05 10
rVSVOmicron	189	A	112440	0.999571	9.74285e-06	0	0.000419469 0.000429 48
rVSVOmicron	190	T	112878	0.00010153	0.999787	0.000111212	0 0.000213 24
rVSVOmicron	191	G	113404	0.000205348	4.10172e-05	0	0.999754 0.000246 28
rVSVOmicron	192	G	113484	0.000122122	2.16122e-05	0	0.999856 0.000144 16
rVSVOmicron	193	T	113652	1.23257e-05	0.999866	0.000111467	9.91414e-06 0.000134 15
rVSVOmicron	194	T	113646	2.19843e-05	0.999932	4.60377e-05	0 6.8e-05 8
rVSVOmicron	195	C	114142	0	8.20436e-05	0.999918	0 8.2e-05 9
rVSVOmicron	196	C	114462	1.89933e-05	0.00014476	0.999836	0 0.000164 19
rVSVOmicron	197	A	114198	0.999804	4.38e-05	0	0.000152527 0.000196 22
rVSVOmicron	198	C	114945	2.82302e-05	0.00015285	0.999779	3.99292e-05 0.000221 25
rVSVOmicron	199	G	115231	0.000410547	9.44666e-06	1.68508e-05	0.999563 0.000437 50
rVSVOmicron	200	T	115495	1.75233e-05	0.999886	9.0232e-05	6.53855e-06 0.000114 13
rVSVOmicron	201	G	116249	3.72815e-05	0	5.01285e-05	0.999913 8.7e-05 10
rVSVOmicron	202	A	116042	0.999942	9.32832e-06	9.32832e-06	3.95823e-05 5.8e-05 7
rVSVOmicron	203	T	116346	0	0.999918	8.18319e-05	0 8.2e-05 10
rVSVOmicron	204	C	115703	0	0.000103422	0.999878	1.86664e-05 0.000122 14
rVSVOmicron	205	T	116320	1.86807e-05	0.999914	6.76544e-05	0 8.6e-05 10
rVSVOmicron	206	C	116116	1.15453e-05	1.85729e-05	0.999961	9.28647e-06 3.9e-05 5
rVSVOmicron	207	T	116487	0	0.999779	0.000211604	9.30959e-06 0.000221 26
rVSVOmicron	208	G	117646	9.23789e-05	9.23789e-06	3.62025e-05	0.999862 0.000138 16
rVSVOmicron	209	G	117901	0.00102762	9.22864e-06	0	0.998963 0.001037 122
rVSVOmicron	210	C	118431	2.04696e-05	0.000195818	0.999784	0 0.000216 26
rVSVOmicron	211	A	118385	0.999815	0.000137016	0	4.78938e-05 0.000185 22
rVSVOmicron	212	C	119223	0	2.71076e-05	0.999964	9.03587e-06 3.6e-05 4
rVSVOmicron	213	A	118968	0.999953	0	0	4.65595e-05 4.7e-05 6
rVSVOmicron	214	A	119225	0.999963	0	0	3.69946e-05 3.7e-05 4
rVSVOmicron	215	A	119458	0.999923	0	1.9205e-05	5.76149e-05 7.7e-05 9
rVSVOmicron	216	C	120256	3.58229e-05	0.00024011	0.999724	0 0.000276 33
rVSVOmicron	217	G	120557	0.000213331	2.94588e-05	9.08312e-06	0.999748 0.000252 30
rVSVOmicron	218	G	120681	0.000468151	0	2.7065e-05	0.999505 0.000495 60
rVSVOmicron	219	C	120870	2.00358e-05	0.000238499	0.999741	0 0.000259 31
rVSVOmicron	220	A	120693	0.999833	4.71373e-05	2.69703e-05	9.25738e-05 0.000167 20
rVSVOmicron	221	C	121564	0	0.000121716	0.999869	8.86517e-06 0.000131 16
rVSVOmicron	222	A	121419	0.999818	1.80626e-05	9.03132e-06	0.000154753 0.000182 22
rVSVOmicron	223	A	121509	0.999918	1.82827e-05	1.82827e-05	4.57068e-05 8.2e-05 10
rVSVOmicron	224	A	121132	0.999768	3.66623e-05	2.74968e-05	0.000168201 0.000232 28
rVSVOmicron	225	G	121542	0.000159737	3.86421e-05	0	0.999802 0.000198 24
rVSVOmicron	226	C	122305	0	0.000378825	0.999612	8.83765e-06 0.000388 47
rVSVOmicron	227	G	122875	0.000241222	5.95284e-05	0	0.999699 0.000301 37
rVSVOmicron	228	G	123130	3.57699e-05	8.82323e-06	0	0.999955 4.5e-05 6
rVSVOmicron	229	T	122958	0	0.999882	9.83538e-05	1.99593e-05 0.000118 15
rVSVOmicron	230	T	122629	1.61121e-05	0.999893	8.20035e-05	8.89774e-06 0.000107 13
rVSVOmicron	231	C	123219	8.69082e-06	0.000211163	0.999771	8.69082e-06 0.000229 28
rVSVOmicron	232	G	123403	0.000157878	0.000628905	1.7542e-05	0.999196 0.000804 99
rVSVOmicron	233	A	122823	0.999895	0	8.71199e-06	9.58319e-05 0.000105 13
rVSVOmicron	234	C	123396	0	6.92812e-05	0.999922	8.66015e-06 7.8e-05 10
rVSVOmicron	235	A	123255	0.999522	0	1.07726e-05	0.000467532 0.000478 59
rVSVOmicron	236	A	122825	0.999964	0	1.78423e-05	1.78423e-05 3.6e-05 4
rVSVOmicron	237	C	122903	0	7.05243e-05	0.999929	0 7.1e-05 9
rVSVOmicron	238	C	124279	0	0.000130885	0.999869	0 0.000131 16
rVSVOmicron	239	C	124362	1.75437e-05	0.000157419	0.999825	0 0.000175 22
rVSVOmicron	240	C	124714	0.000224846	7.85548e-05	0.999694	3.05752e-06 0.000306 38
rVSVOmicron	241	G	125184	0.000210326	2.02191e-05	0	0.999769 0.000231 29
rVSVOmicron	242	T	125265	1.75297e-05	0.999881	0.000101625	0 0.000119 15
rVSVOmicron	243	G	125936	0.000451895	1.70266e-05	2.00178e-05	0.999511 0.000489 62
rVSVOmicron	244	C	125703	1.70536e-05	0.000117762	0.999854	1.15227e-05 0.000146 18
rVSVOmicron	245	T	126048	1.99104e-05	0.998937	0.00104289	0 0.001063 134
rVSVOmicron	246	C	126877	1.85522e-05	7.83316e-05	0.999903	0 9.7e-05 12
rVSVOmicron	247	C	127605	8.51699e-06	7.71132e-05	0.999914	0 8.6e-05 11
rVSVOmicron	248	C	126957	8.5297e-05	5.3253e-05	0.999861	0 0.000139 18
rVSVOmicron	249	T	126938	3.43036e-05	0.999672	0.000267939	2.57277e-05 0.000328 42
rVSVOmicron	250	T	127334	1.73894e-05	0.999365	0.000591474	2.60841e-05 0.000635 81
rVSVOmicron	251	T	127399	8.58219e-06	0.999906	8.58219e-05	0 9.4e-05 12
rVSVOmicron	252	C	127854	2.51288e-05	0.000135152	0.999831	8.37625e-06 0.000169 22
rVSVOmicron	253	A	127534	0.999434	0.00018751	4.65905e-05	0.000332101 0.000566 72
rVSVOmicron	254	A	127881	0.999751	0.000205863	0	4.27438e-05 0.000249 32
rVSVOmicron	255	C	128763	8.26875e-06	0.000497913	0.999494	0 0.000506 65
rVSVOmicron	256	G	129240	0.000488099	8.37646e-06	0	0.999504 0.000496 64
rVSVOmicron	257	A	128581	0.99987	8.78183e-05	0	4.18721e-05 0.00013 17
rVSVOmicron	258	C	129548	8.21671e-06	0.000183211	0.999809	0 0.000191 25
rVSVOmicron	259	G	129898	0.000254139	8.33613e-06	0	0.999738 0.000262 34
rVSVOmicron	260	G	130136	0.000142511	1.65295e-05	9.09123e-05	0.99975 0.00025 33
rVSVOmicron	261	C	130425	1.63645e-05	0.000383017	0.999592	8.18223e-06 0.000408 53
rVSVOmicron	262	G	130669	0.000381877	6.55279e-05	1.6382e-05	0.999536 0.000464 61
rVSVOmicron	263	T	130794	8.39033e-06	0.999892	9.97769e-05	0 0.000108 14
rVSVOmicron	264	G	131393	9.9727e-05	2.44364e-05	0	0.999876 0.000124 16
rVSVOmicron	265	T	131459	0	0.999681	0.000146722	0.000172277 0.000319 42
rVSVOmicron	266	A	131224	0.999884	1.67568e-05	4.03068e-05	5.86487e-05 0.000116 15
rVSVOmicron	267	C	131735	8.19544e-06	8.39479e-05	0.999908	0 9.2e-05 12
rVSVOmicron	268	T	131531	3.39592e-05	0.999849	0.000108302	8.48981e-06 0.000151 20
rVSVOmicron	269	T	131261	2.45351e-05	0.999909	6.64679e-05	0 9.1e-05 12
rVSVOmicron	270	C	131923	8.06811e-06	0.000300264	0.999684	8.06811e-06 0.000316 42
rVSVOmicron	271	G	132397	0.000264432	8.13974e-06	1.62795e-05	0.999711 0.000289 38
rVSVOmicron	272	C	132770	3.23002e-05	0.000175687	0.999792	0 0.000208 28
rVSVOmicron	273	C	133358	8.04478e-06	8.84926e-05	0.999895	8.04478e-06 0.000105 14
rVSVOmicron	274	A	132721	0.99974	8.19016e-06	1.63803e-05	0.000235301 0.00026 35
rVSVOmicron	275	G	133555	0.000290073	1.44928e-05	8.00351e-06	0.999687 0.000313 42
rVSVOmicron	276	C	134528	3.18968e-05	0.000148924	0.999819	0 0.000181 24
rVSVOmicron	277	A	134268	0.999936	0	8.03469e-06	5.62428e-05 6.4e-05 9
rVSVOmicron	278	T	134906	0	0.988987	0.0110127	0 0.011013 1486
rVSVOmicron	279	A	133903	0.98865	1.63641e-05	0.0112251	0.000108357 0.01135 1520
rVSVOmicron	280	G	134959	0.000136905	8.18335e-06	8.18335e-06	0.999847 0.000153 21
rVSVOmicron	281	A	134627	0.999912	2.41054e-05	8.03513e-06	5.62459e-05 8.8e-05 12
rVSVOmicron	282	G	135593	0.000196353	1.27446e-05	7.99237e-06	0.999783 0.000217 29
rVSVOmicron	283	A	136425	0.999905	1.22608e-05	8.10087e-06	7.48783e-05 9.5e-05 13
rVSVOmicron	284	A	135654	0.999814	4.23886e-05	3.33697e-05	0.000110481 0.000186 25
rVSVOmicron	285	G	136564	0.00011918	0.00035432	7.94535e-06	0.999519 0.000481 66
rVSVOmicron	286	T	137146	8.04836e-06	0.999945	3.21935e-05	1.47916e-05 5.5e-05 8
rVSVOmicron	287	C	137085	1.58507e-05	7.7754e-05	0.999898	7.92534e-06 0.000102 14
rVSVOmicron	288	T	137274	0	0.999825	0.000143292	3.17949e-05 0.000175 24
rVSVOmicron	289	A	137703	0.999816	0	5.96693e-05	0.000124044 0.000184 25
rVSVOmicron	290	A	138498	0.999767	3.1801e-05	4.16851e-05	0.000159005 0.000233 32
rVSVOmicron	291	C	139520	7.77336e-06	5.44135e-05	0.999938	0 6.2e-05 9
rVSVOmicron	292	A	136882	0.999929	0	2.3698e-05	4.73961e-05 7.1e-05 10
rVSVOmicron	293	T	137426	1.62567e-05	0.999935	3.25135e-05	1.62567e-05 6.5e-05 9
rVSVOmicron	294	T	137715	0	0.999984	1.59492e-05	0 1.6e-05 2
rVSVOmicron	295	A	137818	0.999831	8.00733e-06	8.00733e-06	0.000153005 0.000169 23
rVSVOmicron	296	T	138213	3.79109e-05	0.999895	6.72544e-05	0 0.000105 15
rVSVOmicron	297	C	138554	2.34152e-05	0.000124881	0.999852	0 0.000148 21
rVSVOmicron	298	C	138881	2.34697e-05	9.38787e-05	0.999883	0 0.000117 16
rVSVOmicron	299	G	139569	0.000118343	7.83308e-06	0.00010183	0.999772 0.000228 32
rVSVOmicron	300	G	139884	6.27389e-05	0	0	0.999937 6.3e-05 9
rVSVOmicron	301	G	139652	5.49062e-05	3.77348e-05	0	0.999907 9.3e-05 13
rVSVOmicron	302	G	139679	8.5518e-05	1.55487e-05	1.55487e-05	0.999883 0.000117 16
rVSVOmicron	303	C	139550	2.36198e-05	0.000200662	0.999711	6.49012e-05 0.000289 40
rVSVOmicron	304	T	140009	7.77739e-06	0.99973	0.000254762	7.14679e-06 0.00027 38
rVSVOmicron	305	G	141588	0.000128085	0	0	0.999872 0.000128 18
rVSVOmicron	306	G	141843	0.000124046	7.63675e-06	0	0.999868 0.000132 19
rVSVOmicron	307	A	141673	0.999923	1.52285e-05	2.22254e-05	3.99235e-05 7.7e-05 11
rVSVOmicron	308	T	142179	0	0.999721	0.000271663	7.7738e-06 0.000279 40
rVSVOmicron	309	T	142474	1.55096e-05	0.999907	7.75479e-05	0 9.3e-05 13
rVSVOmicron	310	T	142960	7.66466e-06	0.999917	6.75318e-05	7.66466e-06 8.3e-05 12
rVSVOmicron	311	T	142603	0	0.999314	0.000671058	1.52093e-05 0.000686 98
rVSVOmicron	312	C	142833	1.49449e-05	0.000158739	0.999813	1.35312e-05 0.000187 27
rVSVOmicron	313	G	143081	0.000109845	1.51936e-05	2.13531e-05	0.999854 0.000146 21
rVSVOmicron	314	G	143209	0.000166614	7.53635e-06	1.50727e-05	0.999811 0.000189 27
rVSVOmicron	315	C	143467	2.98446e-05	0.000117765	0.999845	7.46115e-06 0.000155 22
rVSVOmicron	316	A	143107	0.999842	6.88813e-05	1.49041e-05	7.45207e-05 0.000158 23
rVSVOmicron	317	C	143959	0	8.16114e-05	0.999918	0 8.2e-05 12
rVSVOmicron	318	C	144236	2.23635e-05	5.9636e-05	0.999903	1.4909e-05 9.7e-05 14
rVSVOmicron	319	A	143922	0.999904	1.47136e-05	4.41409e-05	3.67841e-05 9.6e-05 14
rVSVOmicron	320	C	144842	3.11907e-05	3.67534e-05	0.999871	6.05934e-05 0.000129 19
rVSVOmicron	321	A	144490	0.999856	0	6.15702e-05	8.21609e-05 0.000144 21
rVSVOmicron	322	C	145034	0	6.01917e-05	0.999934	5.93997e-06 6.6e-05 10
rVSVOmicron	323	T	144830	0.0011183	0.998812	6.39497e-05	6.10984e-06 0.001188 172
rVSVOmicron	324	C	145809	2.06827e-05	0.00135856	0.998621	0 0.001379 201
rVSVOmicron	325	G	145757	0.000132804	7.378e-06	2.2134e-05	0.999838 0.000162 24
rVSVOmicron	326	A	145141	0.999844	7.33662e-06	7.33662e-06	0.00014118 0.000156 23
rVSVOmicron	327	C	145757	0	0.000110608	0.999882	6.97527e-06 0.000118 17
rVSVOmicron	328	T	145011	7.4207e-06	0.999941	4.45242e-05	7.4207e-06 5.9e-05 9
rVSVOmicron	329	C	144706	7.34007e-06	0.000376129	0.999617	0 0.000383 55
rVSVOmicron	330	T	145022	7.44104e-06	0.99987	0.000116241	6.23438e-06 0.00013 19
rVSVOmicron	331	A	145688	0.999899	7.49517e-06	7.49517e-06	8.60932e-05 0.000101 15
rVSVOmicron	332	A	144546	0.999834	2.09009e-05	1.44699e-05	0.000130832 0.000166 24
rVSVOmicron	333	G	145542	0.000120353	0	6.09897e-06	0.999874 0.000126 18
rVSVOmicron	334	A	146479	0.999937	1.33026e-05	1.33026e-05	3.67312e-05 6.3e-05 9
rVSVOmicron	335	C	147317	1.44555e-05	0.000209605	0.999776	0 0.000224 33
rVSVOmicron	336	A	146519	0.999946	7.39953e-06	7.39953e-06	3.87975e-05 5.4e-05 8
rVSVOmicron	337	C	147360	4.61222e-05	0.000122603	0.999831	0 0.000169 25
rVSVOmicron	338	A	146447	0.999168	0.000335599	7.98762e-05	0.000416667 0.000832 122
rVSVOmicron	339	G	147530	6.84186e-05	1.4804e-05	1.4804e-05	0.999902 9.8e-05 14
rVSVOmicron	340	T	147875	3.64465e-05	0.99951	9.6534e-05	0.000356585 0.00049 72
rVSVOmicron	341	C	148625	0.000601895	1.44658e-05	0.999376	7.23291e-06 0.000624 93
rVSVOmicron	342	C	148998	3.63846e-05	0.000132416	0.999809	2.20693e-05 0.000191 28
rVSVOmicron	343	C	148333	9.34133e-05	9.41966e-05	0.999472	0.000340165 0.000528 78
rVSVOmicron	344	T	148366	0.000386299	0.999382	0.000224233	7.23333e-06 0.000618 92
rVSVOmicron	345	C	149892	7.14232e-06	6.42809e-05	0.999921	7.14232e-06 7.9e-05 12
rVSVOmicron	346	C	148209	1.44134e-05	7.20669e-05	0.999899	1.44134e-05 0.000101 15
rVSVOmicron	347	T	148202	7.27066e-06	0.999786	0.000184518	2.1812e-05 0.000214 32
rVSVOmicron	348	G	148386	3.77854e-05	2.16195e-05	7.20649e-06	0.999933 6.7e-05 10
rVSVOmicron	349	A	146853	0.999964	0	7.24723e-06	2.89889e-05 3.6e-05 5
rVSVOmicron	350	T	147493	1.50369e-05	0.999961	2.39777e-05	0 3.9e-05 6
rVSVOmicron	351	T	147674	7.27101e-06	0.999836	0.000156818	0 0.000164 24
rVSVOmicron	352	G	147047	8.00873e-05	7.28067e-06	0	0.999913 8.7e-05 13
rVSVOmicron	353	T	147232	0.000158824	0.999709	0.000124483	7.21926e-06 0.000291 43
rVSVOmicron	354	G	148348	5.1853e-05	7.18563e-06	1.43713e-05	0.999927 7.3e-05 11
rVSVOmicron	355	A	148521	0.999947	2.18852e-05	0	3.07576e-05 5.3e-05 8
rVSVOmicron	356	A	149042	0.999847	0	2.88397e-05	0.000124322 0.000153 23
rVSVOmicron	357	C	149983	7.09549e-06	4.96684e-05	0.999929	1.4191e-05 7.1e-05 11
rVSVOmicron	358	A	149228	0.999813	0	2.87325e-05	0.000158029 0.000187 28
rVSVOmicron	359	A	149350	0.999903	0	2.16654e-05	7.57312e-05 9.7e-05 14
rVSVOmicron	360	C	149749	2.84061e-05	0.000127827	0.99983	1.4203e-05 0.00017 25
rVSVOmicron	361	G	149676	0.000448772	7.20059e-06	1.44012e-05	0.99953 0.00047 70
rVSVOmicron	362	C	149415	7.14192e-06	0.000107129	0.999886	0 0.000114 17
rVSVOmicron	363	C	149248	7.10939e-06	3.01669e-05	0.999934	2.84376e-05 6.6e-05 10
rVSVOmicron	364	A	148636	0.999957	1.44099e-05	0	2.88198e-05 4.3e-05 6
rVSVOmicron	365	C	149604	2.47887e-06	0.000149876	0.999848	0 0.000152 23
rVSVOmicron	366	A	149537	0.999896	0	3.8616e-05	6.49451e-05 0.000104 16
rVSVOmicron	367	A	149846	0.999891	7.4351e-06	6.20931e-05	3.8984e-05 0.000109 16
rVSVOmicron	368	A	149088	0.999797	2.30012e-05	8.62027e-05	9.36625e-05 0.000203 30
rVSVOmicron	369	C	150090	2.14977e-05	0.000360038	0.999587	3.11813e-05 0.000413 62
rVSVOmicron	370	G	148366	7.60125e-05	7.24862e-06	0	0.999917 8.3e-05 12
rVSVOmicron	371	T	147956	7.82323e-06	0.999904	5.66656e-05	3.12929e-05 9.6e-05 14
rVSVOmicron	372	G	148165	0.000168126	5.06331e-05	7.23331e-06	0.999774 0.000226 33
rVSVOmicron	373	G	147826	6.50249e-05	7.22499e-06	7.22499e-06	0.999921 7.9e-05 12
rVSVOmicron	374	T	147964	0.000736479	0.999219	1.47815e-05	2.9563e-05 0.000781 116
rVSVOmicron	375	G	149181	4.27864e-05	4.99174e-05	0.000710601	0.999197 0.000803 120
rVSVOmicron	376	A	149995	0.999929	2.14122e-05	7.13741e-06	4.28245e-05 7.1e-05 11
rVSVOmicron	377	T	151046	1.46251e-05	0.999934	2.92501e-05	2.19376e-05 6.6e-05 10
rVSVOmicron	378	T	151667	2.81373e-05	0.999924	4.79095e-05	0 7.6e-05 12
rVSVOmicron	379	A	152885	0.999671	4.51313e-05	7.01621e-06	0.000277046 0.000329 50
rVSVOmicron	380	A	153355	0.999644	3.96727e-05	4.17409e-05	0.0002747 0.000356 55
rVSVOmicron	381	G	154681	0.000180868	4.34761e-05	0	0.999776 0.000224 35
rVSVOmicron	382	G	151579	0.0001743	0	0	0.999826 0.000174 26
rVSVOmicron	383	T	151637	7.02855e-06	0.999965	2.81142e-05	0 3.5e-05 5
rVSVOmicron	384	G	151706	0.000115654	2.10452e-05	1.38405e-05	0.999849 0.000151 23
rVSVOmicron	385	T	151862	7.00975e-06	0.99993	4.90683e-05	1.40195e-05 7e-05 11
rVSVOmicron	386	G	152796	6.26515e-05	2.25771e-05	2.06957e-05	0.999894 0.000106 16
rVSVOmicron	387	C	153716	8.49255e-05	0.000561108	0.999347	6.93652e-06 0.000653 100
rVSVOmicron	388	G	154765	0.00278649	3.60506e-05	6.87562e-06	0.997171 0.002829 438
rVSVOmicron	389	A	153947	0.999909	6.84636e-06	0	8.38217e-05 9.1e-05 14
rVSVOmicron	390	G	155119	9.21721e-05	6.8344e-06	1.42229e-05	0.999887 0.000113 18
rVSVOmicron	391	T	155700	3.9563e-05	0.999794	0.000159199	7.00398e-06 0.000206 32
rVSVOmicron	392	T	155951	8.82901e-06	0.999908	8.33238e-05	0 9.2e-05 14
rVSVOmicron	393	C	156729	1.37209e-05	0.000140546	0.999846	0 0.000154 24
rVSVOmicron	394	C	157173	2.50003e-05	9.68761e-05	0.999865	1.36031e-05 0.000135 21
rVSVOmicron	395	A	156390	0.999685	2.6889e-05	6.76799e-06	0.000281512 0.000315 49
rVSVOmicron	396	G	157554	8.11941e-05	2.02985e-05	1.35323e-05	0.999885 0.000115 18
rVSVOmicron	397	T	158172	1.39599e-05	0.999966	6.97997e-06	1.26394e-05 3.4e-05 5
rVSVOmicron	398	T	158649	1.35499e-05	0.999946	4.06496e-05	0 5.4e-05 9
rVSVOmicron	399	C	158710	1.34551e-05	8.23673e-05	0.999897	6.72757e-06 0.000103 16
rVSVOmicron	400	T	158623	2.00887e-05	0.999784	0.000195819	0 0.000216 34
rVSVOmicron	401	G	160236	0.000218995	1.99413e-05	0	0.999761 0.000239 38
rVSVOmicron	402	C	160733	6.60703e-06	0.000127141	0.99986	6.60703e-06 0.00014 23
rVSVOmicron	403	A	160148	0.999829	0	6.63407e-06	0.000164059 0.000171 27
rVSVOmicron	404	A	160604	0.999833	1.33575e-05	0.000113539	4.00724e-05 0.000167 27
rVSVOmicron	405	C	161247	2.62491e-05	0.000296899	0.999664	1.31246e-05 0.000336 54
rVSVOmicron	406	G	162249	0.000239228	2.97034e-05	2.66797e-05	0.999704 0.000296 48
rVSVOmicron	407	A	161861	0.999876	2.51389e-05	0	9.89509e-05 0.000124 20
rVSVOmicron	408	C	162987	1.31917e-05	6.09672e-05	0.999679	0.000247256 0.000321 52
rVSVOmicron	409	C	164703	2.12895e-05	3.97165e-05	0.999911	2.80878e-05 8.9e-05 15
rVSVOmicron	410	C	164500	0.000163575	7.8693e-05	0.999751	6.54301e-06 0.000249 41
rVSVOmicron	411	T	164579	2.01034e-05	0.999718	0.000169158	9.25481e-05 0.000282 46
rVSVOmicron	412	T	165668	6.8334e-06	0.999845	9.51135e-05	5.3005e-05 0.000155 26
rVSVOmicron	413	T	166083	6.46767e-06	0.999956	3.23383e-05	5.24405e-06 4.4e-05 7
rVSVOmicron	414	C	167942	1.27955e-05	7.83292e-05	0.999902	6.39775e-06 9.8e-05 16
rVSVOmicron	415	C	167420	2.55242e-05	0.000114859	0.999853	6.38105e-06 0.000147 25
rVSVOmicron	416	T	167380	1.93782e-05	0.999574	0.000295212	0.000111381 0.000426 71
rVSVOmicron	417	G	169335	7.16001e-05	2.685e-05	0	0.999902 9.8e-05 17
rVSVOmicron	418	G	169849	3.78284e-05	1.26095e-05	2.02774e-05	0.999929 7.1e-05 12
rVSVOmicron	419	A	169105	0.999944	0	0	5.59367e-05 5.6e-05 9
rVSVOmicron	420	T	169703	0	0.99995	3.7571e-05	1.25237e-05 5e-05 8
rVSVOmicron	421	C	174616	2.42773e-05	5.0031e-05	0.999907	1.8208e-05 9.3e-05 16
rVSVOmicron	422	A	174342	0.99976	0.000141659	6.17822e-05	3.61891e-05 0.00024 42
rVSVOmicron	423	C	175550	1.80616e-05	5.61374e-05	0.99992	6.02053e-06 8e-05 14
rVSVOmicron	424	A	175266	0.999741	6.12934e-06	1.22587e-05	0.000240535 0.000259 45
rVSVOmicron	425	A	174359	0.999897	6.13676e-06	2.37178e-05	7.36411e-05 0.000103 18
rVSVOmicron	426	G	174461	9.78594e-05	4.56677e-05	1.30479e-05	0.999843 0.000157 27
rVSVOmicron	427	A	175649	0.999944	2.47488e-05	0	3.09361e-05 5.6e-05 10
rVSVOmicron	428	A	176048	0.999903	6.07965e-06	6.07965e-05	3.0234e-05 9.7e-05 17
rVSVOmicron	429	C	176820	1.79888e-05	4.19738e-05	0.99994	0 6e-05 11
rVSVOmicron	430	A	176465	0.999864	1.20927e-05	1.20927e-05	0.000111613 0.000136 24
rVSVOmicron	431	A	176868	0.999919	1.82492e-05	1.21661e-05	5.01442e-05 8.1e-05 14
rVSVOmicron	432	C	177976	5.35056e-05	2.91702e-05	0.999917	0 8.3e-05 15
rVSVOmicron	433	A	177748	0.999818	0	6.12462e-06	0.00017629 0.000182 32
rVSVOmicron	434	A	177220	0.9999	0	2.37183e-05	7.62012e-05 0.0001 18
rVSVOmicron	435	G	178552	8.75831e-05	0	6.25594e-06	0.999906 9.4e-05 17
rVSVOmicron	436	T	179097	1.23032e-05	0.999945	4.30613e-05	0 5.5e-05 10
rVSVOmicron	437	C	178754	4.24381e-05	6.66885e-05	0.999891	0 0.000109 19
rVSVOmicron	438	T	178533	5.69101e-05	0.999895	3.69416e-05	1.09826e-05 0.000105 19
rVSVOmicron	439	T	180030	0	0.999204	0.000788973	7.43857e-06 0.000796 143
rVSVOmicron	440	G	180809	0.000100978	1.18798e-05	5.93991e-06	0.999881 0.000119 22
rVSVOmicron	441	G	181188	6.0471e-05	2.3614e-05	0	0.999916 8.4e-05 15
rVSVOmicron	442	A	180881	0.999811	1.17647e-05	4.76946e-06	0.000172019 0.000189 34
rVSVOmicron	443	T	181392	4.78215e-06	0.999989	5.89799e-06	0 1.1e-05 2
rVSVOmicron	444	G	182373	0.000548796	2.24291e-05	5.88564e-06	0.999423 0.000577 105
rVSVOmicron	445	G	182625	0.000103321	1.17266e-05	5.86331e-06	0.999879 0.000121 22
rVSVOmicron	446	A	181715	0.999864	2.31917e-05	0	0.000112824 0.000136 25
rVSVOmicron	447	G	182881	5.21206e-05	4.19469e-05	0	0.999906 9.4e-05 17
rVSVOmicron	448	T	183276	1.75121e-05	0.999942	4.08616e-05	0 5.8e-05 11
rVSVOmicron	449	C	182145	5.8235e-06	0.000101832	0.999892	0 0.000108 20
rVSVOmicron	450	T	182057	5.80246e-06	0.999675	0.000300003	1.88188e-05 0.000325 59
rVSVOmicron	451	G	183970	3.45787e-05	2.30524e-05	7.16495e-06	0.999935 6.5e-05 12
rVSVOmicron	452	A	182964	0.999653	7.75112e-05	1.75587e-05	0.000251832 0.000347 63
rVSVOmicron	453	G	183502	2.88502e-05	1.15401e-05	0	0.99996 4e-05 7
rVSVOmicron	454	T	184140	2.25498e-05	0.999911	4.84344e-05	1.76269e-05 8.9e-05 16
rVSVOmicron	455	T	184482	1.74361e-05	0.999959	2.32481e-05	0 4.1e-05 8
rVSVOmicron	456	C	185098	1.14565e-05	9.87739e-05	0.999878	1.14565e-05 0.000122 23
rVSVOmicron	457	A	183643	0.999738	0	1.12911e-05	0.000250756 0.000262 48
rVSVOmicron	458	G	185252	0.000176525	2.89513e-05	1.15805e-05	0.999783 0.000217 40
rVSVOmicron	459	A	185730	0.998121	3.47515e-05	0.00172677	0.000117247 0.001879 349
rVSVOmicron	460	G	186382	5.70275e-06	0	1.14055e-05	0.999983 1.7e-05 3
rVSVOmicron	461	T	187216	0	0.99996	3.41074e-05	5.68456e-06 4e-05 7
rVSVOmicron	462	G	188067	8.46506e-05	1.69301e-05	7.01609e-06	0.999891 0.000109 20
rVSVOmicron	463	T	187574	2.25915e-05	0.99959	0.000387719	0 0.00041 77
rVSVOmicron	464	A	187502	0.999583	5.66554e-06	0	0.000411747 0.000417 78
rVSVOmicron	465	C	187811	0.000362426	6.29566e-05	0.999563	1.14466e-05 0.000437 82
rVSVOmicron	466	T	185663	2.31094e-05	0.999556	0.000409567	1.15547e-05 0.000444 82
rVSVOmicron	467	C	185444	0.000103992	3.55884e-05	0.999849	1.14006e-05 0.000151 28
rVSVOmicron	468	T	185328	5.80916e-06	0.999861	0.000133611	0 0.000139 26
rVSVOmicron	469	A	186134	0.999828	1.16438e-05	2.32875e-05	0.000136735 0.000172 32
rVSVOmicron	470	G	186937	2.98306e-05	1.33834e-05	5.96612e-06	0.999951 4.9e-05 9
rVSVOmicron	471	C	187631	5.67274e-06	0.000275664	0.999707	1.13455e-05 0.000293 55
rVSVOmicron	472	G	188083	0.000411683	2.83339e-05	1.13335e-05	0.999549 0.000451 85
rVSVOmicron	473	C	188449	5.67626e-06	7.65528e-05	0.999918	0 8.2e-05 15
rVSVOmicron	474	C	189077	1.12093e-05	8.96744e-05	0.999893	5.60465e-06 0.000107 20
rVSVOmicron	475	A	188516	0.999708	6.26962e-05	2.84983e-05	0.000200874 0.000292 55
rVSVOmicron	476	A	188825	0.999882	1.12723e-05	5.63613e-06	0.00010145 0.000118 22
rVSVOmicron	477	C	189920	2.22619e-05	5.70086e-05	0.999915	5.56548e-06 8.5e-05 16
rVSVOmicron	478	A	189740	0.999961	5.62002e-06	1.67082e-05	1.686e-05 3.9e-05 7
rVSVOmicron	479	A	189827	0.999886	0	0	0.000113721 0.000114 22
rVSVOmicron	480	C	189268	1.12028e-05	8.34154e-05	0.999905	0 9.5e-05 18
rVSVOmicron	481	T	189931	1.90965e-05	0.999633	0.00029615	5.12834e-05 0.000367 70
rVSVOmicron	482	G	192313	0.000514221	1.11525e-05	5.57625e-06	0.999469 0.000531 102
rVSVOmicron	483	C	194485	2.37344e-05	0.000143881	0.999832	0 0.000168 33
rVSVOmicron	484	A	196237	0.99989	1.90524e-06	4.88035e-05	5.96487e-05 0.00011 22
rVSVOmicron	485	C	198961	5.3543e-06	5.00699e-05	0.999937	7.38025e-06 6.3e-05 13
rVSVOmicron	486	C	188538	5.65982e-06	0.000166888	0.999822	5.65982e-06 0.000178 34
rVSVOmicron	487	T	188686	7.07089e-05	0.999789	9.45907e-05	4.62027e-05 0.000211 40
rVSVOmicron	488	T	189612	1.69731e-05	0.999854	0.00012921	0 0.000146 28
rVSVOmicron	489	C	190332	2.36198e-05	3.89652e-05	0.999932	5.56646e-06 6.8e-05 13
rVSVOmicron	490	G	191087	0.000425152	0.000152131	1.25267e-05	0.99941 0.00059 113
rVSVOmicron	491	A	190576	0.999932	2.75637e-05	1.1146e-05	2.92205e-05 6.8e-05 13
rVSVOmicron	492	G	191725	7.95106e-05	0.000181954	0	0.999739 0.000261 50
rVSVOmicron	493	T	191580	7.21157e-05	0.999788	1.68523e-05	0.000123128 0.000212 41
rVSVOmicron	494	A	191250	0.999769	1.65632e-05	0.000120568	9.3858e-05 0.000231 44
rVSVOmicron	495	C	191883	5.53447e-06	0.000199241	0.99967	0.000125049 0.00033 63
rVSVOmicron	496	G	191699	0.000213229	3.90292e-05	0	0.999748 0.000252 48
rVSVOmicron	497	T	192075	2.80043e-05	0.99986	0.00011232	0 0.00014 27
rVSVOmicron	498	G	192629	6.64691e-05	1.65428e-05	0	0.999917 8.3e-05 16
rVSVOmicron	499	T	192922	8.24065e-05	0.999824	7.1419e-05	2.19751e-05 0.000176 34
rVSVOmicron	500	C	193647	1.65175e-05	4.40468e-05	0.999939	0 6.1e-05 12
rVSVOmicron	501	C	194607	4.45324e-05	0.00072997	0.99922	5.56655e-06 0.00078 152
rVSVOmicron	502	C	195498	7.07727e-05	0.00025896	0.999659	1.08881e-05 0.000341 67
rVSVOmicron	503	A	194557	0.999727	2.73175e-05	5.4635e-06	0.000240098 0.000273 53
rVSVOmicron	504	G	195906	0.000148261	0.000751695	5.49116e-06	0.999095 0.000905 177
rVSVOmicron	505	C	196937	2.99199e-05	0.000409547	0.999555	5.48038e-06 0.000445 88
rVSVOmicron	506	C	192389	7.30875e-05	4.96873e-05	0.999877	0 0.000123 24
rVSVOmicron	507	T	192703	2.43435e-05	0.999717	0.000162031	9.69088e-05 0.000283 55
rVSVOmicron	508	T	193805	6.10154e-06	0.99976	0.000205309	2.83639e-05 0.00024 47
rVSVOmicron	509	T	193826	1.66088e-05	0.999928	5.49139e-05	0 7.2e-05 14
rVSVOmicron	510	C	195352	5.49658e-06	8.79453e-05	0.999894	1.23302e-05 0.000106 21
rVSVOmicron	511	C	192049	1.12286e-05	0.000537304	0.999451	0 0.000549 105
rVSVOmicron	512	T	192223	0	0.999753	0.00024124	5.6032e-06 0.000247 47
rVSVOmicron	513	C	193980	1.63744e-05	1.22439e-05	0.99996	1.09163e-05 4e-05 8
rVSVOmicron	514	A	194330	0.999706	1.14629e-05	8.9844e-05	0.00019239 0.000294 57
rVSVOmicron	515	T	196009	1.10546e-05	0.999835	0.000143261	1.10546e-05 0.000165 32
rVSVOmicron	516	G	198423	0.000170896	0.00041317	2.82851e-05	0.999388 0.000612 121
rVSVOmicron	517	G	202015	9.94011e-05	1.59214e-05	0	0.999885 0.000115 23
rVSVOmicron	518	A	205226	0.999895	0	1.03636e-05	9.48126e-05 0.000105 22
rVSVOmicron	519	C	208735	0	0.000116573	0.999878	5.17172e-06 0.000122 25
rVSVOmicron	520	C	178327	0.000193683	0.000126145	0.99968	0 0.00032 57
rVSVOmicron	521	T	178869	1.79499e-05	0.999642	0.000330538	9.37925e-06 0.000358 64
rVSVOmicron	522	G	180235	6.52419e-05	2.96554e-05	2.5167e-05	0.99988 0.00012 22
rVSVOmicron	523	G	180723	2.82764e-05	3.09922e-05	3.45068e-05	0.999906 9.4e-05 17
rVSVOmicron	524	A	180181	0.999496	5.37227e-05	1.66169e-05	0.000433815 0.000504 91
rVSVOmicron	525	G	180311	0.00119578	0.000100987	5.94039e-06	0.998697 0.001303 235
rVSVOmicron	526	G	180630	0.000221634	4.93058e-05	0	0.999729 0.000271 49
rVSVOmicron	527	G	180240	0.000128623	2.37359e-05	1.18679e-05	0.999836 0.000164 30
rVSVOmicron	528	C	179778	0	0.00024773	0.999735	1.76044e-05 0.000265 48
rVSVOmicron	529	A	178786	0.999602	0.000102199	0.000157267	0.000138155 0.000398 71
rVSVOmicron	530	A	178284	0.999704	2.6396e-05	5.93911e-05	0.000210455 0.000296 53
rVSVOmicron	531	G	178560	9.00244e-05	7.9481e-05	0	0.99983 0.00017 30
rVSVOmicron	532	C	179392	4.67516e-05	0.000265671	0.999688	0 0.000312 56
rVSVOmicron	533	A	178404	0.999686	3.44813e-05	6.07528e-06	0.000273059 0.000314 56
rVSVOmicron	534	G	178749	0.000114158	7.20996e-05	1.80249e-05	0.999796 0.000204 36
rVSVOmicron	535	G	179551	0.000102957	3.02814e-05	6.05628e-06	0.999861 0.000139 25
rVSVOmicron	536	G	179584	0.000296355	2.84553e-05	5.98208e-06	0.999669 0.000331 59
rVSVOmicron	537	C	179840	0.000286599	0.000262079	0.999451	0 0.000549 99
rVSVOmicron	538	A	179075	0.999935	6.02712e-06	2.28053e-05	3.61627e-05 6.5e-05 12
rVSVOmicron	539	A	179266	0.999853	0	6.96764e-05	7.7148e-05 0.000147 26
rVSVOmicron	540	C	179646	1.56655e-05	3.54872e-05	0.999943	5.91454e-06 5.7e-05 10
rVSVOmicron	541	T	179312	4.95009e-05	0.999571	0.000349284	3.02233e-05 0.000429 77
rVSVOmicron	542	T	179806	2.42108e-05	0.999867	9.68431e-05	1.1451e-05 0.000133 24
rVSVOmicron	543	C	180357	2.34074e-05	1.75556e-05	0.999941	1.75556e-05 5.9e-05 11
rVSVOmicron	544	A	180189	0.999521	6.71237e-05	0	0.000411778 0.000479 86
rVSVOmicron	545	A	180555	0.999882	1.76734e-05	5.89114e-06	9.42583e-05 0.000118 21
rVSVOmicron	546	G	182427	0.000101825	3.13437e-05	1.13515e-05	0.999855 0.000145 26
rVSVOmicron	547	A	185855	0.99988	1.18809e-05	0	0.000108534 0.00012 22
rVSVOmicron	548	A	187529	0.999015	0	0.000548859	0.000436169 0.000985 185
rVSVOmicron	549	C	189560	0.000178951	7.44599e-05	0.999747	0 0.000253 48
rVSVOmicron	550	C	177109	4.4308e-05	9.93623e-05	0.999856	0 0.000144 26
rVSVOmicron	551	T	177769	6.14538e-06	0.999554	0.000415395	2.45815e-05 0.000446 79
