rVSVOmicron	7	G	9554	0.000367726	0.000149078	0.000122575	0.999361 0.000639 6
rVSVOmicron	8	T	10264	0	0.99985	0	0.000149975 0.00015 2
rVSVOmicron	9	G	11092	0.00018329	0.000208668	0	0.999608 0.000392 4
rVSVOmicron	10	T	11659	0.000101432	0.999797	0.000101432	0 0.000203 2
rVSVOmicron	11	T	12202	0	0.999944	5.57446e-05	0 5.6e-05 1
rVSVOmicron	12	C	12861	8.87937e-05	0	0.999911	0 8.9e-05 1
rVSVOmicron	13	C	13624	0.000166413	0.000249619	0.999584	0 0.000416 6
rVSVOmicron	14	T	14061	3.26487e-05	0.993951	0.00601606	0 0.006049 85
rVSVOmicron	15	C	14956	0	0	0.999334	0.000666292 0.000666 10
rVSVOmicron	16	G	16017	0.000188414	0	0	0.999812 0.000188 3
rVSVOmicron	17	T	16781	6.68907e-05	0.999799	0.000133781	0 0.000201 3
rVSVOmicron	18	G	17715	6.32872e-05	0.000126574	0	0.99981 0.00019 3
rVSVOmicron	19	C	18535	0	0.000120404	0.999819	6.02022e-05 0.000181 3
rVSVOmicron	20	T	19370	5.7512e-05	0.999837	0.000105698	0 0.000163 3
rVSVOmicron	21	C	20391	0.00016599	0.000131902	0.999702	0 0.000298 6
rVSVOmicron	22	C	21172	5.25297e-05	2.98141e-05	0.999918	0 8.2e-05 2
rVSVOmicron	23	T	21993	0.000142023	0.999573	0.000285411	0 0.000427 9
rVSVOmicron	24	G	23054	0.000444311	9.67031e-05	0	0.999459 0.000541 12
rVSVOmicron	25	C	23909	0	9.31564e-05	0.999907	0 9.3e-05 2
rVSVOmicron	26	C	24675	0.000151412	0.000427371	0.999421	0 0.000579 14
rVSVOmicron	27	T	25376	4.39124e-05	0.999864	9.2572e-05	0 0.000136 3
rVSVOmicron	28	C	25883	0	0.000128163	0.999872	0 0.000128 3
rVSVOmicron	29	T	26654	0	0.999908	9.22844e-05	0 9.2e-05 2
rVSVOmicron	30	G	28793	0.000192741	9.27241e-05	7.70964e-05	0.999637 0.000363 10
rVSVOmicron	31	G	28024	3.96921e-05	0.000134095	4.82741e-05	0.999778 0.000222 6
rVSVOmicron	32	T	28765	0	0.999805	0.000109839	8.47331e-05 0.000195 6
rVSVOmicron	34	T	30245	3.67371e-05	0.999853	0.000110211	0 0.000147 4
rVSVOmicron	35	C	30971	0.000106882	0.000106882	0.999786	0 0.000214 7
rVSVOmicron	36	T	31808	0	0.99993	3.48415e-05	3.48415e-05 7e-05 2
rVSVOmicron	37	A	33045	0.999866	0	0	0.000133825 0.000134 4
rVSVOmicron	38	G	33905	3.41116e-05	4.2409e-05	3.41116e-05	0.999889 0.000111 4
rVSVOmicron	39	C	34711	0	0.000103588	0.999883	1.29485e-05 0.000117 4
rVSVOmicron	40	C	35678	0	9.29933e-05	0.999907	0 9.3e-05 3
rVSVOmicron	41	A	36738	0.999969	0	0	3.07955e-05 3.1e-05 1
rVSVOmicron	42	G	37527	2.95324e-05	5.66703e-05	8.85972e-05	0.999825 0.000175 7
rVSVOmicron	43	T	38233	2.9253e-05	0.999883	8.7759e-05	0 0.000117 4
rVSVOmicron	44	G	38919	2.85085e-05	4.7771e-05	2.85085e-05	0.999895 0.000105 4
rVSVOmicron	45	C	39807	0	0.000584475	0.999416	0 0.000584 23
rVSVOmicron	46	G	42310	0.000419144	7.64654e-05	5.23929e-05	0.999452 0.000548 23
rVSVOmicron	47	T	44518	0	0.999804	0.000195972	0 0.000196 9
rVSVOmicron	48	G	47751	0.000251965	0.000111915	8.87817e-05	0.999547 0.000453 22
rVSVOmicron	49	A	50742	0.999885	0	0	0.000115 0.000115 6
rVSVOmicron	50	A	53314	0.999888	0	0	0.000112452 0.000112 6
rVSVOmicron	51	C	55735	3.95277e-05	0.000175738	0.999785	0 0.000215 12
rVSVOmicron	52	C	41811	5.31121e-05	0.000141393	0.999779	2.65561e-05 0.000221 9
rVSVOmicron	53	T	42668	0	0.999478	0.000522053	0 0.000522 22
rVSVOmicron	54	G	43763	0.000159064	5.09555e-05	0	0.99979 0.00021 9
rVSVOmicron	55	A	44502	0.999524	0	0.00025065	0.000225517 0.000476 21
rVSVOmicron	56	C	45240	2.46205e-05	0.000173009	0.999606	0.000196299 0.000394 18
rVSVOmicron	57	C	46159	0	0.000184745	0.999617	0.000198454 0.000383 18
rVSVOmicron	58	A	47046	0.99996	3.99789e-05	0	0 4e-05 2
rVSVOmicron	59	C	47722	2.33055e-05	0.000191483	0.999785	0 0.000215 10
rVSVOmicron	60	A	48603	0.999863	0	4.57571e-05	9.15141e-05 0.000137 7
rVSVOmicron	61	C	49422	1.51945e-05	0.000898302	0.999086	0 0.000914 45
rVSVOmicron	62	G	50571	0.000186187	0.000254435	2.21508e-05	0.999537 0.000463 23
rVSVOmicron	63	G	51358	8.71247e-05	2.17812e-05	2.17812e-05	0.999869 0.000131 7
rVSVOmicron	64	A	52200	0.999837	2.1355e-05	4.271e-05	9.92719e-05 0.000163 9
rVSVOmicron	65	C	52935	0	0.000173479	0.999805	2.1045e-05 0.000195 10
rVSVOmicron	66	C	53911	1.76045e-05	8.17759e-05	0.999901	0 9.9e-05 5
rVSVOmicron	67	C	54947	0	0.000102704	0.999897	0 0.000103 6
rVSVOmicron	68	A	56063	0.999835	2.00082e-05	0	0.000144924 0.000165 9
rVSVOmicron	69	G	56919	0.000440811	0	1.9627e-05	0.99954 0.00046 26
rVSVOmicron	70	C	57706	0	0.000120508	0.99986	1.93021e-05 0.00014 8
rVSVOmicron	71	T	58770	0.00108807	0.998779	0.000132929	0 0.001221 72
rVSVOmicron	72	C	59686	3.73733e-05	0.000252017	0.998775	0.000935342 0.001225 73
rVSVOmicron	73	C	61233	6.92716e-05	0.000126084	0.999805	0 0.000195 12
rVSVOmicron	74	C	61209	0.000105416	0.000284921	0.999587	2.28733e-05 0.000413 25
rVSVOmicron	75	T	61995	5.40295e-05	0.999731	0.000201029	1.41158e-05 0.000269 17
rVSVOmicron	76	C	63204	5.2927e-05	0.000123496	0.999806	1.76423e-05 0.000194 12
rVSVOmicron	77	C	64294	0.000301259	7.11636e-05	0.999583	4.41215e-05 0.000417 27
rVSVOmicron	78	C	65504	0.00012044	0.000310634	0.99931	0.000259017 0.00069 45
rVSVOmicron	79	G	66673	0.000223661	5.39872e-05	1.67859e-05	0.999706 0.000294 20
rVSVOmicron	80	C	68189	0	3.2766e-05	0.999967	0 3.3e-05 2
rVSVOmicron	81	C	67789	7.1669e-05	4.94115e-05	0.99981	6.94432e-05 0.00019 13
rVSVOmicron	82	T	68665	6.54071e-05	0.999397	0.000537399	0 0.000603 41
rVSVOmicron	83	A	69898	0.99987	3.24046e-05	1.62023e-05	8.10115e-05 0.00013 9
rVSVOmicron	84	C	70795	4.00538e-05	0.000161494	0.999798	0 0.000202 14
rVSVOmicron	85	A	71724	0.999871	1.5678e-05	3.13561e-05	8.178e-05 0.000129 9
rVSVOmicron	86	C	72633	1.5371e-05	5.31753e-05	0.999931	0 6.9e-05 5
rVSVOmicron	87	A	73658	0.999747	0	0	0.000253291 0.000253 19
rVSVOmicron	88	A	74554	0.999842	1.54214e-05	0	0.000142961 0.000158 12
rVSVOmicron	89	A	74347	0.999919	0	0	8.05019e-05 8.1e-05 6
rVSVOmicron	90	C	75203	1.50764e-05	0.000275857	0.999679	3.01527e-05 0.000321 24
rVSVOmicron	91	T	75913	2.96426e-05	0.999908	4.76686e-05	1.48213e-05 9.2e-05 7
rVSVOmicron	92	C	76651	0	4.66161e-05	0.999953	0 4.7e-05 4
rVSVOmicron	93	T	77403	0	0.999868	0.000131914	0 0.000132 10
rVSVOmicron	94	T	78242	0	0.999897	7.3637e-05	2.94548e-05 0.000103 8
rVSVOmicron	95	T	79169	0	0.999879	0.00010698	1.43416e-05 0.000121 10
rVSVOmicron	96	C	80390	0	0.000201985	0.999784	1.39691e-05 0.000216 17
rVSVOmicron	97	A	81423	0.999807	1.34575e-05	1.38313e-05	0.000165976 0.000193 16
rVSVOmicron	98	C	82320	1.36339e-05	0.000233251	0.999753	0 0.000247 20
rVSVOmicron	99	C	83232	8.5044e-05	0.000194122	0.999693	2.7362e-05 0.000307 26
rVSVOmicron	100	C	84263	8.43107e-05	0.000192345	0.999669	5.40172e-05 0.000331 28
rVSVOmicron	101	G	85255	0.000212639	0.000146413	0.000314304	0.999327 0.000673 57
rVSVOmicron	102	G	86527	9.54106e-05	7.1202e-06	0	0.999897 0.000103 9
rVSVOmicron	103	G	87471	0.000104791	0	1.30988e-05	0.999882 0.000118 10
rVSVOmicron	104	G	88254	4.91098e-05	1.2979e-05	2.5958e-05	0.999912 8.8e-05 8
rVSVOmicron	105	C	89297	2.51564e-05	0.000411001	0.999541	2.24368e-05 0.000459 41
rVSVOmicron	106	G	90517	0.000397242	1.54464e-05	2.78707e-05	0.999559 0.000441 40
rVSVOmicron	107	T	91445	1.24539e-05	0.99989	9.76117e-05	0 0.00011 10
rVSVOmicron	108	G	92619	0.000151647	1.21449e-05	1.21449e-05	0.999824 0.000176 16
rVSVOmicron	109	T	93563	1.20487e-05	0.999847	0.000140677	0 0.000153 14
rVSVOmicron	110	A	94872	0.999704	3.59952e-05	0	0.000259749 0.000296 28
rVSVOmicron	111	C	95776	1.45721e-05	0.000140335	0.999833	1.1721e-05 0.000167 16
rVSVOmicron	112	T	96914	2.32589e-05	0.999625	0.000351398	0 0.000375 36
rVSVOmicron	113	A	98407	0.999954	1.15166e-05	0	3.45499e-05 4.6e-05 5
rVSVOmicron	114	C	98876	1.13584e-05	9.6393e-05	0.999892	0 0.000108 11
rVSVOmicron	115	C	98149	4.81994e-05	9.82767e-05	0.999842	1.15804e-05 0.000158 16
rVSVOmicron	116	C	99054	1.15367e-05	7.20261e-05	0.999905	1.15367e-05 9.5e-05 9
rVSVOmicron	117	C	100054	5.05661e-05	0.000164648	0.999745	3.97745e-05 0.000255 26
rVSVOmicron	118	G	101211	0.000337117	5.57343e-05	1.11469e-05	0.999596 0.000404 41
rVSVOmicron	119	A	102551	0.999883	1.36789e-05	1.10026e-05	9.27787e-05 0.000117 12
rVSVOmicron	120	C	104846	1.07154e-05	5.73417e-05	0.999932	0 6.8e-05 7
rVSVOmicron	121	A	107255	0.999717	1.06283e-05	2.12567e-05	0.000251058 0.000283 30
rVSVOmicron	122	A	110526	0.999787	1.03444e-05	3.32698e-05	0.000169424 0.000213 24
rVSVOmicron	123	G	112427	7.30549e-05	0.000490667	1.00859e-05	0.999426 0.000574 65
rVSVOmicron	124	G	104074	0.000111214	3.27446e-05	0	0.999856 0.000144 15
rVSVOmicron	125	T	104894	0	0.999842	0.000157952	0 0.000158 17
rVSVOmicron	126	G	106127	7.71733e-05	1.06545e-05	0	0.999912 8.8e-05 9
rVSVOmicron	127	T	106864	6.87824e-05	0.99985	6.00389e-05	2.15674e-05 0.00015 16
rVSVOmicron	128	T	107622	3.15963e-05	0.999861	0.000107598	0 0.000139 15
rVSVOmicron	129	C	108792	5.42794e-05	0.000151589	0.999781	1.26558e-05 0.000219 24
rVSVOmicron	130	C	109745	0.000108217	0.000291375	0.99959	1.03463e-05 0.00041 45
rVSVOmicron	131	G	111942	0.000154383	6.32312e-05	4.05117e-05	0.999742 0.000258 29
rVSVOmicron	132	G	111306	6.60873e-05	1.01885e-05	1.01885e-05	0.999914 8.6e-05 10
rVSVOmicron	133	T	111069	1.02697e-05	0.999893	8.6876e-05	1.02697e-05 0.000107 12
rVSVOmicron	134	C	111781	3.2741e-05	8.32167e-05	0.999844	4.03806e-05 0.000156 17
rVSVOmicron	135	T	112683	1.00366e-05	0.999898	7.56816e-05	1.65469e-05 0.000102 11
rVSVOmicron	136	A	114288	0.999846	1.00545e-05	1.00545e-05	0.000133969 0.000154 18
rVSVOmicron	137	G	114108	7.35381e-05	4.39033e-05	2.03053e-05	0.999862 0.000138 16
rVSVOmicron	138	C	115009	3.59345e-05	0.000356151	0.999608	0 0.000392 45
rVSVOmicron	139	G	115948	0.000243286	2.9353e-05	9.78433e-06	0.999718 0.000282 33
rVSVOmicron	140	T	116691	0	0.999886	0.000114303	0 0.000114 13
rVSVOmicron	141	G	117840	0.000122103	2.02639e-05	9.61237e-06	0.999848 0.000152 18
rVSVOmicron	142	C	118579	6.15153e-05	0.000221507	0.999698	1.91266e-05 0.000302 36
rVSVOmicron	143	T	119402	0.000120471	0.999703	0.000166805	9.52438e-06 0.000297 35
rVSVOmicron	144	C	120741	9.38005e-06	0.000150081	0.999803	3.75202e-05 0.000197 24
rVSVOmicron	145	C	121646	0.000845394	0.000116346	0.998996	4.18038e-05 0.001004 122
rVSVOmicron	146	A	121298	0.999053	1.86485e-05	0.000868413	6.02295e-05 0.000947 115
rVSVOmicron	147	C	121481	2.05347e-05	6.66125e-05	0.999891	2.22876e-05 0.000109 13
rVSVOmicron	148	T	121822	3.69701e-05	0.999869	9.40599e-05	0 0.000131 16
rVSVOmicron	149	C	122107	6.80254e-05	9.8204e-05	0.999815	1.8305e-05 0.000185 23
rVSVOmicron	150	T	122288	9.22938e-06	0.999846	0.000145176	0 0.000154 19
rVSVOmicron	151	A	122507	0.999825	3.20574e-05	9.26658e-06	0.00013399 0.000175 21
rVSVOmicron	152	C	123403	0	8.38531e-05	0.999916	0 8.4e-05 10
rVSVOmicron	153	A	122877	0.998946	2.75351e-05	0.000640997	0.000385492 0.001054 130
rVSVOmicron	154	C	124355	2.69286e-05	0.000210819	0.999753	8.97619e-06 0.000247 31
rVSVOmicron	155	A	125874	0.999532	0	7.38104e-05	0.000394704 0.000468 59
rVSVOmicron	156	G	128519	0.000102635	0.011774	3.49195e-05	0.988088 0.011912 1531
rVSVOmicron	157	G	130479	0.000150709	5.17114e-05	8.61857e-06	0.999789 0.000211 28
rVSVOmicron	158	A	131634	0.99989	8.498e-06	1.6996e-05	8.498e-05 0.00011 14
rVSVOmicron	159	C	133809	5.23714e-05	8.59254e-05	0.997416	0.00244559 0.002584 346
rVSVOmicron	160	C	122433	4.25541e-05	0.000118756	0.99983	9.15408e-06 0.00017 21
rVSVOmicron	161	T	123125	2.94336e-05	0.999341	0.000565862	6.35276e-05 0.000659 81
rVSVOmicron	162	G	124038	0.000130846	1.80646e-05	1.4647e-05	0.999836 0.000164 20
rVSVOmicron	163	T	124470	9.53415e-06	0.997317	0.000138116	0.00253557 0.002683 334
rVSVOmicron	164	T	125092	0.000898222	0.99661	4.35888e-05	0.00244856 0.00339 424
rVSVOmicron	165	C	126888	3.55736e-05	0.00020527	0.999741	1.77868e-05 0.000259 33
rVSVOmicron	166	C	125229	3.80847e-05	0.000154764	0.999807	0 0.000193 24
rVSVOmicron	167	T	125487	4.32414e-05	0.999659	0.000297405	0 0.000341 43
rVSVOmicron	168	C	126174	1.10833e-05	0.000137818	0.999807	4.45742e-05 0.000193 24
rVSVOmicron	169	C	126918	8.53317e-05	0.000202025	0.999695	1.79902e-05 0.000305 39
rVSVOmicron	170	C	126275	9.2325e-05	0.000149363	0.999747	1.11177e-05 0.000253 32
rVSVOmicron	171	T	126533	9.00369e-06	0.999762	0.000184211	4.50185e-05 0.000238 30
rVSVOmicron	172	T	127013	3.26551e-06	0.99988	9.84678e-05	1.85883e-05 0.00012 15
rVSVOmicron	173	T	127271	3.12918e-06	0.999917	6.23428e-05	1.78122e-05 8.3e-05 11
rVSVOmicron	174	C	126993	2.8439e-05	0.000318991	0.999626	2.63061e-05 0.000374 47
rVSVOmicron	175	T	127212	1.77319e-05	0.999849	0.000115497	1.77319e-05 0.000151 19
rVSVOmicron	176	T	127955	2.62483e-05	0.999836	0.000108067	3.00318e-05 0.000164 21
rVSVOmicron	177	C	128530	0	0.000173258	0.999809	1.72791e-05 0.000191 25
rVSVOmicron	178	A	127971	0.999714	0	3.4983e-05	0.00025079 0.000286 37
rVSVOmicron	179	G	128598	0.000136083	1.73324e-05	3.46648e-05	0.999812 0.000188 24
rVSVOmicron	180	C	129585	4.29659e-05	0.000104976	0.999843	8.59319e-06 0.000157 20
rVSVOmicron	181	A	129848	0.999964	2.56607e-05	1.06342e-05	0 3.6e-05 5
rVSVOmicron	182	A	129843	0.999853	0	5.24453e-05	9.47322e-05 0.000147 19
rVSVOmicron	183	C	130850	0	0.000241009	0.99975	8.47657e-06 0.00025 33
rVSVOmicron	184	G	130165	8.78409e-05	4.49634e-05	2.75806e-05	0.99984 0.00016 21
rVSVOmicron	185	T	130536	2.57139e-05	0.999852	0.000121851	0 0.000148 19
rVSVOmicron	186	G	131559	4.22554e-05	4.0885e-05	2.53533e-05	0.999892 0.000108 14
rVSVOmicron	187	A	131485	0.999829	4.3882e-05	0	0.000126846 0.000171 22
rVSVOmicron	188	C	132462	8.37016e-06	0.000223732	0.999768	0 0.000232 31
rVSVOmicron	189	A	131047	0.999798	8.51879e-06	8.51879e-06	0.000184651 0.000202 26
rVSVOmicron	190	T	131154	8.48969e-06	0.999928	6.35579e-05	0 7.2e-05 9
rVSVOmicron	191	G	131745	6.33715e-05	5.94682e-05	8.49546e-06	0.999869 0.000131 17
rVSVOmicron	192	G	131647	5.28907e-05	2.93074e-05	8.47166e-06	0.999909 9.1e-05 12
rVSVOmicron	193	T	131871	6.99597e-06	0.999861	0.000122896	8.62837e-06 0.000139 18
rVSVOmicron	194	T	132290	0	0.999929	7.10569e-05	0 7.1e-05 9
rVSVOmicron	195	C	133204	3.54942e-05	8.56833e-05	0.99987	8.36486e-06 0.00013 17
rVSVOmicron	196	C	133397	4.57153e-05	0.000165971	0.999772	1.66647e-05 0.000228 30
rVSVOmicron	197	A	133369	0.99979	2.49815e-05	2.49815e-05	0.000160017 0.00021 28
rVSVOmicron	198	C	133592	0	0.000221215	0.999727	5.1669e-05 0.000273 36
rVSVOmicron	199	G	134150	0.000505158	2.6882e-05	2.48659e-05	0.999443 0.000557 75
rVSVOmicron	200	T	134420	0	0.999801	0.000157011	4.1915e-05 0.000199 27
rVSVOmicron	201	G	135241	6.726e-05	2.45587e-05	4.3365e-05	0.999865 0.000135 18
rVSVOmicron	202	A	134780	0.999984	0	0	1.63779e-05 1.6e-05 2
rVSVOmicron	203	T	134542	2.87923e-05	0.998723	0.00124856	0 0.001277 172
rVSVOmicron	204	C	133354	6.6117e-05	0.00010945	0.9998	2.47939e-05 0.0002 27
rVSVOmicron	205	T	133700	8.27865e-06	0.999903	8.88277e-05	0 9.7e-05 13
rVSVOmicron	206	C	133737	1.89161e-05	8.81268e-05	0.99986	3.29363e-05 0.00014 19
rVSVOmicron	207	T	134240	3.29617e-05	0.999753	0.000213806	0 0.000247 33
rVSVOmicron	208	G	135660	7.54211e-05	8.38258e-05	5.66211e-05	0.999784 0.000216 29
rVSVOmicron	209	G	136105	0.000320069	4.07801e-05	3.26241e-05	0.999607 0.000393 53
rVSVOmicron	210	C	136684	6.65905e-05	0.000229683	0.999696	8.07819e-06 0.000304 42
rVSVOmicron	211	A	136529	0.999875	8.0843e-06	3.60516e-05	8.0843e-05 0.000125 17
rVSVOmicron	212	C	137395	2.40485e-05	6.41293e-05	0.999904	8.01616e-06 9.6e-05 13
rVSVOmicron	213	A	137133	0.999927	0	1.61704e-05	5.65963e-05 7.3e-05 10
rVSVOmicron	214	A	137231	0.999932	0	4.48858e-05	2.32168e-05 6.8e-05 9
rVSVOmicron	215	A	137206	0.999688	8.42172e-06	2.93622e-05	0.000274047 0.000312 43
rVSVOmicron	216	C	138085	0	0.000224867	0.999775	0 0.000225 31
rVSVOmicron	217	G	138427	0.00022759	6.45893e-05	5.62975e-05	0.999652 0.000348 48
rVSVOmicron	218	G	138451	0.000486364	5.80862e-05	8.01937e-06	0.999448 0.000552 76
rVSVOmicron	219	C	138615	1.44063e-05	0.000196957	0.999789	0 0.000211 29
rVSVOmicron	220	A	138308	0.999886	3.19426e-05	7.98565e-06	7.35975e-05 0.000114 16
rVSVOmicron	221	C	139161	7.90843e-06	9.68248e-05	0.99987	2.54352e-05 0.00013 18
rVSVOmicron	222	A	138931	0.999884	0	0	0.000116412 0.000116 16
rVSVOmicron	223	A	138872	0.999767	0	5.85258e-05	0.000174262 0.000233 32
rVSVOmicron	224	A	138247	0.999688	2.63409e-05	4.25845e-05	0.000243214 0.000312 43
rVSVOmicron	225	G	138395	0.000101332	5.87816e-05	0	0.99984 0.00016 22
rVSVOmicron	226	C	139794	6.7376e-05	0.000404682	0.999528	0 0.000472 66
rVSVOmicron	227	G	140653	0.000157114	0.00010126	3.15506e-05	0.99971 0.00029 41
rVSVOmicron	228	G	140490	0.000158961	1.57683e-05	2.36524e-05	0.999802 0.000198 28
rVSVOmicron	229	T	140395	7.91933e-06	0.999569	0.000415658	7.91933e-06 0.000431 61
rVSVOmicron	230	T	139585	0.000273821	0.999706	1.18026e-05	7.93995e-06 0.000294 41
rVSVOmicron	231	C	140278	6.25135e-05	0.000722285	0.999207	7.81419e-06 0.000793 111
rVSVOmicron	232	G	140175	0.000170824	0	2.36133e-05	0.999806 0.000194 27
rVSVOmicron	233	A	139396	0.999878	1.56984e-05	0	0.000105858 0.000122 17
rVSVOmicron	234	C	139908	4.87611e-05	0.000122853	0.999819	9.71001e-06 0.000181 25
rVSVOmicron	235	A	140026	0.999861	1.58681e-05	7.93406e-06	0.000114937 0.000139 19
rVSVOmicron	236	A	139620	0.99995	0	1.79041e-05	3.19253e-05 5e-05 7
rVSVOmicron	237	C	139897	3.96085e-05	0.000110904	0.999849	0 0.000151 21
rVSVOmicron	238	C	141570	4.1207e-05	8.83614e-05	0.99987	0 0.00013 18
rVSVOmicron	239	C	141626	0.000112042	0.000108215	0.99978	0 0.00022 31
rVSVOmicron	240	C	141749	7.23453e-05	0.0017549	0.998078	9.51912e-05 0.001922 272
rVSVOmicron	241	G	141765	0.000185805	6.46551e-05	7.74187e-06	0.999742 0.000258 37
rVSVOmicron	242	T	141763	1.57926e-05	0.999848	0.000128261	7.89628e-06 0.000152 22
rVSVOmicron	243	G	142536	0.000355069	6.32571e-05	2.65472e-05	0.999555 0.000445 63
rVSVOmicron	244	C	142366	6.14994e-05	0.00022065	0.999718	0 0.000282 40
rVSVOmicron	245	T	142537	3.82489e-05	0.999702	0.000259679	0 0.000298 42
rVSVOmicron	246	C	143487	2.29721e-05	7.74015e-05	0.999861	3.82868e-05 0.000139 20
rVSVOmicron	247	C	144188	1.53668e-05	0.000132486	0.999852	0 0.000148 21
rVSVOmicron	248	C	143326	9.42557e-05	9.42557e-05	0.999795	1.68537e-05 0.000205 29
rVSVOmicron	249	T	143095	4.02959e-05	0.998458	0.000298983	0.00120241 0.001542 221
rVSVOmicron	250	T	143508	7.798e-06	0.999817	0.000159754	1.5596e-05 0.000183 26
rVSVOmicron	251	T	143814	2.31246e-05	0.999857	0.000119373	0 0.000143 21
rVSVOmicron	252	C	144581	1.67764e-05	0.00013994	0.999828	1.51397e-05 0.000172 25
rVSVOmicron	253	A	144458	0.999786	1.52687e-05	5.34406e-05	0.000145053 0.000214 31
rVSVOmicron	254	A	144719	0.999887	7.67941e-06	0	0.000105229 0.000113 16
rVSVOmicron	255	C	145638	9.15482e-05	0.00269653	0.997153	5.92133e-05 0.002847 415
rVSVOmicron	256	G	145857	0.000204711	4.531e-05	7.55167e-06	0.999742 0.000258 38
rVSVOmicron	257	A	145088	0.999955	0	0	4.53583e-05 4.5e-05 7
rVSVOmicron	258	C	146036	1.48989e-05	0.000258718	0.999726	0 0.000274 40
rVSVOmicron	259	G	146475	0.000210188	7.70419e-05	3.92324e-05	0.999674 0.000326 48
rVSVOmicron	260	G	146502	9.44475e-05	3.7415e-05	7.48299e-06	0.999861 0.000139 20
rVSVOmicron	261	C	146786	2.97077e-05	0.000261146	0.99969	1.94706e-05 0.00031 46
rVSVOmicron	262	G	147286	0.000373763	3.70558e-05	7.41115e-06	0.999582 0.000418 62
rVSVOmicron	263	T	147143	1.51169e-05	0.999887	9.82596e-05	0 0.000113 17
rVSVOmicron	264	G	147809	0.000114104	7.38086e-06	7.38086e-06	0.999871 0.000129 19
rVSVOmicron	265	T	147681	7.38283e-06	0.999827	0.000136084	2.95313e-05 0.000173 26
rVSVOmicron	266	A	147711	0.99989	0	0	0.000110447 0.00011 16
rVSVOmicron	267	C	147643	7.42925e-06	0.000150593	0.999842	0 0.000158 23
rVSVOmicron	268	T	147810	2.28074e-05	0.999733	0.000204239	3.98616e-05 0.000267 39
rVSVOmicron	269	T	147786	7.43876e-06	0.999924	6.13195e-05	7.43876e-06 7.6e-05 11
rVSVOmicron	270	C	148515	5.11733e-05	0.000153717	0.999743	5.1766e-05 0.000257 38
rVSVOmicron	271	G	148856	0.000158259	5.15585e-05	3.12536e-05	0.999759 0.000241 36
rVSVOmicron	272	C	149338	1.63836e-05	0.000120409	0.999863	0 0.000137 20
rVSVOmicron	273	C	150098	6.14661e-05	0.000157298	0.999736	4.53632e-05 0.000264 40
rVSVOmicron	274	A	149976	0.99972	2.36013e-05	2.20146e-05	0.000234426 0.00028 42
rVSVOmicron	275	G	150083	0.000228265	2.52757e-05	1.44992e-05	0.999732 0.000268 40
rVSVOmicron	276	C	151057	1.44384e-05	0.00015453	0.999831	0 0.000169 26
rVSVOmicron	277	A	150767	0.999908	1.44972e-05	1.44972e-05	6.30824e-05 9.2e-05 14
rVSVOmicron	278	T	151407	1.44573e-05	0.995595	0.00438289	7.22863e-06 0.004405 667
rVSVOmicron	279	A	150494	0.995461	1.46659e-05	0.00437637	0.000148442 0.004539 683
rVSVOmicron	280	G	151432	8.82552e-05	3.6773e-05	5.32712e-05	0.999822 0.000178 27
rVSVOmicron	281	A	151072	0.999743	2.17313e-05	0	0.000235324 0.000257 39
rVSVOmicron	282	G	152019	7.39246e-05	2.16507e-05	3.49143e-05	0.99987 0.00013 20
rVSVOmicron	283	A	153026	0.999886	7.27709e-06	0	0.00010719 0.000114 17
rVSVOmicron	284	A	152345	0.999807	5.9507e-05	2.97535e-05	0.000103333 0.000193 29
rVSVOmicron	285	G	153271	0.000139588	1.43266e-05	7.16332e-06	0.999839 0.000161 25
rVSVOmicron	286	T	153852	7.20366e-06	0.999867	0.000111559	1.44073e-05 0.000133 20
rVSVOmicron	287	C	153654	7.14156e-06	2.14247e-05	0.999957	1.42831e-05 4.3e-05 7
rVSVOmicron	288	T	153901	0	0.99987	0.000130332	0 0.00013 20
rVSVOmicron	289	A	154607	0.999246	2.84778e-05	0.000669228	5.67632e-05 0.000754 117
rVSVOmicron	290	A	154909	0.999193	0.000645721	0	0.000161237 0.000807 125
rVSVOmicron	291	C	155724	1.40655e-05	0.000156431	0.99983	0 0.00017 26
rVSVOmicron	292	A	152655	0.999984	0	0	1.60611e-05 1.6e-05 2
rVSVOmicron	293	T	153147	1.42284e-05	0.999916	5.11826e-05	1.83783e-05 8.4e-05 13
rVSVOmicron	294	T	153401	0	0.999957	4.32166e-05	0 4.3e-05 7
rVSVOmicron	295	A	153396	0.999815	7.21405e-06	2.33969e-05	0.000154615 0.000185 28
rVSVOmicron	296	T	153800	7.16526e-06	0.99997	2.32387e-05	0 3e-05 5
rVSVOmicron	297	C	154325	1.41817e-05	0.000127827	0.999844	1.41817e-05 0.000156 24
rVSVOmicron	298	C	154740	2.83949e-05	0.000200491	0.999757	1.41975e-05 0.000243 38
rVSVOmicron	299	G	155225	0.000208135	4.44766e-05	0.000108592	0.999639 0.000361 56
rVSVOmicron	300	G	155531	0.000181588	0.000309835	7.12486e-06	0.999501 0.000499 78
rVSVOmicron	301	G	155736	0.000139884	2.70558e-05	7.09975e-06	0.999826 0.000174 27
rVSVOmicron	302	G	155758	0.000104455	1.56301e-05	7.0526e-06	0.999873 0.000127 20
rVSVOmicron	303	C	155467	1.47996e-05	0.000218534	0.999694	7.28447e-05 0.000306 48
rVSVOmicron	304	T	155681	2.11482e-05	0.999775	0.000196812	7.04941e-06 0.000225 35
rVSVOmicron	305	G	157654	9.68693e-05	1.38385e-05	3.45962e-05	0.999855 0.000145 23
rVSVOmicron	306	G	157940	8.50228e-05	7.5263e-05	1.08859e-05	0.999829 0.000171 27
rVSVOmicron	307	A	157521	0.999924	6.92296e-06	6.92296e-06	6.23066e-05 7.6e-05 12
rVSVOmicron	308	T	157974	0	0.999965	3.51772e-05	0 3.5e-05 6
rVSVOmicron	309	T	158319	0	0.999951	4.91693e-05	0 4.9e-05 8
rVSVOmicron	310	T	158735	0	0.999908	8.53163e-05	6.96844e-06 9.2e-05 15
rVSVOmicron	311	T	158857	1.38276e-05	0.999917	6.9138e-05	0 8.3e-05 13
rVSVOmicron	312	C	159240	4.48527e-05	0.000221322	0.999727	6.80143e-06 0.000273 43
rVSVOmicron	313	G	159484	0.000175394	4.81729e-05	1.32057e-05	0.999763 0.000237 38
rVSVOmicron	314	G	159465	0.000203608	3.59091e-05	6.84864e-06	0.999754 0.000246 39
rVSVOmicron	315	C	159791	2.03654e-05	0.000206956	0.999773	0 0.000227 36
rVSVOmicron	316	A	159090	0.999964	0	6.80072e-06	2.88571e-05 3.6e-05 6
rVSVOmicron	317	C	160164	3.3839e-05	0.000223703	0.999727	1.51818e-05 0.000273 44
rVSVOmicron	318	C	160401	6.80028e-05	0.000220366	0.999703	8.27061e-06 0.000297 48
rVSVOmicron	319	A	160040	0.999683	0	0.000248108	6.88382e-05 0.000317 51
rVSVOmicron	320	C	160989	0.000334659	8.05794e-05	0.999555	3.01265e-05 0.000445 72
rVSVOmicron	321	A	160596	0.99957	6.78899e-06	0.000348991	7.46789e-05 0.00043 69
rVSVOmicron	322	C	160720	2.0136e-05	0.000127528	0.999839	1.3424e-05 0.000161 26
rVSVOmicron	323	T	160602	4.09894e-05	0.999885	7.36702e-05	0 0.000115 18
rVSVOmicron	324	C	161705	4.32586e-05	0.000113373	0.999823	2.00071e-05 0.000177 29
rVSVOmicron	325	G	161830	0.000208614	4.70244e-05	3.37704e-05	0.999711 0.000289 47
rVSVOmicron	326	A	161085	0.999886	6.69757e-06	3.34879e-05	7.36733e-05 0.000114 18
rVSVOmicron	327	C	161629	1.87088e-05	6.21206e-05	0.999904	1.5076e-05 9.6e-05 16
rVSVOmicron	328	T	161451	0	0.999853	0.000146641	0 0.000147 24
rVSVOmicron	329	C	161276	4.44215e-05	5.50754e-05	0.999879	2.1669e-05 0.000121 20
rVSVOmicron	330	T	161311	0	0.999771	0.000209045	2.02478e-05 0.000229 37
rVSVOmicron	331	A	161650	0.99986	6.79941e-06	0	0.000133415 0.00014 23
rVSVOmicron	332	A	160483	0.999922	3.53143e-05	6.7701e-06	3.54973e-05 7.8e-05 13
rVSVOmicron	333	G	161494	6.82492e-06	3.41246e-05	0	0.999959 4.1e-05 7
rVSVOmicron	334	A	162219	0.999852	2.68042e-05	0	0.000121343 0.000148 24
rVSVOmicron	335	C	162943	1.73549e-05	0.000148859	0.999827	6.61991e-06 0.000173 28
rVSVOmicron	336	A	161977	0.999871	2.69762e-05	2.46066e-05	7.74654e-05 0.000129 21
rVSVOmicron	337	C	162399	1.32518e-05	0.000265215	0.999722	0 0.000278 45
rVSVOmicron	338	A	161706	0.999542	0.000117211	3.40056e-05	0.000306955 0.000458 74
rVSVOmicron	339	G	162884	0.000122079	6.73164e-06	2.83821e-05	0.999843 0.000157 26
rVSVOmicron	340	T	163316	0.000583191	0.999141	0.000108178	0.000167938 0.000859 140
rVSVOmicron	341	C	164397	0.000566546	9.30524e-05	0.999314	2.64841e-05 0.000686 113
rVSVOmicron	342	C	165011	0.000141507	0.000168943	0.999676	1.33566e-05 0.000324 53
rVSVOmicron	343	C	162655	4.67244e-05	0.000108422	0.999631	0.000213417 0.000369 60
rVSVOmicron	344	T	162799	0.000225307	0.999584	0.00019099	0 0.000416 68
rVSVOmicron	345	C	165120	6.55684e-06	0.000156301	0.999811	2.62274e-05 0.000189 31
rVSVOmicron	346	C	163131	0.000780316	0.000129665	0.999055	3.47444e-05 0.000945 154
rVSVOmicron	347	T	163594	0	0.999744	0.000242758	1.33067e-05 0.000256 42
rVSVOmicron	348	G	164626	9.24336e-05	5.2616e-05	0	0.999855 0.000145 24
rVSVOmicron	349	A	163332	0.999905	1.4645e-05	6.60809e-06	7.37606e-05 9.5e-05 16
rVSVOmicron	350	T	163702	0.000128635	0.999838	2.03108e-05	1.35406e-05 0.000162 27
rVSVOmicron	351	T	163995	1.32419e-05	0.999797	5.95886e-05	0.000130451 0.000203 33
rVSVOmicron	352	G	161882	7.6654e-05	0	1.21128e-05	0.999911 8.9e-05 14
rVSVOmicron	353	T	161830	6.65638e-06	0.999909	8.43741e-05	0 9.1e-05 15
rVSVOmicron	354	G	162470	0.000100907	4.0219e-05	1.99299e-05	0.999839 0.000161 26
rVSVOmicron	355	A	162372	0.999916	0	0	8.39814e-05 8.4e-05 14
rVSVOmicron	356	A	162682	0.999883	6.6813e-06	6.6813e-06	0.00010347 0.000117 19
rVSVOmicron	357	C	163565	1.32088e-05	9.56747e-05	0.999878	1.32088e-05 0.000122 20
rVSVOmicron	358	A	164841	0.999885	6.59254e-06	1.97776e-05	8.89103e-05 0.000115 19
rVSVOmicron	359	A	165052	0.999878	8.03719e-06	6.60836e-06	0.000107341 0.000122 20
rVSVOmicron	360	C	166007	2.60001e-05	0.000317798	0.999656	0 0.000344 57
rVSVOmicron	361	G	165880	0.000426826	4.09966e-05	6.56656e-06	0.999526 0.000474 79
rVSVOmicron	362	C	165554	1.96337e-05	0.000284601	0.999689	6.54458e-06 0.000311 51
rVSVOmicron	363	C	165699	2.60092e-05	0.000197002	0.999757	1.95069e-05 0.000243 40
rVSVOmicron	364	A	165118	0.999834	1.31476e-05	1.31476e-05	0.000139649 0.000166 27
rVSVOmicron	365	C	166147	6.46042e-06	2.58417e-05	0.999968	0 3.2e-05 5
rVSVOmicron	366	A	166063	0.99984	1.84936e-05	7.93091e-05	6.20602e-05 0.00016 27
rVSVOmicron	367	A	166276	0.999947	0	1.34853e-05	3.91803e-05 5.3e-05 9
rVSVOmicron	368	A	165801	0.999856	6.87744e-06	4.12646e-05	9.62841e-05 0.000144 24
rVSVOmicron	369	C	166794	3.25915e-05	0.000140232	0.999755	7.20536e-05 0.000245 41
rVSVOmicron	370	G	165800	0.000134281	3.93278e-05	6.55463e-06	0.99982 0.00018 30
rVSVOmicron	371	T	165049	2.28611e-05	0.999909	6.1393e-05	6.82144e-06 9.1e-05 15
rVSVOmicron	372	G	164791	7.41462e-05	0.000382673	5.27579e-05	0.99949 0.00051 84
rVSVOmicron	373	G	164431	6.04197e-05	3.94505e-05	0	0.9999 0.0001 16
rVSVOmicron	374	T	164303	0.00118943	0.998775	3.55218e-05	0 0.001225 201
rVSVOmicron	375	G	165367	6.0295e-05	5.21852e-05	0.00141922	0.998468 0.001532 253
rVSVOmicron	376	A	165469	0.999939	6.55797e-06	0	5.40589e-05 6.1e-05 10
rVSVOmicron	377	T	165802	1.98856e-05	0.999933	4.68215e-05	0 6.7e-05 11
rVSVOmicron	378	T	167505	3.22689e-05	0.9996	0.000361062	6.27934e-06 0.0004 67
rVSVOmicron	379	A	169142	0.999735	1.28731e-05	5.7407e-06	0.000246502 0.000265 45
rVSVOmicron	380	A	169894	0.9997	5.88997e-05	3.97831e-05	0.000201671 0.0003 51
rVSVOmicron	381	G	170467	0.000187854	0.000107395	0	0.999705 0.000295 50
rVSVOmicron	382	G	167071	5.21882e-05	6.52352e-06	1.3047e-05	0.999928 7.2e-05 12
rVSVOmicron	383	T	167253	6.46176e-06	0.999953	4.01677e-05	0 4.7e-05 8
rVSVOmicron	384	G	167790	9.47435e-05	0	6.43213e-06	0.999899 0.000101 17
rVSVOmicron	385	T	168013	6.42363e-06	0.999915	7.86461e-05	0 8.5e-05 14
rVSVOmicron	386	G	169118	0.000105024	2.70751e-05	6.38075e-06	0.999862 0.000138 23
rVSVOmicron	387	C	169767	4.46397e-05	0.000794552	0.999123	3.82626e-05 0.000877 149
rVSVOmicron	388	G	170515	0.000121898	3.32139e-05	2.53384e-05	0.99982 0.00018 31
rVSVOmicron	389	A	169520	0.99991	2.68444e-05	6.32638e-06	5.69374e-05 9e-05 15
rVSVOmicron	390	G	170727	0.000149298	1.26119e-05	1.05668e-05	0.999828 0.000172 29
rVSVOmicron	391	T	171210	1.285e-05	0.999891	8.33514e-05	1.285e-05 0.000109 19
rVSVOmicron	392	T	171649	0	0.999845	0.000100402	5.42715e-05 0.000155 27
rVSVOmicron	393	C	172614	4.71431e-05	0.000137501	0.999809	6.31991e-06 0.000191 33
rVSVOmicron	394	C	173044	4.36865e-05	0.000130552	0.999768	5.79101e-05 0.000232 40
rVSVOmicron	395	A	172273	0.999635	1.87292e-05	1.24861e-05	0.000333582 0.000365 63
rVSVOmicron	396	G	173419	0.000151054	5.11935e-05	0	0.999798 0.000202 35
rVSVOmicron	397	T	173905	0.000498099	0.999413	7.64452e-05	1.27409e-05 0.000587 102
rVSVOmicron	398	T	174340	0	0.999763	0.000237169	0 0.000237 41
rVSVOmicron	399	C	172227	4.39615e-05	0.000187048	0.999742	2.66485e-05 0.000258 44
rVSVOmicron	400	T	172628	6.23822e-06	0.999754	0.00023368	6.23822e-06 0.000246 42
rVSVOmicron	401	G	174503	0.000273263	2.52525e-05	1.85631e-05	0.999683 0.000317 55
rVSVOmicron	402	C	175038	3.33271e-05	0.000121644	0.99982	2.46621e-05 0.00018 32
rVSVOmicron	403	A	174836	0.99964	1.23412e-05	4.31941e-05	0.000304527 0.00036 63
rVSVOmicron	404	A	175579	0.999915	6.21456e-06	2.48583e-05	5.39155e-05 8.5e-05 15
rVSVOmicron	405	C	176688	0.000185769	0.0001721	0.999642	0 0.000358 63
rVSVOmicron	406	G	177522	0.000205739	6.09963e-05	1.21993e-05	0.999721 0.000279 50
rVSVOmicron	407	A	177328	0.999976	0	0	2.44093e-05 2.4e-05 4
rVSVOmicron	408	C	178755	0	0.000168045	0.999643	0.000189153 0.000357 64
rVSVOmicron	409	C	179354	8.89867e-05	0.00018561	0.999705	1.99224e-05 0.000295 53
rVSVOmicron	410	C	179006	0.000119614	7.45325e-05	0.999794	1.21753e-05 0.000206 37
rVSVOmicron	411	T	178925	1.24134e-05	0.999773	0.000118095	9.61203e-05 0.000227 41
rVSVOmicron	412	T	179972	3.14843e-05	0.999833	0.000116407	1.88906e-05 0.000167 30
rVSVOmicron	413	T	179795	1.20893e-05	0.999831	0.000157161	0 0.000169 30
rVSVOmicron	414	C	180548	2.4096e-05	8.40104e-05	0.999892	0 0.000108 19
rVSVOmicron	415	C	180259	6.74718e-05	0.000128943	0.999792	1.20022e-05 0.000208 37
rVSVOmicron	416	T	180163	6.20273e-05	0.999611	0.000302935	2.42217e-05 0.000389 70
rVSVOmicron	417	G	182469	0.000176193	5.98635e-05	3.59181e-05	0.999728 0.000272 50
rVSVOmicron	418	G	182915	0.00014199	3.56178e-05	6.0807e-05	0.999762 0.000238 44
rVSVOmicron	419	A	182934	0.999977	0	5.69017e-06	1.75447e-05 2.3e-05 4
rVSVOmicron	420	T	183423	2.34756e-05	0.999809	0.000167185	0 0.000191 35
rVSVOmicron	421	C	186807	4.03337e-05	7.6307e-05	0.999847	3.59733e-05 0.000153 29
rVSVOmicron	422	A	186491	0.999755	0.0001415	5.62591e-05	4.727e-05 0.000245 46
rVSVOmicron	423	C	187519	1.85844e-05	0.00013644	0.999845	0 0.000155 29
rVSVOmicron	424	A	187205	0.999789	1.16199e-05	1.16199e-05	0.000187332 0.000211 40
rVSVOmicron	425	A	186294	0.999866	1.05111e-05	1.30212e-05	0.000110131 0.000134 25
rVSVOmicron	426	G	186711	0.000110496	4.24605e-05	5.60676e-05	0.999791 0.000209 39
rVSVOmicron	427	A	187919	0.999914	0	0	8.57653e-05 8.6e-05 16
rVSVOmicron	428	A	187917	0.999873	1.15335e-05	1.15335e-05	0.000103801 0.000127 24
rVSVOmicron	429	C	188026	1.60921e-05	7.58188e-05	0.999908	0 9.2e-05 17
rVSVOmicron	430	A	187705	0.999685	5.76152e-06	0.000280134	2.88076e-05 0.000315 59
rVSVOmicron	431	A	187561	0.999929	0	0	7.11183e-05 7.1e-05 13
rVSVOmicron	432	C	188501	5.72071e-06	4.0045e-05	0.999949	5.72071e-06 5.1e-05 10
rVSVOmicron	433	A	188062	0.999494	0.000349701	1.172e-05	0.000144917 0.000506 95
rVSVOmicron	434	A	187159	0.999294	0	0.000651013	5.48661e-05 0.000706 132
rVSVOmicron	435	G	188154	7.8796e-05	1.18998e-05	0	0.999909 9.1e-05 17
rVSVOmicron	436	T	190613	1.73979e-05	0.999941	4.1849e-05	0 5.9e-05 11
rVSVOmicron	437	C	189876	5.11282e-05	8.21481e-05	0.999861	5.76751e-06 0.000139 26
rVSVOmicron	438	T	189516	0	0.999923	7.72272e-05	0 7.7e-05 15
rVSVOmicron	439	T	191141	4.83361e-05	0.999825	0.000115299	1.13913e-05 0.000175 33
rVSVOmicron	440	G	192138	6.21475e-05	4.51982e-05	2.25991e-05	0.99987 0.00013 25
rVSVOmicron	441	G	192560	5.05486e-05	4.06818e-05	2.38322e-05	0.999885 0.000115 22
rVSVOmicron	442	A	192178	0.999778	2.80554e-05	5.61107e-06	0.000187895 0.000222 43
rVSVOmicron	443	T	192641	1.24371e-05	0.999919	6.17305e-05	6.97691e-06 8.1e-05 16
rVSVOmicron	444	G	193825	6.94761e-05	4.48037e-05	2.37641e-05	0.999862 0.000138 27
rVSVOmicron	445	G	193746	6.41097e-05	4.46505e-05	2.92642e-05	0.999862 0.000138 27
rVSVOmicron	446	A	192863	0.999795	1.39462e-05	0	0.000191047 0.000205 40
rVSVOmicron	447	G	193708	8.35309e-05	1.10776e-05	1.24248e-05	0.999893 0.000107 21
rVSVOmicron	448	T	194526	3.33464e-05	0.999471	0.000490433	5.55774e-06 0.000529 103
rVSVOmicron	449	C	192634	2.79202e-05	0.000127528	0.999822	2.23362e-05 0.000178 34
rVSVOmicron	450	T	192385	2.22447e-05	0.999657	0.000321045	0 0.000343 66
rVSVOmicron	451	G	194411	0.000705313	5.63893e-05	2.67028e-05	0.999212 0.000788 153
rVSVOmicron	452	A	193475	0.998714	2.79529e-05	5.59058e-06	0.00125244 0.001286 249
rVSVOmicron	453	G	193744	0.000121734	2.90128e-05	1.10667e-05	0.999838 0.000162 31
rVSVOmicron	454	T	194263	3.22603e-05	0.999891	7.69399e-05	0 0.000109 21
rVSVOmicron	455	T	194601	5.56584e-06	0.999919	5.89678e-05	1.66975e-05 8.1e-05 16
rVSVOmicron	456	C	195457	5.49535e-05	8.92624e-05	0.999839	1.64861e-05 0.000161 31
rVSVOmicron	457	A	194200	0.999723	5.54037e-06	2.14128e-05	0.000250515 0.000277 54
rVSVOmicron	458	G	195069	7.75876e-05	1.7974e-05	1.10839e-05	0.999893 0.000107 21
rVSVOmicron	459	A	195565	0.999876	1.11146e-05	1.11146e-05	0.000101383 0.000124 24
rVSVOmicron	460	G	196135	0.000888498	1.09728e-05	0	0.999101 0.000899 176
rVSVOmicron	461	T	196729	5.46786e-06	0.99911	7.78801e-05	0.000806288 0.00089 175
rVSVOmicron	462	G	197330	0.000104721	4.73598e-05	2.85335e-05	0.999819 0.000181 36
rVSVOmicron	463	T	196616	5.45222e-06	0.999874	0.00012098	0 0.000126 25
rVSVOmicron	464	A	196253	0.99777	0	2.19206e-05	0.0022082 0.00223 438
rVSVOmicron	465	C	196068	1.94162e-06	0.00322399	0.996758	1.65785e-05 0.003242 636
rVSVOmicron	466	T	194971	1.67154e-05	0.999892	9.14074e-05	0 0.000108 21
rVSVOmicron	467	C	194860	3.98428e-05	2.75034e-05	0.999933	0 6.7e-05 13
rVSVOmicron	468	T	194711	7.53284e-06	0.999865	0.000127004	0 0.000135 26
rVSVOmicron	469	A	195615	0.999852	2.35957e-05	1.11216e-05	0.00011362 0.000148 29
rVSVOmicron	470	G	196246	3.54598e-05	4.54377e-05	0	0.999919 8.1e-05 16
rVSVOmicron	471	C	196996	1.09526e-05	0.000410131	0.999573	5.47631e-06 0.000427 84
rVSVOmicron	472	G	197405	0.00045477	4.49902e-05	2.4339e-05	0.999476 0.000524 103
rVSVOmicron	473	C	197782	1.09424e-05	4.37694e-05	0.99994	5.47118e-06 6e-05 12
rVSVOmicron	474	C	198278	3.25115e-05	7.04416e-05	0.999863	3.41224e-05 0.000137 27
rVSVOmicron	475	A	197851	0.999939	2.18648e-05	1.09324e-05	2.86606e-05 6.1e-05 12
rVSVOmicron	476	A	198114	0.999937	0	2.72143e-05	3.53051e-05 6.3e-05 12
rVSVOmicron	477	C	198920	0.000790871	7.54598e-05	0.999128	5.38999e-06 0.000872 173
rVSVOmicron	478	A	198797	0.999933	1.22164e-05	5.44588e-06	4.90129e-05 6.7e-05 13
rVSVOmicron	479	A	199213	0.999905	1.23325e-05	1.64929e-05	6.59715e-05 9.5e-05 19
rVSVOmicron	480	C	198398	1.62225e-05	9.99655e-05	0.999877	6.57668e-06 0.000123 24
rVSVOmicron	481	T	199841	1.64312e-05	0.999643	0.000262603	7.80111e-05 0.000357 71
rVSVOmicron	482	G	203324	0.000518539	4.26828e-05	3.73475e-05	0.999401 0.000599 122
rVSVOmicron	483	C	206275	0.000239433	0.000106633	0.999638	1.56152e-05 0.000362 75
rVSVOmicron	484	A	208930	0.999875	0	1.544e-05	0.000109332 0.000125 26
rVSVOmicron	485	C	212333	1.13961e-05	9.65232e-05	0.999887	5.08017e-06 0.000113 24
rVSVOmicron	486	C	197412	2.73232e-05	0.000178856	0.999772	2.18586e-05 0.000228 45
rVSVOmicron	487	T	197512	4.98221e-05	0.999778	0.000133158	3.90498e-05 0.000222 44
rVSVOmicron	488	T	198227	2.43367e-05	0.999812	0.000163425	0 0.000188 37
rVSVOmicron	489	C	198458	4.35571e-05	9.19375e-05	0.999843	2.16324e-05 0.000157 31
rVSVOmicron	490	G	198899	0.00017878	4.7294e-05	2.84057e-05	0.999746 0.000254 51
rVSVOmicron	491	A	197953	0.999863	5.42661e-06	0	0.000131559 0.000137 27
rVSVOmicron	492	G	198787	6.11202e-05	2.17447e-05	0	0.999917 8.3e-05 16
rVSVOmicron	493	T	199213	0	0.999934	5.57178e-05	1.07319e-05 6.6e-05 13
rVSVOmicron	494	A	199044	0.999874	5.37671e-06	0	0.000120903 0.000126 25
rVSVOmicron	495	C	198353	1.6257e-05	0.000303171	0.999094	0.000586571 0.000906 180
rVSVOmicron	496	G	197981	0.000239514	5.99891e-05	4.4218e-06	0.999696 0.000304 60
rVSVOmicron	497	T	198224	1.0972e-05	0.999904	7.32455e-05	1.23064e-05 9.6e-05 19
rVSVOmicron	498	G	199277	0.000149656	2.69847e-05	2.05667e-05	0.999803 0.000197 39
rVSVOmicron	499	T	199249	0.000590954	0.999326	7.72831e-05	5.37495e-06 0.000674 134
rVSVOmicron	500	C	199876	2.16641e-05	0.000167751	0.9998	1.08321e-05 0.0002 40
rVSVOmicron	501	C	200458	0.000764929	0.000106999	0.999106	2.18425e-05 0.000894 179
rVSVOmicron	502	C	200793	8.7393e-05	0.000125055	0.999777	1.07605e-05 0.000223 45
rVSVOmicron	503	A	199822	0.999749	3.67858e-05	4.97262e-05	0.0001643 0.000251 50
rVSVOmicron	504	G	200954	9.43537e-05	3.10623e-05	2.6979e-05	0.999848 0.000152 31
rVSVOmicron	505	C	202730	9.38005e-05	0.000135409	0.999755	1.60925e-05 0.000245 50
rVSVOmicron	506	C	197068	6.06551e-05	8.82256e-05	0.999835	1.65423e-05 0.000165 33
rVSVOmicron	507	T	197450	3.03376e-05	0.999669	0.0002264	7.39573e-05 0.000331 65
rVSVOmicron	508	T	198822	2.5962e-05	0.99976	0.000179043	3.51437e-05 0.00024 48
rVSVOmicron	509	T	199465	1.08655e-05	0.99987	0.000105572	1.3949e-05 0.00013 26
rVSVOmicron	510	C	201608	1.07517e-05	0.000243076	0.999735	1.07517e-05 0.000265 53
rVSVOmicron	511	C	197316	5.76214e-05	0.000207615	0.999706	2.88107e-05 0.000294 58
rVSVOmicron	512	T	197564	0	0.999718	0.000265164	1.64615e-05 0.000282 56
rVSVOmicron	513	C	199608	4.4314e-05	8.54315e-05	0.999644	0.000226219 0.000356 71
rVSVOmicron	514	A	199947	0.99924	0.000221588	0.00028421	0.000254705 0.00076 152
rVSVOmicron	515	T	201915	8.32155e-05	0.999812	6.66015e-05	3.86201e-05 0.000188 38
rVSVOmicron	516	G	206065	0.000159849	0.00224663	0.000233968	0.99736 0.00264 544
rVSVOmicron	517	G	209811	0.000303197	4.2456e-05	0	0.999654 0.000346 73
rVSVOmicron	518	A	215251	0.999783	0	0	0.000216777 0.000217 47
rVSVOmicron	519	C	219833	1.98918e-05	0.000283593	0.999652	4.47566e-05 0.000348 77
rVSVOmicron	520	C	174722	4.61634e-05	0.000149529	0.999792	1.23771e-05 0.000208 36
rVSVOmicron	521	T	175593	2.61266e-05	0.999394	0.000522698	5.69126e-05 0.000606 106
rVSVOmicron	522	G	175472	0.000106049	3.2247e-05	5.20273e-05	0.99981 0.00019 33
rVSVOmicron	523	G	176072	0.000111821	3.67768e-05	5.81471e-05	0.999793 0.000207 36
rVSVOmicron	524	A	175257	0.999439	8.0384e-05	2.47335e-05	0.000455398 0.000561 98
rVSVOmicron	525	G	174619	0.000357837	4.34913e-05	1.86391e-05	0.99958 0.00042 73
rVSVOmicron	526	G	174781	0.000181021	1.24842e-05	1.38339e-05	0.999793 0.000207 36
rVSVOmicron	527	G	174183	0.000226829	7.39293e-06	3.10839e-05	0.999735 0.000265 46
rVSVOmicron	528	C	174110	3.07753e-05	0.000295443	0.999649	2.46202e-05 0.000351 61
rVSVOmicron	529	A	173548	0.99978	3.89743e-05	6.24264e-06	0.000174794 0.00022 38
rVSVOmicron	530	A	173127	0.999673	2.03585e-05	6.07087e-05	0.000245953 0.000327 57
rVSVOmicron	531	G	173133	0.000172031	2.49859e-05	6.24647e-06	0.999797 0.000203 35
rVSVOmicron	532	C	174006	1.85197e-05	0.000425787	0.999537	1.85197e-05 0.000463 81
rVSVOmicron	533	A	173256	0.999753	3.93362e-05	1.26012e-05	0.000195319 0.000247 43
