rVSVOmicron	7	G	9760	0.000236066	0	0	0.999764 0.000236 2
rVSVOmicron	8	T	10494	0	0.9999	0.000100147	0 0.0001 1
rVSVOmicron	9	G	11378	0.000167178	0	9.97676e-05	0.999733 0.000267 3
rVSVOmicron	13	C	13962	0	0.000145472	0.999855	0 0.000145 2
rVSVOmicron	14	T	14452	0.000154997	0.999451	0.000393775	0 0.000549 8
rVSVOmicron	15	C	15409	0	0.000305586	0.999694	0 0.000306 5
rVSVOmicron	16	G	16511	0.000149673	6.75355e-05	6.75355e-05	0.999715 0.000285 5
rVSVOmicron	17	T	17327	0	0.999936	6.40336e-05	0 6.4e-05 1
rVSVOmicron	18	G	18302	0.000281259	6.05033e-05	0	0.999658 0.000342 6
rVSVOmicron	19	C	19128	5.77102e-05	6.70687e-05	0.999875	0 0.000125 2
rVSVOmicron	21	C	21111	5.22681e-05	0.000252864	0.999643	5.22681e-05 0.000357 8
rVSVOmicron	22	C	21570	5.10039e-05	0.00144741	0.998451	5.10039e-05 0.001549 33
rVSVOmicron	23	T	22420	5.03439e-05	0.999356	0.000593528	0 0.000644 14
rVSVOmicron	24	G	23523	4.68049e-05	9.36097e-05	5.56598e-05	0.999804 0.000196 5
rVSVOmicron	25	C	24493	0	9.97099e-05	0.9999	0 0.0001 2
rVSVOmicron	26	C	25043	4.38998e-05	4.50863e-05	0.999911	0 8.9e-05 2
rVSVOmicron	27	T	25777	0	0.999838	0.000161639	0 0.000162 4
rVSVOmicron	28	C	26458	0	4.12669e-05	0.999959	0 4.1e-05 1
rVSVOmicron	29	T	27267	0	0.999782	0.000187748	3.0387e-05 0.000218 6
rVSVOmicron	30	G	28689	0.000208973	0.000153109	9.00033e-05	0.999548 0.000452 13
rVSVOmicron	31	G	28875	3.79952e-05	0	0	0.999962 3.8e-05 1
rVSVOmicron	32	T	29664	0	0.999963	3.7097e-05	0 3.7e-05 1
rVSVOmicron	33	G	30596	3.57792e-05	0	1.35381e-05	0.999951 4.9e-05 1
rVSVOmicron	34	T	31195	0	0.999901	9.88153e-05	0 9.9e-05 3
rVSVOmicron	35	C	31912	0.000105059	0.000136392	0.999699	5.99018e-05 0.000301 10
rVSVOmicron	37	A	33982	0.984653	2.51308e-05	6.4127e-05	0.0152579 0.015347 522
rVSVOmicron	38	G	34897	6.53266e-05	0	0	0.999935 6.5e-05 2
rVSVOmicron	39	C	35755	6.10298e-05	9.64931e-05	0.999842	0 0.000158 6
rVSVOmicron	40	C	36733	0.000210822	0.00241845	0.997371	0 0.002629 97
rVSVOmicron	41	A	37568	0.999534	0	0.000105058	0.000360885 0.000466 18
rVSVOmicron	42	G	38432	0.000262858	0	2.84378e-05	0.999709 0.000291 11
rVSVOmicron	43	T	39193	3.33291e-05	0.999777	5.60536e-05	0.000134074 0.000223 9
rVSVOmicron	44	G	39883	5.47999e-05	5.6281e-05	5.47999e-05	0.999834 0.000166 7
rVSVOmicron	45	C	40818	8.02933e-05	0.000779786	0.999113	2.67644e-05 0.000887 36
rVSVOmicron	46	G	42909	0.000579558	0.000286337	5.71298e-05	0.999077 0.000923 40
rVSVOmicron	47	T	44758	0	0.999478	0.000522408	0 0.000522 23
rVSVOmicron	48	G	47112	0.000138943	0.00025911	4.63144e-05	0.999556 0.000444 21
rVSVOmicron	49	A	49214	0.999777	0	2.23454e-05	0.000201109 0.000223 11
rVSVOmicron	50	A	51631	0.999896	0	3.80091e-05	6.5922e-05 0.000104 5
rVSVOmicron	51	C	53376	0	0.000143216	0.999857	0 0.000143 8
rVSVOmicron	52	C	44286	0	8.38599e-05	0.999916	0 8.4e-05 4
rVSVOmicron	53	T	45244	0	0.999338	0.00063822	2.41207e-05 0.000662 30
rVSVOmicron	54	G	46402	0.000251807	4.71739e-05	0.000117935	0.999583 0.000417 19
rVSVOmicron	55	A	47223	0.999711	2.32769e-05	0.000149727	0.000116384 0.000289 14
rVSVOmicron	56	C	48126	0	0.000221623	0.999632	0.000146112 0.000368 18
rVSVOmicron	57	C	49091	5.96608e-05	0.00120587	0.998591	0.000143427 0.001409 69
rVSVOmicron	58	A	50138	0.99989	2.20022e-05	0	8.8009e-05 0.00011 6
rVSVOmicron	59	C	51088	0	0.000106865	0.999893	0 0.000107 5
rVSVOmicron	60	A	52141	0.999632	0	8.83288e-05	0.000279708 0.000368 19
rVSVOmicron	61	C	53098	4.11388e-05	0.000790532	0.999168	0 0.000832 44
rVSVOmicron	62	G	54153	0.000121976	0.000131866	4.06588e-05	0.999705 0.000295 16
rVSVOmicron	63	G	54752	0.000115674	4.01872e-05	2.00936e-05	0.999824 0.000176 10
rVSVOmicron	64	A	55286	0.999801	0	0	0.000198747 0.000199 11
rVSVOmicron	65	C	56237	0	0.000220256	0.99976	1.94964e-05 0.00024 13
rVSVOmicron	66	C	57341	3.00128e-05	0.000233784	0.999736	0 0.000264 15
rVSVOmicron	67	C	58449	1.90259e-05	0.000156835	0.999824	0 0.000176 10
rVSVOmicron	68	A	59680	0.999903	0	3.70207e-05	5.95332e-05 9.7e-05 6
rVSVOmicron	69	G	60218	0.000410154	7.31359e-05	5.48519e-05	0.999462 0.000538 32
rVSVOmicron	70	C	60671	0.000230521	0.000181089	0.999588	0 0.000412 25
rVSVOmicron	71	T	61692	3.57211e-05	0.999523	0.000441204	0 0.000477 29
rVSVOmicron	72	C	62907	0.000222977	0.000178571	0.999527	7.18063e-05 0.000473 30
rVSVOmicron	73	C	64570	0.000140088	5.16604e-05	0.999808	0 0.000192 12
rVSVOmicron	74	C	64488	0.000326037	0.000192552	0.999464	1.72088e-05 0.000536 35
rVSVOmicron	75	T	65416	3.36887e-05	0.999626	0.000327327	1.32023e-05 0.000374 24
rVSVOmicron	76	C	66455	1.65509e-05	4.96526e-05	0.999934	0 6.6e-05 4
rVSVOmicron	77	C	67508	9.89729e-05	0.000123047	0.999653	0.000124831 0.000347 23
rVSVOmicron	78	C	68559	0.000114495	0.000604938	0.999245	3.59717e-05 0.000755 52
rVSVOmicron	79	G	69721	0.000360425	6.33527e-05	6.33527e-05	0.999513 0.000487 34
rVSVOmicron	80	C	71511	1.53902e-05	0.000121458	0.999863	0 0.000137 10
rVSVOmicron	81	C	70909	9.6209e-05	0.000118476	0.99977	1.55447e-05 0.00023 16
rVSVOmicron	82	T	71810	0	0.999702	0.00029763	0 0.000298 21
rVSVOmicron	83	A	73132	0.999828	1.52857e-05	0.00014129	1.52857e-05 0.000172 13
rVSVOmicron	84	C	74089	2.69447e-05	9.41055e-05	0.999879	0 0.000121 9
rVSVOmicron	85	A	75088	0.999878	5.91715e-05	1.79913e-05	4.43786e-05 0.000122 9
rVSVOmicron	86	C	76089	2.97756e-05	0.000101472	0.999869	0 0.000131 10
rVSVOmicron	87	A	77141	0.999866	2.90353e-05	2.90353e-05	7.57273e-05 0.000134 10
rVSVOmicron	88	A	78123	0.999961	0	0	3.86065e-05 3.9e-05 3
rVSVOmicron	89	A	77488	0.999897	0	7.20159e-05	3.08045e-05 0.000103 8
rVSVOmicron	90	C	78046	9.29842e-06	0.000175508	0.999786	2.86701e-05 0.000214 17
rVSVOmicron	91	T	78796	1.41075e-05	0.999849	0.000136881	0 0.000151 12
rVSVOmicron	92	C	79463	1.73267e-05	1.39367e-05	0.999969	0 3.1e-05 2
rVSVOmicron	93	T	80304	5.61319e-05	0.999797	0.000147157	0 0.000203 16
rVSVOmicron	94	T	81180	1.40189e-05	0.999588	0.000383814	1.43978e-05 0.000412 33
rVSVOmicron	95	T	82134	0	0.999933	6.71197e-05	0 6.7e-05 6
rVSVOmicron	96	C	83498	1.33002e-05	0.000117904	0.999869	0 0.000131 11
rVSVOmicron	97	A	84626	0.999836	5.34393e-06	0	0.000158893 0.000164 14
rVSVOmicron	98	C	85675	0	0.000220818	0.999766	1.29687e-05 0.000234 20
rVSVOmicron	99	C	86624	3.90077e-05	9.38293e-05	0.999854	1.30026e-05 0.000146 13
rVSVOmicron	100	C	87699	0.00011875	0.000273265	0.999566	4.16668e-05 0.000434 38
rVSVOmicron	101	G	88918	0.000311009	0.000100501	0.000556829	0.999032 0.000968 86
rVSVOmicron	102	G	90287	5.43572e-05	1.2492e-05	1.2492e-05	0.999921 7.9e-05 7
rVSVOmicron	103	G	91333	0.000232733	1.24259e-05	2.48518e-05	0.99973 0.00027 25
rVSVOmicron	104	G	92224	0.000125431	2.45552e-05	9.95482e-06	0.99984 0.00016 15
rVSVOmicron	105	C	93388	0	0.000451598	0.999369	0.000179032 0.000631 59
rVSVOmicron	106	G	94541	0.000494247	3.52807e-05	1.17602e-05	0.999459 0.000541 51
rVSVOmicron	107	T	95519	0	0.999898	7.07689e-05	3.15591e-05 0.000102 10
rVSVOmicron	108	G	96910	0.00056092	3.4437e-05	3.4437e-05	0.99937 0.00063 61
rVSVOmicron	109	T	97942	4.54934e-05	0.999854	0.000100516	0 0.000146 14
rVSVOmicron	110	A	99352	0.999833	6.83384e-05	0	9.89834e-05 0.000167 17
rVSVOmicron	111	C	100379	1.10524e-05	7.37822e-05	0.999904	1.10524e-05 9.6e-05 10
rVSVOmicron	112	T	101646	1.09659e-05	0.999683	0.00022643	7.94284e-05 0.000317 32
rVSVOmicron	113	A	103175	0.999783	0	0	0.000217192 0.000217 22
rVSVOmicron	114	C	104328	2.3632e-05	0.000135163	0.999841	0 0.000159 17
rVSVOmicron	115	C	102243	1.10242e-05	4.79703e-05	0.999941	0 5.9e-05 6
rVSVOmicron	116	C	103201	6.19946e-05	0.000177678	0.999736	2.46199e-05 0.000264 27
rVSVOmicron	117	C	104331	0.000326902	0.000209335	0.999453	1.08479e-05 0.000547 57
rVSVOmicron	118	G	105489	0.00026645	3.43806e-05	2.12014e-05	0.999678 0.000322 34
rVSVOmicron	119	A	107588	0.999959	0	1.03927e-05	3.08971e-05 4.1e-05 4
rVSVOmicron	120	C	110399	1.0091e-05	0.000133911	0.999833	2.26366e-05 0.000167 18
rVSVOmicron	121	A	113549	0.999641	3.98806e-05	9.97015e-06	0.000309344 0.000359 41
rVSVOmicron	122	A	116952	0.999842	2.15472e-05	1.6029e-05	0.000120875 0.000158 18
rVSVOmicron	123	G	118591	0.000151929	0.00011677	9.49554e-06	0.999722 0.000278 33
rVSVOmicron	124	G	108182	2.13525e-05	2.33192e-05	0	0.999955 4.5e-05 5
rVSVOmicron	125	T	108975	0	0.999862	0.000137492	0 0.000138 15
rVSVOmicron	126	G	110255	0.00015472	1.01681e-05	1.26414e-05	0.999822 0.000178 20
rVSVOmicron	127	T	111039	8.34514e-06	0.999839	0.00015216	0 0.000161 18
rVSVOmicron	128	T	112025	8.14191e-06	0.999963	2.84967e-05	0 3.7e-05 4
rVSVOmicron	129	C	113180	4.20792e-05	0.000255424	0.999685	1.79574e-05 0.000315 36
rVSVOmicron	130	C	114185	4.60384e-05	0.00025707	0.999647	4.97641e-05 0.000353 40
rVSVOmicron	131	G	115738	0.000170918	0.000120509	0.000184571	0.999524 0.000476 55
rVSVOmicron	132	G	115743	9.31758e-05	2.96588e-05	3.88451e-05	0.999838 0.000162 19
rVSVOmicron	133	T	116549	0	0.999886	0.000114119	0 0.000114 13
rVSVOmicron	134	C	117389	0	4.04083e-05	0.99996	0 4e-05 5
rVSVOmicron	135	T	118149	0	0.999815	0.000175443	1.00033e-05 0.000185 22
rVSVOmicron	136	A	119503	0.999855	1.89793e-05	0	0.000125674 0.000145 17
rVSVOmicron	137	G	118954	0.000286538	2.87834e-05	1.91889e-05	0.999665 0.000335 40
rVSVOmicron	138	C	119689	3.01655e-05	0.226387	0.773571	1.21676e-05 0.226429 27101
rVSVOmicron	139	G	121539	0.000141398	5.0141e-06	0	0.999854 0.000146 18
rVSVOmicron	140	T	122413	0	0.999874	0.000101531	2.41977e-05 0.000126 15
rVSVOmicron	141	G	123724	9.32995e-05	6.94207e-05	4.20956e-05	0.999795 0.000205 25
rVSVOmicron	142	C	124573	0	0.000128537	0.999862	9.02443e-06 0.000138 17
rVSVOmicron	143	T	125488	2.01381e-05	0.9998	0.000179544	0 0.0002 25
rVSVOmicron	144	C	126939	8.84189e-06	0.000569227	0.999387	3.53676e-05 0.000613 78
rVSVOmicron	145	C	127914	0.000489308	0.00020465	0.99928	2.63528e-05 0.00072 92
rVSVOmicron	146	A	127916	0.999427	2.63394e-05	0.000474583	7.2374e-05 0.000573 73
rVSVOmicron	147	C	128024	9.19571e-06	1.74483e-05	0.999965	8.72414e-06 3.5e-05 4
rVSVOmicron	148	T	128495	8.75141e-06	0.999904	8.75141e-05	0 9.6e-05 12
rVSVOmicron	149	C	128908	5.16229e-05	7.09233e-05	0.999851	2.6044e-05 0.000149 19
rVSVOmicron	150	T	129127	8.67214e-06	0.999732	0.000259227	0 0.000268 35
rVSVOmicron	151	A	129556	0.999959	1.74422e-05	0	2.33349e-05 4.1e-05 5
rVSVOmicron	152	C	130020	1.70988e-05	8.04104e-05	0.999877	2.54171e-05 0.000123 16
rVSVOmicron	153	A	129459	0.999911	1.94303e-05	0	6.92937e-05 8.9e-05 12
rVSVOmicron	154	C	130102	3.06149e-05	0.000191976	0.999767	1.05886e-05 0.000233 30
rVSVOmicron	155	A	131178	0.999486	6.02723e-05	5.12661e-05	0.000402277 0.000514 67
rVSVOmicron	156	G	132357	0.000149226	4.20835e-05	1.68334e-05	0.999792 0.000208 28
rVSVOmicron	157	G	134366	0.000716776	2.49333e-05	2.69549e-05	0.999231 0.000769 103
rVSVOmicron	158	A	135711	0.999851	1.64166e-05	1.33108e-05	0.00011891 0.000149 20
rVSVOmicron	159	C	137871	0.000114653	0.000179981	0.998963	0.000742285 0.001037 143
rVSVOmicron	160	C	129362	3.48553e-05	9.01591e-05	0.999875	0 0.000125 16
rVSVOmicron	161	T	130205	8.51787e-06	0.999467	0.000472626	5.15676e-05 0.000533 69
rVSVOmicron	162	G	131356	0.00019111	1.69367e-05	0.000149913	0.999642 0.000358 47
rVSVOmicron	163	T	131787	2.34432e-05	0.999214	4.90616e-05	0.000713931 0.000786 104
rVSVOmicron	164	T	132404	0.000165312	0.999198	7.37266e-05	0.000563253 0.000802 106
rVSVOmicron	165	C	133932	5.57748e-05	0.000267132	0.999677	0 0.000323 43
rVSVOmicron	166	C	132274	2.70999e-05	0.000153718	0.999811	8.42602e-06 0.000189 25
rVSVOmicron	167	T	132529	3.18438e-05	0.999748	0.000220197	0 0.000252 33
rVSVOmicron	168	C	133494	8.34705e-06	0.000542558	0.999414	3.54186e-05 0.000586 78
rVSVOmicron	169	C	134032	6.91401e-05	0.000429444	0.999485	1.68857e-05 0.000515 69
rVSVOmicron	170	C	134403	6.75925e-05	0.000142169	0.999782	8.3364e-06 0.000218 29
rVSVOmicron	171	T	134699	0	0.999781	0.000192309	2.69549e-05 0.000219 29
rVSVOmicron	172	T	135464	2.5799e-05	0.999878	7.85697e-05	1.73557e-05 0.000122 17
rVSVOmicron	173	T	135927	3.31371e-05	0.999909	4.94817e-05	8.28427e-06 9.1e-05 12
rVSVOmicron	174	C	135761	5.06433e-05	6.51758e-05	0.999884	0 0.000116 16
rVSVOmicron	175	T	136157	2.46964e-05	0.999848	0.000118587	8.23213e-06 0.000152 21
rVSVOmicron	176	T	137116	0	0.999868	0.000131778	0 0.000132 18
rVSVOmicron	177	C	137596	8.18621e-05	0.000128857	0.999763	2.5988e-05 0.000237 33
rVSVOmicron	178	A	136952	0.999716	1.61999e-05	1.09459e-05	0.000256791 0.000284 39
rVSVOmicron	179	G	137220	6.64104e-05	6.44507e-05	2.26449e-05	0.999847 0.000153 21
rVSVOmicron	180	C	138815	3.18184e-05	0.000105345	0.999837	2.57987e-05 0.000163 23
rVSVOmicron	181	A	139062	0.999845	8.50593e-05	0	7.00615e-05 0.000155 22
rVSVOmicron	182	A	138943	0.99991	0	1.62631e-05	7.34039e-05 9e-05 13
rVSVOmicron	183	C	139976	0	0.000191227	0.999801	7.86156e-06 0.000199 28
rVSVOmicron	184	G	138898	0.000253818	2.24084e-05	2.24084e-05	0.999701 0.000299 42
rVSVOmicron	185	T	139456	5.46865e-05	0.999871	6.60975e-05	7.96614e-06 0.000129 18
rVSVOmicron	186	G	140618	9.41046e-05	2.54337e-05	6.35842e-06	0.999874 0.000126 18
rVSVOmicron	187	A	140811	0.999232	2.35237e-05	0	0.00074407 0.000768 108
rVSVOmicron	188	C	141917	0	0.000235598	0.999756	8.17467e-06 0.000244 35
rVSVOmicron	189	A	140067	0.999751	7.92104e-06	7.92104e-06	0.000233564 0.000249 35
rVSVOmicron	190	T	140724	7.86592e-06	0.998935	9.94932e-05	0.000957941 0.001065 150
rVSVOmicron	191	G	141389	3.14271e-05	8.02666e-05	1.31654e-05	0.999875 0.000125 18
rVSVOmicron	192	G	141356	0.000107551	9.73886e-06	7.83343e-06	0.999875 0.000125 18
rVSVOmicron	193	T	141677	9.93968e-06	0.999858	0.000100045	3.19798e-05 0.000142 20
rVSVOmicron	194	T	142095	0.000101313	0.999788	0.000110543	0 0.000212 30
rVSVOmicron	195	C	142743	3.09762e-05	0.000139812	0.999806	2.32322e-05 0.000194 28
rVSVOmicron	196	C	143160	5.86865e-05	0.000163573	0.999753	2.4973e-05 0.000247 35
rVSVOmicron	197	A	142772	0.999705	1.69032e-05	4.04843e-05	0.000237271 0.000295 42
rVSVOmicron	198	C	143321	7.658e-06	0.000113214	0.999871	7.658e-06 0.000129 18
rVSVOmicron	199	G	142759	0.000326209	0.000241474	3.08886e-05	0.999401 0.000599 86
rVSVOmicron	200	T	142976	9.74883e-06	0.999669	5.38305e-05	0.000267881 0.000331 47
rVSVOmicron	201	G	143942	4.76111e-05	3.62751e-05	1.93742e-05	0.999897 0.000103 15
rVSVOmicron	202	A	143569	0.999969	7.63525e-06	0	2.33185e-05 3.1e-05 4
rVSVOmicron	203	T	143991	0.000497556	0.997882	0.00162094	0 0.002118 305
rVSVOmicron	204	C	143364	2.32936e-05	0.000109047	0.999211	0.000656961 0.000789 113
rVSVOmicron	205	T	144250	9.48407e-06	0.999287	0.000703677	0 0.000713 103
rVSVOmicron	206	C	143744	3.80014e-05	0.000108047	0.999839	1.52006e-05 0.000161 23
rVSVOmicron	207	T	144254	7.59799e-06	0.999861	0.000123621	7.59799e-06 0.000139 20
rVSVOmicron	208	G	145289	0.000121116	1.51395e-05	3.0279e-05	0.999833 0.000167 24
rVSVOmicron	209	G	145540	0.000368306	7.55814e-06	1.51163e-05	0.999609 0.000391 57
rVSVOmicron	210	C	146309	0.000112176	0.000251032	0.999622	1.47547e-05 0.000378 55
rVSVOmicron	211	A	146182	0.999874	1.68151e-05	4.49754e-05	6.44243e-05 0.000126 18
rVSVOmicron	212	C	147153	7.41356e-06	0.000241241	0.999744	7.41356e-06 0.000256 38
rVSVOmicron	213	A	146929	0.99989	1.49622e-05	3.74054e-05	5.76245e-05 0.00011 16
rVSVOmicron	214	A	147033	0.999861	7.57345e-06	3.19313e-05	9.92736e-05 0.000139 20
rVSVOmicron	215	A	147277	0.99992	7.79014e-06	7.79014e-06	6.40055e-05 8e-05 12
rVSVOmicron	216	C	147534	2.95712e-05	0.000250956	0.999712	7.39281e-06 0.000288 42
rVSVOmicron	217	G	147921	0.000226785	2.99413e-05	2.93343e-05	0.999714 0.000286 42
rVSVOmicron	218	G	147976	0.000502325	7.91031e-05	7.42847e-06	0.999411 0.000589 87
rVSVOmicron	219	C	148179	2.94877e-05	0.000258017	0.999712	0 0.000288 43
rVSVOmicron	220	A	147920	0.999889	2.22193e-05	0	8.88773e-05 0.000111 16
rVSVOmicron	221	C	148825	4.41214e-05	0.000104269	0.999852	0 0.000148 22
rVSVOmicron	222	A	148660	0.999912	1.4882e-05	2.61441e-06	7.05891e-05 8.8e-05 13
rVSVOmicron	223	A	148817	0.999876	2.25176e-05	1.01431e-05	9.08818e-05 0.000124 18
rVSVOmicron	224	A	148529	0.999903	7.29368e-06	1.49926e-05	7.49628e-05 9.7e-05 14
rVSVOmicron	225	G	149062	0.000128673	0.00062118	2.62186e-06	0.999248 0.000752 112
rVSVOmicron	226	C	150008	3.52206e-05	0.000309115	0.999648	7.28024e-06 0.000352 53
rVSVOmicron	227	G	150800	0.000670535	7.23839e-05	9.04799e-06	0.999248 0.000752 113
rVSVOmicron	228	G	150992	0.000163626	1.45009e-05	0	0.999822 0.000178 27
rVSVOmicron	229	T	150860	0	0.999916	8.42054e-05	0 8.4e-05 13
rVSVOmicron	230	T	150602	1.45857e-05	0.999864	3.64643e-05	8.53462e-05 0.000136 20
rVSVOmicron	231	C	151407	4.16284e-05	0.000685223	0.997044	0.00222954 0.002956 448
rVSVOmicron	232	G	151506	0.000115487	2.16538e-05	2.16538e-05	0.999841 0.000159 24
rVSVOmicron	233	A	151161	0.999312	1.25927e-05	7.16813e-06	0.00066838 0.000688 104
rVSVOmicron	234	C	152202	0	0.000109634	0.999877	1.30791e-05 0.000123 19
rVSVOmicron	235	A	152208	0.999882	0	5.87136e-06	0.000112143 0.000118 18
rVSVOmicron	236	A	151588	0.999834	2.0496e-05	6.60206e-05	7.92248e-05 0.000166 25
rVSVOmicron	237	C	151566	7.24119e-06	0.000331529	0.999661	0 0.000339 51
rVSVOmicron	238	C	153650	2.1895e-05	7.51794e-05	0.999903	0 9.7e-05 15
rVSVOmicron	239	C	153560	4.30932e-05	0.000122874	0.999818	1.61114e-05 0.000182 28
rVSVOmicron	240	C	153987	7.70908e-05	7.88254e-05	0.999808	3.604e-05 0.000192 30
rVSVOmicron	241	G	154473	0.000150122	5.94788e-05	1.40621e-05	0.999776 0.000224 35
rVSVOmicron	242	T	154545	2.18465e-05	0.99982	0.000151959	5.99329e-06 0.00018 28
rVSVOmicron	243	G	155420	0.000333543	0.000222425	5.31108e-05	0.999391 0.000609 95
rVSVOmicron	244	C	153969	2.81315e-05	0.000297471	0.999663	1.17848e-05 0.000337 52
rVSVOmicron	245	T	154328	4.06594e-05	0.999739	0.00021124	8.69921e-06 0.000261 40
rVSVOmicron	246	C	155599	0.000111244	0.000113695	0.999596	0.000178934 0.000404 63
rVSVOmicron	247	C	156081	8.71759e-06	0.000129627	0.999855	7.01198e-06 0.000145 23
rVSVOmicron	248	C	156239	0.000114087	0.000197952	0.999667	2.1344e-05 0.000333 52
rVSVOmicron	249	T	156310	7.00659e-06	0.999833	0.000146002	1.40132e-05 0.000167 26
rVSVOmicron	250	T	156654	3.00105e-05	0.999883	7.24458e-05	1.41451e-05 0.000117 18
rVSVOmicron	251	T	156544	1.4014e-05	0.999904	8.20008e-05	0 9.6e-05 15
rVSVOmicron	252	C	156614	2.92639e-05	6.03918e-05	0.999897	1.37932e-05 0.000103 16
rVSVOmicron	253	A	156299	0.9997	2.95476e-05	1.39269e-05	0.000256142 0.0003 47
rVSVOmicron	254	A	156653	0.999743	0	1.39804e-05	0.000242579 0.000257 40
rVSVOmicron	255	C	157668	1.23448e-05	0.000299407	0.999681	6.81726e-06 0.000319 50
rVSVOmicron	256	G	158237	0.000248513	6.87217e-06	1.37443e-05	0.999731 0.000269 43
rVSVOmicron	257	A	157536	0.999966	6.88234e-06	0	2.75293e-05 3.4e-05 5
rVSVOmicron	258	C	158575	1.35423e-05	0.000224546	0.999762	0 0.000238 38
rVSVOmicron	259	G	159006	0.000142691	7.68905e-05	6.83882e-06	0.999774 0.000226 36
rVSVOmicron	260	G	159194	5.07181e-05	0	2.71967e-05	0.999922 7.8e-05 12
rVSVOmicron	261	C	159272	1.35071e-05	0.000545943	0.999434	6.75356e-06 0.000566 90
rVSVOmicron	262	G	159641	0.000331158	2.70035e-05	2.02526e-05	0.999622 0.000378 60
rVSVOmicron	263	T	159613	2.06328e-05	0.999854	0.00012547	0 0.000146 23
rVSVOmicron	264	G	160351	0.000161563	6.71666e-06	1.34333e-05	0.999818 0.000182 29
rVSVOmicron	265	T	160400	6.71617e-06	0.9998	0.000132508	6.06271e-05 0.0002 32
rVSVOmicron	266	A	160675	0.999897	0	4.12504e-05	6.15981e-05 0.000103 17
rVSVOmicron	267	C	160952	8.05503e-05	0.000289001	0.999624	6.71253e-06 0.000376 61
rVSVOmicron	268	T	161081	4.98735e-05	0.999751	0.000171766	2.75421e-05 0.000249 40
rVSVOmicron	269	T	160197	6.0914e-05	0.999898	4.06093e-05	0 0.000102 16
rVSVOmicron	270	C	161393	4.81534e-05	0.000279397	0.999659	1.32961e-05 0.000341 55
rVSVOmicron	271	G	161747	0.000151972	4.30588e-05	8.68414e-06	0.999796 0.000204 33
rVSVOmicron	272	C	162367	1.7228e-05	0.000156668	0.999819	6.63998e-06 0.000181 29
rVSVOmicron	273	C	163260	6.06332e-05	0.000161213	0.999739	3.95899e-05 0.000261 43
rVSVOmicron	274	A	162514	0.999699	2.17607e-05	3.35478e-05	0.000245352 0.000301 49
rVSVOmicron	275	G	163450	0.000162118	1.31688e-05	6.58438e-06	0.999818 0.000182 30
rVSVOmicron	276	C	164587	1.9654e-05	0.000228235	0.999739	1.31027e-05 0.000261 43
rVSVOmicron	277	A	164232	0.99993	6.59264e-06	1.42544e-05	4.91775e-05 7e-05 11
rVSVOmicron	278	T	164880	2.13129e-05	0.987869	0.0121029	6.57147e-06 0.012131 2000
rVSVOmicron	279	A	163952	0.987696	4.67155e-05	0.0121455	0.000112009 0.012304 2017
rVSVOmicron	280	G	164718	0.000107432	5.67907e-05	7.63238e-05	0.999759 0.000241 40
rVSVOmicron	281	A	164323	0.999894	1.31909e-05	0	9.23361e-05 0.000106 17
rVSVOmicron	282	G	165384	0.000582797	6.56823e-06	1.97047e-05	0.999391 0.000609 101
rVSVOmicron	283	A	166284	0.999915	1.99053e-05	0	6.50958e-05 8.5e-05 14
rVSVOmicron	284	A	164747	0.999845	1.91706e-05	2.72813e-05	0.000108388 0.000155 26
rVSVOmicron	285	G	165870	8.63807e-05	4.69076e-05	0	0.999867 0.000133 22
rVSVOmicron	286	T	166541	1.31696e-05	0.999919	5.26783e-05	1.47713e-05 8.1e-05 13
rVSVOmicron	287	C	166515	1.30334e-05	6.51672e-05	0.999889	3.25836e-05 0.000111 18
rVSVOmicron	288	T	166759	1.30552e-05	0.999755	0.00016566	6.63344e-05 0.000245 41
rVSVOmicron	289	A	167383	0.999533	6.51742e-06	0.000208558	0.000252066 0.000467 78
rVSVOmicron	290	A	167789	0.999649	0.000170004	2.50942e-05	0.00015622 0.000351 59
rVSVOmicron	291	C	168762	1.9266e-05	6.09222e-05	0.998914	0.00100582 0.001086 183
rVSVOmicron	292	A	165702	0.99998	0	0	1.95975e-05 2e-05 3
rVSVOmicron	293	T	166303	1.33389e-05	0.999905	7.49865e-05	6.66947e-06 9.5e-05 16
rVSVOmicron	294	T	166615	1.31307e-05	0.999844	0.000142663	0 0.000156 26
rVSVOmicron	295	A	166629	0.999972	0	0	2.79185e-05 2.8e-05 5
rVSVOmicron	296	T	167150	6.53157e-06	0.999939	5.49005e-05	0 6.1e-05 10
rVSVOmicron	297	C	167694	1.94061e-05	0.000156822	0.999816	7.86733e-06 0.000184 31
rVSVOmicron	298	C	168096	5.17713e-05	0.000147793	0.999788	1.29428e-05 0.000212 36
rVSVOmicron	299	G	168774	0.000142171	3.24712e-05	8.60047e-05	0.999739 0.000261 44
rVSVOmicron	300	G	169245	0.000106895	1.40191e-05	1.92762e-05	0.99986 0.00014 24
rVSVOmicron	301	G	169659	9.34091e-05	5.20297e-05	1.27455e-05	0.999842 0.000158 27
rVSVOmicron	302	G	169608	0.000152256	4.49137e-05	0.000559774	0.999243 0.000757 128
rVSVOmicron	303	C	169305	6.461e-06	0.000163097	0.999758	7.26426e-05 0.000242 41
rVSVOmicron	304	T	169688	0.000497851	0.999188	0.000307905	6.41829e-06 0.000812 138
rVSVOmicron	305	G	171164	0.000576321	3.45246e-05	2.05096e-05	0.999369 0.000631 108
rVSVOmicron	306	G	171386	5.06521e-05	2.5155e-05	0.000483591	0.999441 0.000559 96
rVSVOmicron	307	A	170989	0.999896	8.88499e-06	1.2644e-05	8.21862e-05 0.000104 18
rVSVOmicron	308	T	171473	1.79185e-05	0.999868	9.48113e-05	1.93102e-05 0.000132 23
rVSVOmicron	309	T	171828	1.16266e-05	0.99904	0.000941751	6.42064e-06 0.00096 165
rVSVOmicron	310	T	172268	0	0.999808	0.00018567	6.37272e-06 0.000192 33
rVSVOmicron	311	T	172617	6.30787e-06	0.999916	7.72288e-05	0 8.4e-05 14
rVSVOmicron	312	C	173284	5.39316e-05	0.000250899	0.999687	7.70452e-06 0.000313 54
rVSVOmicron	313	G	173680	0.000233236	3.76023e-05	4.33612e-05	0.999686 0.000314 55
rVSVOmicron	314	G	173851	0.000134823	3.11002e-05	6.22003e-06	0.999828 0.000172 30
rVSVOmicron	315	C	173891	0	0.000231917	0.999762	6.18668e-06 0.000238 41
rVSVOmicron	316	A	172833	0.999912	2.73747e-05	1.24278e-05	4.83676e-05 8.8e-05 15
rVSVOmicron	317	C	173680	0	0.000318057	0.999676	6.19048e-06 0.000324 56
rVSVOmicron	318	C	173970	8.75383e-05	0.000310165	0.999596	6.21673e-06 0.000404 70
rVSVOmicron	319	A	173540	0.999057	6.15553e-06	5.58989e-05	0.000881406 0.000943 164
rVSVOmicron	320	C	174540	0.000268276	4.33293e-05	0.998909	0.000779264 0.001091 190
rVSVOmicron	321	A	173577	0.998735	2.49274e-05	0.00114548	9.49935e-05 0.001265 220
rVSVOmicron	322	C	172962	1.85535e-05	0.000381099	0.9996	0 0.0004 69
rVSVOmicron	323	T	173083	0.000689402	0.999227	7.68269e-05	6.28893e-06 0.000773 134
rVSVOmicron	324	C	174565	5.66528e-05	0.000809704	0.99912	1.34178e-05 0.00088 154
rVSVOmicron	325	G	175007	0.000303399	4.81242e-05	1.23225e-05	0.999636 0.000364 64
rVSVOmicron	326	A	174208	0.999937	0	3.2096e-05	3.10982e-05 6.3e-05 11
rVSVOmicron	327	C	174147	6.81032e-05	3.71472e-05	0.999884	1.12111e-05 0.000116 20
rVSVOmicron	328	T	174330	2.47636e-05	0.999862	0.000107086	6.19091e-06 0.000138 24
rVSVOmicron	329	C	174889	0.000113409	1.63666e-05	0.999838	3.20718e-05 0.000162 28
rVSVOmicron	330	T	174707	0	0.999735	0.000219647	4.54672e-05 0.000265 46
rVSVOmicron	331	A	175516	0.999897	6.2418e-06	0	9.66636e-05 0.000103 18
rVSVOmicron	332	A	174522	0.999883	3.71611e-05	0	7.98461e-05 0.000117 20
rVSVOmicron	333	G	175520	6.23407e-06	3.26867e-05	1.39845e-05	0.999947 5.3e-05 9
rVSVOmicron	334	A	176573	0.999931	3.67384e-05	0	3.21047e-05 6.9e-05 12
rVSVOmicron	335	C	177322	0.000123837	0.000115995	0.99976	0 0.00024 43
rVSVOmicron	336	A	176344	0.999858	6.16964e-06	9.25445e-05	4.31875e-05 0.000142 25
rVSVOmicron	337	C	177560	1.20544e-05	0.000147422	0.99981	3.0136e-05 0.00019 34
rVSVOmicron	338	A	176474	0.999515	2.85617e-05	4.42459e-05	0.000411751 0.000485 86
rVSVOmicron	339	G	177540	7.66644e-05	0	6.13979e-06	0.999917 8.3e-05 15
rVSVOmicron	340	T	178056	2.42953e-05	0.999766	0.000124431	8.5526e-05 0.000234 42
rVSVOmicron	341	C	178911	1.20895e-05	0.00014099	0.999789	5.76704e-05 0.000211 38
rVSVOmicron	342	C	179279	4.04751e-05	0.000210305	0.999662	8.75583e-05 0.000338 61
rVSVOmicron	343	C	178994	4.36962e-05	0.000146089	0.99978	3.01634e-05 0.00022 39
rVSVOmicron	344	T	178834	2.40473e-05	0.999746	0.000217563	1.20236e-05 0.000254 45
rVSVOmicron	345	C	180425	2.38801e-05	5.8732e-05	0.999862	5.51823e-05 0.000138 25
rVSVOmicron	346	C	177560	0.000235221	0.000102817	0.999629	3.31826e-05 0.000371 66
rVSVOmicron	347	T	177696	6.0798e-06	0.999779	0.000215422	0 0.000221 39
rVSVOmicron	348	G	178631	8.38049e-05	3.01047e-05	1.20419e-05	0.999874 0.000126 23
rVSVOmicron	349	A	176960	0.999938	1.21265e-05	6.06325e-06	4.39176e-05 6.2e-05 11
rVSVOmicron	350	T	177574	1.89374e-05	0.999887	8.83187e-05	6.20074e-06 0.000113 20
rVSVOmicron	351	T	179088	0	0.999933	4.82554e-05	1.84218e-05 6.7e-05 12
rVSVOmicron	352	G	175930	0.000252488	6.12193e-06	1.98549e-05	0.999722 0.000278 49
rVSVOmicron	353	T	176121	1.21602e-05	0.99976	0.000227921	0 0.00024 42
rVSVOmicron	354	G	177378	0.000140597	3.66205e-05	1.35692e-05	0.999809 0.000191 34
rVSVOmicron	355	A	177622	0.9999	6.13851e-06	7.46576e-06	8.59392e-05 0.0001 18
rVSVOmicron	356	A	177611	0.999937	1.21605e-05	1.82408e-05	3.2209e-05 6.3e-05 11
rVSVOmicron	357	C	178674	1.9301e-05	7.34735e-05	0.999889	1.80034e-05 0.000111 20
rVSVOmicron	358	A	177020	0.999936	0	1.97634e-05	4.41382e-05 6.4e-05 11
rVSVOmicron	359	A	177246	0.999873	3.66221e-05	0	8.99055e-05 0.000127 23
rVSVOmicron	360	C	178323	1.90143e-05	0.000409864	0.99941	0.000161378 0.00059 105
rVSVOmicron	361	G	178101	0.000299277	3.64451e-05	1.21484e-05	0.999652 0.000348 62
rVSVOmicron	362	C	177841	1.21158e-05	3.02895e-05	0.999952	6.0579e-06 4.8e-05 9
rVSVOmicron	363	C	178008	2.55027e-05	0.000695721	0.999243	3.60612e-05 0.000757 135
rVSVOmicron	364	A	177315	0.999897	3.04313e-05	6.08627e-06	6.69489e-05 0.000103 18
rVSVOmicron	365	C	178662	5.92436e-05	4.77823e-05	0.999886	7.42563e-06 0.000114 20
rVSVOmicron	366	A	178608	0.999184	0	0.000558878	0.000256857 0.000816 146
rVSVOmicron	367	A	179002	0.999919	1.24477e-05	1.24477e-05	5.6183e-05 8.1e-05 14
rVSVOmicron	368	A	177373	0.999928	0	4.62986e-05	2.55679e-05 7.2e-05 13
rVSVOmicron	369	C	178135	6.06287e-06	9.99554e-05	0.999838	5.58767e-05 0.000162 29
rVSVOmicron	370	G	177439	0.000110313	3.04143e-05	1.21657e-05	0.999847 0.000153 27
rVSVOmicron	371	T	176632	6.34792e-06	0.999943	5.07834e-05	0 5.7e-05 10
rVSVOmicron	372	G	176972	0.000122086	6.25277e-05	1.83129e-05	0.999797 0.000203 36
rVSVOmicron	373	G	175750	6.11056e-05	0.000821457	0	0.999117 0.000883 155
rVSVOmicron	374	T	175813	0.000531985	0.999297	0.000164981	6.28663e-06 0.000703 124
rVSVOmicron	375	G	177226	6.19803e-05	8.61837e-05	0.000524134	0.999328 0.000672 119
rVSVOmicron	376	A	177760	0.999621	0.000146758	6.07387e-06	0.00022621 0.000379 67
rVSVOmicron	377	T	178249	2.51114e-05	0.999896	2.47766e-05	5.45754e-05 0.000104 19
rVSVOmicron	378	T	178525	3.15295e-05	0.999884	4.20934e-05	4.24185e-05 0.000116 21
rVSVOmicron	379	A	179406	0.999703	1.81022e-05	6.81687e-05	0.000211192 0.000297 53
rVSVOmicron	380	A	179709	0.999612	9.29681e-05	5.40286e-05	0.000241425 0.000388 70
rVSVOmicron	381	G	181318	6.71161e-05	9.84155e-05	0	0.999834 0.000166 30
rVSVOmicron	382	G	179797	7.42318e-05	6.0232e-06	6.0232e-06	0.999914 8.6e-05 15
rVSVOmicron	383	T	179537	0	0.999933	6.11995e-05	5.97462e-06 6.7e-05 12
rVSVOmicron	384	G	181021	5.92318e-05	4.29031e-05	0	0.999898 0.000102 18
rVSVOmicron	385	T	180969	0	0.999945	5.53573e-05	0 5.5e-05 10
rVSVOmicron	386	G	181951	0.000160582	2.50113e-05	7.96539e-06	0.999806 0.000194 35
rVSVOmicron	387	C	182307	3.53802e-05	0.000758761	0.99918	2.56586e-05 0.00082 149
rVSVOmicron	388	G	183174	0.000136824	4.83002e-05	3.51562e-05	0.99978 0.00022 40
rVSVOmicron	389	A	182152	0.999932	1.17043e-05	5.85215e-06	5.02968e-05 6.8e-05 12
rVSVOmicron	390	G	183779	8.76444e-05	1.74659e-05	1.1644e-05	0.999883 0.000117 22
rVSVOmicron	391	T	184324	7.25773e-05	0.999837	9.03611e-05	0 0.000163 30
rVSVOmicron	392	T	184661	1.7395e-05	0.999785	0.000197927	0 0.000215 40
rVSVOmicron	393	C	186037	5.82208e-06	5.66472e-05	0.99992	1.74662e-05 8e-05 15
rVSVOmicron	394	C	186626	3.24561e-05	0.000861178	0.999079	2.77749e-05 0.000921 172
rVSVOmicron	395	A	185788	0.999632	5.32326e-05	1.86781e-05	0.000295737 0.000368 68
rVSVOmicron	396	G	187249	2.86823e-05	1.14729e-05	1.28683e-05	0.999947 5.3e-05 10
rVSVOmicron	397	T	187820	5.86165e-06	0.999916	6.79635e-05	1.04559e-05 8.4e-05 16
rVSVOmicron	398	T	188354	3.42921e-05	0.999841	0.00012491	0 0.000159 30
rVSVOmicron	399	C	187165	3.97419e-05	9.60946e-05	0.999853	1.14879e-05 0.000147 28
rVSVOmicron	400	T	187329	2.85661e-05	0.999785	0.00018622	0 0.000215 40
rVSVOmicron	401	G	189630	0.000179401	3.67061e-05	5.65885e-06	0.999778 0.000222 42
rVSVOmicron	402	C	190434	1.68922e-05	0.000134985	0.999837	1.12615e-05 0.000163 31
rVSVOmicron	403	A	190561	0.999708	0.000134902	0	0.000157538 0.000292 56
rVSVOmicron	404	A	191537	0.999956	0	5.65591e-06	3.86742e-05 4.4e-05 8
rVSVOmicron	405	C	192793	0	0.000341755	0.999653	5.5509e-06 0.000347 67
rVSVOmicron	406	G	192339	0.000278622	4.61095e-05	9.17654e-05	0.999583 0.000417 80
rVSVOmicron	407	A	191098	0.999875	9.24816e-05	0	3.24523e-05 0.000125 24
rVSVOmicron	408	C	191503	1.1318e-05	0.000235537	0.999736	1.6977e-05 0.000264 51
rVSVOmicron	409	C	194502	5.85005e-05	6.51863e-05	0.999876	0 0.000124 24
rVSVOmicron	410	C	193523	0.000158337	6.14918e-05	0.999775	5.59016e-06 0.000225 44
rVSVOmicron	411	T	193822	2.27252e-05	0.999652	0.0003137	1.13626e-05 0.000348 67
rVSVOmicron	412	T	194985	5.78943e-06	0.999826	0.000156315	1.15789e-05 0.000174 34
rVSVOmicron	413	T	195001	2.09375e-05	0.999889	8.47968e-05	5.53348e-06 0.000111 22
rVSVOmicron	414	C	195932	2.04295e-05	0.000306145	0.999651	2.20699e-05 0.000349 68
rVSVOmicron	415	C	194556	3.45028e-05	0.000281847	0.999656	2.76321e-05 0.000344 67
rVSVOmicron	416	T	194786	4.03334e-05	0.999716	0.000232368	1.11368e-05 0.000284 55
rVSVOmicron	417	G	197317	0.000100239	5.89551e-05	2.19782e-05	0.999819 0.000181 36
rVSVOmicron	418	G	197921	0.00011112	4.48895e-05	7.07929e-05	0.999773 0.000227 45
rVSVOmicron	419	A	197206	0.999957	0	0	4.31795e-05 4.3e-05 8
rVSVOmicron	420	T	197888	2.29434e-05	0.999516	0.000461206	0 0.000484 96
rVSVOmicron	421	C	202198	1.5853e-05	0.000228368	0.99975	5.28432e-06 0.00025 51
rVSVOmicron	422	A	200804	0.999676	0.000200214	1.05903e-05	0.000113631 0.000324 65
rVSVOmicron	423	C	201150	1.59281e-05	5.30937e-05	0.999931	0 6.9e-05 14
rVSVOmicron	424	A	199965	0.999784	2.16284e-05	1.08142e-05	0.000183841 0.000216 43
rVSVOmicron	425	A	198090	0.999702	1.08575e-05	1.76068e-05	0.000269384 0.000298 59
rVSVOmicron	426	G	198053	0.000104041	3.97442e-05	2.2711e-05	0.999834 0.000166 33
rVSVOmicron	427	A	203007	0.999714	0.000242794	0	4.29313e-05 0.000286 58
rVSVOmicron	428	A	203040	0.999946	1.06074e-05	3.84161e-05	5.30372e-06 5.4e-05 11
rVSVOmicron	429	C	203671	4.42477e-05	0.000107641	0.999838	1.04947e-05 0.000162 33
rVSVOmicron	430	A	203384	0.99993	1.0566e-05	0	5.93981e-05 7e-05 14
rVSVOmicron	431	A	203591	0.999942	0	1.59419e-05	4.25116e-05 5.8e-05 12
rVSVOmicron	432	C	204866	4.29083e-05	8.35582e-05	0.999874	0 0.000126 26
rVSVOmicron	433	A	204674	0.999883	2.04092e-05	2.14224e-05	7.48338e-05 0.000117 24
rVSVOmicron	434	A	203922	0.99992	2.8534e-05	1.63262e-05	3.52998e-05 8e-05 16
rVSVOmicron	435	G	204925	0.000116139	1.0824e-05	5.41201e-06	0.999868 0.000132 27
rVSVOmicron	436	T	205439	2.251e-05	0.999932	3.99697e-05	5.33891e-06 6.8e-05 14
rVSVOmicron	437	C	204718	0.000317719	1.5929e-05	0.999666	0 0.000334 68
rVSVOmicron	438	T	204389	0	0.999929	6.56363e-05	5.36102e-06 7.1e-05 15
rVSVOmicron	439	T	206004	0	0.999962	3.29948e-05	5.23952e-06 3.8e-05 8
rVSVOmicron	440	G	207192	8.95474e-05	6.36812e-05	1.5604e-05	0.999831 0.000169 35
rVSVOmicron	441	G	207798	6.84613e-05	3.94002e-05	2.09575e-05	0.999871 0.000129 27
rVSVOmicron	442	A	207321	0.999737	3.22646e-05	0	0.000230462 0.000263 55
rVSVOmicron	443	T	207407	2.59003e-05	0.999926	4.78806e-05	0 7.4e-05 15
rVSVOmicron	444	G	208632	0.000136709	4.67323e-05	3.09689e-05	0.999786 0.000214 45
rVSVOmicron	445	G	208357	3.09237e-05	8.52492e-05	3.21774e-05	0.999852 0.000148 31
rVSVOmicron	446	A	207490	0.999724	1.0248e-05	5.12402e-06	0.000260771 0.000276 57
rVSVOmicron	447	G	208562	0.00011244	1.02218e-05	1.02218e-05	0.999867 0.000133 28
rVSVOmicron	448	T	208919	4.13892e-05	0.999861	9.76396e-05	0 0.000139 29
rVSVOmicron	449	C	206346	0.00393765	0.000110519	0.995941	1.13461e-05 0.004059 838
rVSVOmicron	450	T	206239	5.80195e-05	0.999653	0.000256625	3.22175e-05 0.000347 72
rVSVOmicron	451	G	208489	4.27074e-05	2.04553e-05	2.55692e-05	0.999911 8.9e-05 19
rVSVOmicron	452	A	207685	0.999089	7.89884e-05	1.03637e-05	0.000821396 0.000911 189
rVSVOmicron	453	G	208936	0.00010444	6.11762e-05	0	0.999834 0.000166 35
rVSVOmicron	454	T	209523	2.45665e-05	0.999936	3.53144e-05	3.76873e-06 6.4e-05 13
rVSVOmicron	455	T	209512	0.000109555	0.999835	5.51946e-05	0 0.000165 35
rVSVOmicron	456	C	210647	3.16294e-05	0.000217846	0.999731	1.9854e-05 0.000269 57
rVSVOmicron	457	A	209195	0.999558	3.1883e-05	1.53204e-05	0.000394741 0.000442 92
rVSVOmicron	458	G	210413	0.000179219	0.000178392	2.55042e-05	0.999617 0.000383 81
rVSVOmicron	459	A	210670	0.999652	5.12193e-06	1.02439e-05	0.00033251 0.000348 73
rVSVOmicron	460	G	211327	0.0019054	3.53813e-05	1.01089e-05	0.998049 0.001951 412
rVSVOmicron	461	T	211965	0	0.997571	0.000531245	0.00189787 0.002429 515
rVSVOmicron	462	G	212151	0.000110524	1.00477e-05	1.50715e-05	0.999864 0.000136 29
rVSVOmicron	463	T	212149	2.11544e-05	0.999508	4.36648e-05	0.000427291 0.000492 104
rVSVOmicron	464	A	211827	0.999132	5.04544e-06	0.000434726	0.000428181 0.000868 184
rVSVOmicron	465	C	212280	0.000344087	0.000103705	0.999537	1.51864e-05 0.000463 98
rVSVOmicron	466	T	206767	0	0.999544	0.000456221	0 0.000456 94
rVSVOmicron	467	C	206831	7.11168e-05	0.000181126	0.999705	4.23645e-05 0.000295 61
rVSVOmicron	468	T	206512	5.21254e-06	0.999824	0.000106787	6.38183e-05 0.000176 36
rVSVOmicron	469	A	207919	0.999866	5.17014e-06	1.03403e-05	0.000118214 0.000134 28
rVSVOmicron	470	G	208981	8.36384e-05	5.41863e-05	5.28995e-06	0.999857 0.000143 30
rVSVOmicron	471	C	209442	7.79982e-05	0.000292632	0.99962	9.26574e-06 0.00038 80
rVSVOmicron	472	G	210180	0.00102468	7.02499e-05	2.67225e-05	0.998878 0.001122 236
rVSVOmicron	473	C	210861	1.53157e-05	5.02245e-05	0.999934	0 6.6e-05 14
rVSVOmicron	474	C	211511	2.52548e-05	4.04077e-05	0.999914	2.02038e-05 8.6e-05 18
rVSVOmicron	475	A	211112	0.999635	6.33776e-06	2.67288e-05	0.000332043 0.000365 77
rVSVOmicron	476	A	211345	0.99996	5.07272e-06	0	3.45493e-05 4e-05 8
rVSVOmicron	477	C	212405	5.01948e-05	0.000143394	0.999802	4.06985e-06 0.000198 42
rVSVOmicron	478	A	212353	0.999691	3.21553e-05	0	0.000276481 0.000309 66
rVSVOmicron	479	A	212823	0.99968	5.14494e-06	0.000268649	4.63045e-05 0.00032 68
rVSVOmicron	480	C	212076	3.75332e-05	0.000137078	0.999825	0 0.000175 37
rVSVOmicron	481	T	212941	3.57978e-05	0.999506	0.000353003	0.000105044 0.000494 105
rVSVOmicron	482	G	216029	0.00150602	4.49295e-05	5.49138e-05	0.998394 0.001606 347
rVSVOmicron	483	C	219024	8.34707e-05	0.000101536	0.999805	9.75803e-06 0.000195 43
rVSVOmicron	484	A	221101	0.999814	0	0	0.000186451 0.000186 41
rVSVOmicron	485	C	224020	1.43743e-05	0.000196448	0.999789	0 0.000211 47
rVSVOmicron	486	C	211875	1.51812e-05	0.000111739	0.999861	1.16252e-05 0.000139 29
rVSVOmicron	487	T	211936	6.72895e-05	0.999758	0.000142086	3.21154e-05 0.000242 51
rVSVOmicron	488	T	212198	0	0.99994	6.00368e-05	0 6e-05 13
rVSVOmicron	489	C	211965	8.26728e-05	0.000143554	0.999759	1.51181e-05 0.000241 51
rVSVOmicron	490	G	212007	0.000122464	8.71041e-05	3.53604e-05	0.999755 0.000245 52
rVSVOmicron	491	A	210078	0.999878	2.03365e-05	0	0.000101957 0.000122 26
rVSVOmicron	492	G	211067	5.21014e-05	5.62256e-05	0	0.999892 0.000108 23
rVSVOmicron	493	T	211593	4.1956e-05	0.999533	0.000419697	5.08974e-06 0.000467 99
rVSVOmicron	494	A	211482	0.999887	0	0	0.000113278 0.000113 24
rVSVOmicron	495	C	211022	5.57026e-05	0.000385265	0.999163	0.000396214 0.000837 177
rVSVOmicron	496	G	209180	0.00018315	5.12597e-06	1.2053e-05	0.9998 0.0002 42
rVSVOmicron	497	T	209711	1.03075e-05	0.999891	9.40212e-05	5.15376e-06 0.000109 23
rVSVOmicron	498	G	210874	8.70349e-05	2.53168e-05	1.13583e-05	0.999876 0.000124 26
rVSVOmicron	499	T	211122	0.00011793	0.999786	9.58436e-05	0 0.000214 45
rVSVOmicron	500	C	212014	2.02541e-05	4.73507e-05	0.999932	0 6.8e-05 14
rVSVOmicron	501	C	213216	6.23525e-05	0.000161951	0.99975	2.55204e-05 0.00025 53
rVSVOmicron	502	C	213537	0.000111788	0.000138411	0.999712	3.73533e-05 0.000288 61
rVSVOmicron	503	A	212615	0.99973	6.42455e-05	2.01022e-05	0.000185809 0.00027 57
rVSVOmicron	504	G	213911	0.000261448	2.55602e-05	1.76746e-06	0.999711 0.000289 62
rVSVOmicron	505	C	216105	2.00172e-05	0.000126325	0.999845	9.06183e-06 0.000155 33
rVSVOmicron	506	C	210668	0.000295379	0.000283901	0.999405	1.53497e-05 0.000595 125
rVSVOmicron	507	T	211151	6.49384e-05	0.999726	0.000156161	5.28503e-05 0.000274 58
rVSVOmicron	508	T	212649	2.87635e-05	0.999422	0.000539685	9.93377e-06 0.000578 123
rVSVOmicron	509	T	212916	4.19307e-05	0.999774	5.66816e-05	0.000127568 0.000226 48
rVSVOmicron	510	C	214852	4.06027e-06	0.000193675	0.999778	2.46323e-05 0.000222 48
rVSVOmicron	511	C	209842	1.53972e-05	0.00096378	0.999	2.05296e-05 0.001 210
rVSVOmicron	512	T	210517	0.000114352	0.999551	0.000329782	5.11612e-06 0.000449 95
rVSVOmicron	513	C	212693	0.000121485	0.000107671	0.999731	4.00886e-05 0.000269 57
rVSVOmicron	514	A	213245	0.999783	5.19557e-06	1.39017e-05	0.000197853 0.000217 46
rVSVOmicron	515	T	215326	5.02429e-06	0.999872	0.000113115	1.00486e-05 0.000128 28
rVSVOmicron	516	G	217945	0.000103134	0.000875834	2.4172e-05	0.998997 0.001003 219
rVSVOmicron	517	G	220698	8.07253e-05	3.43148e-05	4.86455e-06	0.99988 0.00012 26
rVSVOmicron	518	A	224759	0.999855	8.73605e-06	0	0.000136565 0.000145 33
rVSVOmicron	519	C	228527	1.41976e-05	0.000111406	0.999841	3.31277e-05 0.000159 36
rVSVOmicron	520	C	183390	0.000122636	0.000241632	0.999636	0 0.000364 67
rVSVOmicron	521	T	184383	1.74997e-05	0.999429	0.000524677	2.91662e-05 0.000571 105
rVSVOmicron	522	G	182979	0.000831609	7.68102e-05	4.35522e-05	0.999048 0.000952 174
rVSVOmicron	523	G	184331	6.68189e-05	1.16344e-05	9.44898e-05	0.999827 0.000173 32
rVSVOmicron	524	A	183537	0.999471	4.25035e-05	2.34721e-05	0.000463257 0.000529 97
rVSVOmicron	525	G	183443	0.000145823	0.000165996	7.92652e-05	0.999609 0.000391 72
rVSVOmicron	526	G	183669	0.00015137	6.77895e-05	2.23307e-05	0.999758 0.000242 44
rVSVOmicron	527	G	183132	0.00017842	1.90315e-05	1.17361e-05	0.999791 0.000209 38
rVSVOmicron	528	C	183567	2.90338e-05	0.000198842	0.999724	4.78665e-05 0.000276 51
rVSVOmicron	529	A	182983	0.999741	4.71405e-05	5.89256e-06	0.000205443 0.000259 47
rVSVOmicron	530	A	182593	0.999087	3.21477e-05	1.28591e-05	0.000868334 0.000913 167
rVSVOmicron	531	G	181976	0.000189539	1.77094e-05	2.95157e-05	0.999763 0.000237 43
rVSVOmicron	532	C	182935	5.83459e-06	0.000232911	0.999761	0 0.000239 44
