rVSVOmicron	7	G	9791	0.000237561	0	0	0.999762 0.000238 2
rVSVOmicron	8	T	10536	0	0.99989	0.000109709	0 0.00011 1
rVSVOmicron	9	G	11458	0	0.000100156	0	0.9999 0.0001 1
rVSVOmicron	10	T	12018	9.7959e-05	0.999902	0	0 9.8e-05 1
rVSVOmicron	11	T	12554	0	0.999909	9.05613e-05	0 9.1e-05 1
rVSVOmicron	12	C	13278	0	0.000348809	0.999566	8.54697e-05 0.000434 6
rVSVOmicron	13	C	14046	0	8.0261e-05	0.99992	0 8e-05 1
rVSVOmicron	14	T	14467	0	0.997002	0.00299787	0 0.002998 43
rVSVOmicron	15	C	15387	0	0.000308808	0.999642	4.91733e-05 0.000358 6
rVSVOmicron	16	G	16443	0.000345972	0.000204271	0	0.99945 0.00055 9
rVSVOmicron	17	T	17239	0	0.999871	0.000129325	0 0.000129 2
rVSVOmicron	18	G	18206	0.000183607	0.000122405	6.12024e-05	0.999633 0.000367 7
rVSVOmicron	19	C	18859	0	0.000470921	0.999529	0 0.000471 9
rVSVOmicron	20	T	19672	0.000337727	0.999606	5.62879e-05	0 0.000394 8
rVSVOmicron	21	C	20628	5.38285e-05	0.000938362	0.999008	0 0.000992 20
rVSVOmicron	22	C	21460	7.24666e-05	5.15628e-05	0.999824	5.15628e-05 0.000176 4
rVSVOmicron	23	T	22276	5.6239e-05	0.999577	0.000317349	4.95439e-05 0.000423 9
rVSVOmicron	24	G	23303	0.000160213	4.74229e-05	0	0.999792 0.000208 5
rVSVOmicron	25	C	24233	5.43041e-05	0.000148102	0.999798	0 0.000202 5
rVSVOmicron	26	C	24917	8.87199e-05	5.15534e-05	0.99986	0 0.00014 3
rVSVOmicron	27	T	25650	0	0.999827	0.000172818	0 0.000173 4
rVSVOmicron	28	C	26446	0	0.000123453	0.999848	2.80576e-05 0.000152 4
rVSVOmicron	29	T	27271	8.06986e-05	0.999733	0.000186479	0 0.000267 7
rVSVOmicron	30	G	29084	0.000235573	0	3.78965e-05	0.999727 0.000273 8
rVSVOmicron	31	G	28700	7.68773e-05	3.84386e-05	0	0.999885 0.000115 3
rVSVOmicron	32	T	29478	0	0.999884	0.000116319	0 0.000116 3
rVSVOmicron	33	G	30457	0.000148384	0	0	0.999852 0.000148 5
rVSVOmicron	34	T	31065	0	0.99989	0.000110452	0 0.00011 3
rVSVOmicron	35	C	31709	0	7.54685e-05	0.999911	1.39756e-05 8.9e-05 3
rVSVOmicron	36	T	32585	0	0.999823	0.000176737	0 0.000177 6
rVSVOmicron	37	A	33781	0.9802	0	0	0.0197995 0.0198 669
rVSVOmicron	38	G	34751	0	0	3.28416e-05	0.999967 3.3e-05 1
rVSVOmicron	39	C	35587	3.08541e-05	0.000185125	0.999753	3.08541e-05 0.000247 9
rVSVOmicron	40	C	36551	8.99768e-05	0.000122401	0.99972	6.72799e-05 0.00028 10
rVSVOmicron	41	A	37611	0.99991	2.98474e-05	0	5.96948e-05 9e-05 3
rVSVOmicron	42	G	38537	0	5.70134e-05	0	0.999943 5.7e-05 2
rVSVOmicron	43	T	39295	0	0.99988	0.000119705	0 0.00012 5
rVSVOmicron	44	G	39922	0.000164996	0.000109997	2.74993e-05	0.999698 0.000302 12
rVSVOmicron	45	C	40962	0	0.000683299	0.999317	0 0.000683 28
rVSVOmicron	46	G	42985	0.000357373	0.000158679	5.10532e-05	0.999433 0.000567 24
rVSVOmicron	47	T	45239	2.43487e-05	0.999868	0.000107924	0 0.000132 6
rVSVOmicron	48	G	48498	0.000110907	9.99381e-05	4.5094e-05	0.999744 0.000256 12
rVSVOmicron	49	A	51602	0.999701	6.36017e-05	4.27866e-05	0.00019254 0.000299 15
rVSVOmicron	50	A	55041	0.999834	0	4.15475e-05	0.000124642 0.000166 9
rVSVOmicron	51	C	58211	0	9.40996e-05	0.999906	0 9.4e-05 5
rVSVOmicron	52	C	43555	0	0.000783358	0.999191	2.52476e-05 0.000809 35
rVSVOmicron	53	T	44512	0	0.998885	0.00111496	0 0.001115 50
rVSVOmicron	54	G	45614	0.000151032	3.66139e-05	2.41913e-05	0.999788 0.000212 10
rVSVOmicron	55	A	46394	0.999851	0	0	0.000148738 0.000149 7
rVSVOmicron	56	C	47307	0	0.000257941	0.999742	0 0.000258 12
rVSVOmicron	57	C	48334	0.000342232	0.000247887	0.999387	2.28155e-05 0.000613 30
rVSVOmicron	58	A	49286	0.999955	2.25892e-05	0	2.25892e-05 4.5e-05 2
rVSVOmicron	59	C	50126	2.19419e-05	0.000160116	0.999818	0 0.000182 9
rVSVOmicron	60	A	51143	0.999725	2.15392e-05	2.15392e-05	0.000231692 0.000275 14
rVSVOmicron	61	C	52120	0	0.000597693	0.999381	2.11018e-05 0.000619 32
rVSVOmicron	62	G	53295	0.000156158	8.14492e-05	2.52773e-05	0.999737 0.000263 14
rVSVOmicron	63	G	54083	6.63216e-05	0.000143144	0	0.999791 0.000209 11
rVSVOmicron	64	A	53444	0.999847	2.07166e-05	4.14333e-05	9.12652e-05 0.000153 8
rVSVOmicron	65	C	54291	0	0.000258829	0.999721	2.03327e-05 0.000279 15
rVSVOmicron	66	C	55330	0	0.000142005	0.999858	0 0.000142 8
rVSVOmicron	67	C	56360	0	0.000158915	0.999785	5.63719e-05 0.000215 12
rVSVOmicron	68	A	57532	0.999765	0	5.65153e-05	0.000178965 0.000235 14
rVSVOmicron	69	G	58205	0.000434287	5.70484e-05	9.50806e-05	0.999414 0.000586 34
rVSVOmicron	70	C	59081	0.000146853	0.000298753	0.999554	0 0.000446 26
rVSVOmicron	71	T	60134	0.00115708	0.998732	0.000110483	0 0.001268 76
rVSVOmicron	72	C	61157	0	0.000234989	0.998661	0.00110362 0.001339 82
rVSVOmicron	73	C	62171	4.48003e-05	0.000244454	0.999711	0 0.000289 18
rVSVOmicron	74	C	62957	5.32425e-05	0.000264774	0.999664	1.77475e-05 0.000336 21
rVSVOmicron	75	T	63773	0	0.999645	0.000341846	1.35988e-05 0.000355 23
rVSVOmicron	76	C	64842	6.77339e-05	0.000636791	0.999278	1.70487e-05 0.000722 47
rVSVOmicron	77	C	65898	1.69676e-05	0.000838749	0.999114	3.02665e-05 0.000886 58
rVSVOmicron	78	C	66950	8.20825e-05	0.000280073	0.999621	1.66871e-05 0.000379 25
rVSVOmicron	79	G	68156	0.000515883	4.8776e-05	1.62587e-05	0.999419 0.000581 40
rVSVOmicron	80	C	70145	0	0.000393927	0.999606	0 0.000394 28
rVSVOmicron	81	C	69205	3.20121e-05	0.000141026	0.999827	0 0.000173 12
rVSVOmicron	82	T	70093	3.65701e-05	0.999619	0.000312782	3.18375e-05 0.000381 27
rVSVOmicron	83	A	71124	0.999956	0	2.51868e-05	1.92103e-05 4.4e-05 3
rVSVOmicron	84	C	71873	1.538e-05	0.00016918	0.999815	0 0.000185 13
rVSVOmicron	85	A	73075	0.999877	0.000107527	0	1.56552e-05 0.000123 9
rVSVOmicron	86	C	74117	5.48983e-05	8.96134e-05	0.999855	0 0.000145 11
rVSVOmicron	87	A	75120	0.999922	4.81886e-05	1.4983e-05	1.4983e-05 7.8e-05 6
rVSVOmicron	88	A	76029	0.999851	3.01291e-05	0	0.000118888 0.000149 11
rVSVOmicron	89	A	75699	0.999905	0	1.57659e-05	7.96817e-05 9.5e-05 7
rVSVOmicron	90	C	76379	5.39397e-05	8.80486e-05	0.999858	0 0.000142 11
rVSVOmicron	91	T	76836	0	0.999831	0.000154062	1.45045e-05 0.000169 13
rVSVOmicron	92	C	77541	0	3.36636e-05	0.999966	0 3.4e-05 3
rVSVOmicron	93	T	78328	9.74773e-06	0.999529	0.000145046	0.000315826 0.000471 37
rVSVOmicron	94	T	79475	0	0.999845	0.000155068	0 0.000155 12
rVSVOmicron	95	T	80433	0	0.999986	1.39733e-05	0 1.4e-05 1
rVSVOmicron	96	C	81717	4.08223e-05	0.000181678	0.999764	1.36074e-05 0.000236 19
rVSVOmicron	97	A	82843	0.999926	1.34921e-05	0	6.05319e-05 7.4e-05 6
rVSVOmicron	98	C	83854	6.63973e-05	0.000109466	0.999824	0 0.000176 15
rVSVOmicron	99	C	84862	0.00010659	0.000186622	0.999677	2.97878e-05 0.000323 27
rVSVOmicron	100	C	85952	0.000896617	0.000252428	0.998838	1.31178e-05 0.001162 100
rVSVOmicron	101	G	87193	0.000217805	8.49718e-05	0.00132868	0.998369 0.001631 142
rVSVOmicron	102	G	88548	0.000876434	5.10277e-05	1.34465e-05	0.999059 0.000941 83
rVSVOmicron	103	G	89489	7.8953e-05	1.27011e-05	0	0.999908 9.2e-05 8
rVSVOmicron	104	G	90140	5.82016e-05	2.51867e-05	3.778e-05	0.999879 0.000121 11
rVSVOmicron	105	C	91227	9.89632e-06	0.000346371	0.999421	0.000222667 0.000579 53
rVSVOmicron	106	G	92466	0.000418839	2.70534e-05	1.206e-05	0.999542 0.000458 42
rVSVOmicron	107	T	93294	2.29409e-05	0.999929	4.85035e-05	0 7.1e-05 7
rVSVOmicron	108	G	94615	0.000173661	1.17898e-05	2.35796e-05	0.999791 0.000209 20
rVSVOmicron	109	T	95504	5.85666e-05	0.999821	0.000108269	1.17133e-05 0.000179 17
rVSVOmicron	110	A	96454	0.99979	1.16895e-05	4.6758e-05	0.000151648 0.00021 20
rVSVOmicron	111	C	97172	6.46897e-05	0.000140832	0.999794	0 0.000206 20
rVSVOmicron	112	T	98766	0	0.999816	0.00018366	0 0.000184 18
rVSVOmicron	113	A	100423	0.999862	1.12178e-05	2.51644e-05	0.000101567 0.000138 14
rVSVOmicron	114	C	101629	2.19667e-05	9.885e-05	0.999879	0 0.000121 12
rVSVOmicron	115	C	100670	4.2989e-05	0.000180735	0.999776	0 0.000224 23
rVSVOmicron	116	C	101582	3.15585e-05	0.000113911	0.999843	1.11206e-05 0.000157 16
rVSVOmicron	117	C	102621	4.40131e-05	0.000132039	0.99978	4.40131e-05 0.00022 23
rVSVOmicron	118	G	103837	0.000239949	2.39075e-05	4.54825e-05	0.999691 0.000309 32
rVSVOmicron	119	A	105392	0.999989	0	0	1.06332e-05 1.1e-05 1
rVSVOmicron	120	C	107533	3.36551e-05	2.0754e-05	0.999946	0 5.4e-05 6
rVSVOmicron	121	A	109945	0.999752	2.06523e-05	3.09785e-05	0.000196755 0.000248 27
rVSVOmicron	122	A	112724	0.999838	4.04893e-05	2.02447e-05	0.00010177 0.000162 18
rVSVOmicron	123	G	114357	0.000533962	0.000122322	9.83894e-06	0.999334 0.000666 76
rVSVOmicron	124	G	107983	7.30314e-05	0	1.04331e-05	0.999917 8.3e-05 9
rVSVOmicron	125	T	108801	1.03275e-05	0.999884	0.000105787	0 0.000116 13
rVSVOmicron	126	G	110109	9.77829e-05	1.01915e-05	2.01075e-05	0.999872 0.000128 14
rVSVOmicron	127	T	110882	9.99002e-06	0.999907	3.91276e-05	4.35676e-05 9.3e-05 10
rVSVOmicron	128	T	111712	1.00643e-05	0.999906	8.40504e-05	0 9.4e-05 11
rVSVOmicron	129	C	112953	2.1222e-05	0.000150703	0.999818	9.93944e-06 0.000182 21
rVSVOmicron	130	C	113987	8.89269e-05	0.000346895	0.999554	9.88077e-06 0.000446 51
rVSVOmicron	131	G	115721	0.000113415	0.000172623	0.000119204	0.999595 0.000405 47
rVSVOmicron	132	G	115956	0.0001798	2.91355e-05	9.71182e-06	0.999781 0.000219 25
rVSVOmicron	133	T	115118	0	0.999936	6.39531e-05	0 6.4e-05 7
rVSVOmicron	134	C	115895	2.17047e-05	9.12644e-05	0.999868	1.93512e-05 0.000132 15
rVSVOmicron	135	T	116788	9.62265e-06	0.999478	0.000512341	0 0.000522 61
rVSVOmicron	136	A	118423	0.999911	0	1.92125e-05	6.95803e-05 8.9e-05 11
rVSVOmicron	137	G	118368	4.11603e-05	4.8501e-05	9.70021e-06	0.999901 9.9e-05 12
rVSVOmicron	138	C	119280	5.71199e-05	0.0696362	0.930274	3.21299e-05 0.069726 8317
rVSVOmicron	139	G	120687	0.000303654	0	9.3471e-06	0.999687 0.000313 38
rVSVOmicron	140	T	121520	0	0.999552	0	0.000447779 0.000448 54
rVSVOmicron	141	G	122835	0.000123725	3.6696e-05	0.000441592	0.999398 0.000602 74
rVSVOmicron	142	C	123623	9.11834e-06	0.000154026	0.999828	9.11834e-06 0.000172 21
rVSVOmicron	143	T	124541	9.08317e-06	0.999843	0.00014754	0 0.000157 20
rVSVOmicron	144	C	125966	8.94452e-06	0.000118454	0.999873	0 0.000127 16
rVSVOmicron	145	C	126961	0.000730215	0.000586188	0.998625	5.85708e-05 0.001375 175
rVSVOmicron	146	A	126696	0.999179	8.91875e-06	0.000747488	6.46007e-05 0.000821 104
rVSVOmicron	147	C	127088	5.83985e-05	6.38808e-05	0.999878	0 0.000122 16
rVSVOmicron	148	T	127478	8.85453e-06	0.999824	0.000158185	8.85453e-06 0.000176 22
rVSVOmicron	149	C	127088	1.9603e-05	5.43217e-05	0.999926	0 7.4e-05 9
rVSVOmicron	150	T	127524	8.80005e-06	0.999718	0.000272801	0 0.000282 36
rVSVOmicron	151	A	128282	0.999938	1.76798e-05	2.65197e-05	1.76798e-05 6.2e-05 8
rVSVOmicron	152	C	128496	4.54267e-05	9.08534e-05	0.999864	0 0.000136 17
rVSVOmicron	153	A	128368	0.999901	8.76642e-06	3.50657e-05	5.47309e-05 9.9e-05 13
rVSVOmicron	154	C	129241	8.59005e-06	0.000125136	0.999857	9.05438e-06 0.000143 18
rVSVOmicron	155	A	130570	0.999504	4.51435e-05	2.58295e-05	0.00042514 0.000496 65
rVSVOmicron	156	G	133273	0.000136951	9.55259e-05	1.85619e-05	0.999749 0.000251 33
rVSVOmicron	157	G	135887	9.41741e-05	1.6436e-05	8.21802e-06	0.999881 0.000119 16
rVSVOmicron	158	A	137207	0.999909	0	8.12634e-06	8.32401e-05 9.1e-05 12
rVSVOmicron	159	C	139347	0	0.000151608	0.999782	6.62472e-05 0.000218 30
rVSVOmicron	160	C	127283	0.000138469	0.000428898	0.999424	8.75785e-06 0.000576 73
rVSVOmicron	161	T	128047	4.34215e-05	0.999485	0.00044595	2.60529e-05 0.000515 66
rVSVOmicron	162	G	129091	8.49507e-05	3.31401e-05	2.2638e-05	0.999859 0.000141 18
rVSVOmicron	163	T	129500	3.26309e-06	0.999827	0.000123244	4.61852e-05 0.000173 22
rVSVOmicron	164	T	130162	2.05397e-05	0.999636	0.000306915	3.68298e-05 0.000364 47
rVSVOmicron	165	C	131299	2.77782e-05	0.000128937	0.999819	2.40745e-05 0.000181 24
rVSVOmicron	166	C	131137	5.28191e-05	0.000142312	0.999805	0 0.000195 26
rVSVOmicron	167	T	130992	4.92502e-05	0.999711	0.000239379	0 0.000289 38
rVSVOmicron	168	C	131785	2.70715e-05	5.09311e-05	0.999888	3.39541e-05 0.000112 15
rVSVOmicron	169	C	132130	1.04525e-05	0.000180479	0.999809	0 0.000191 25
rVSVOmicron	170	C	132333	0.00011475	0.000140224	0.999737	8.49146e-06 0.000263 35
rVSVOmicron	171	T	132432	1.71195e-05	0.999644	0.000214456	0.000124 0.000356 47
rVSVOmicron	172	T	133007	0.000112657	0.999771	7.26433e-05	4.40623e-05 0.000229 30
rVSVOmicron	173	T	133342	8.44858e-06	0.999892	0.000100013	0 0.000108 14
rVSVOmicron	174	C	132986	1.01255e-05	0.000124882	0.999865	0 0.000135 18
rVSVOmicron	175	T	133342	1.88912e-05	0.999888	9.26353e-05	0 0.000112 15
rVSVOmicron	176	T	134240	8.29799e-06	0.999891	0.000100922	0 0.000109 15
rVSVOmicron	177	C	134623	4.92532e-05	6.76678e-05	0.999875	8.20887e-06 0.000125 17
rVSVOmicron	178	A	133992	0.999662	8.31675e-06	2.69732e-05	0.000303224 0.000338 45
rVSVOmicron	179	G	134700	0.000101127	0.000246261	1.6447e-05	0.999636 0.000364 49
rVSVOmicron	180	C	135743	6.52451e-05	0.000107787	0.999827	0 0.000173 23
rVSVOmicron	181	A	135858	0.999901	1.6284e-05	0	8.27405e-05 9.9e-05 13
rVSVOmicron	182	A	136028	0.999799	5.18469e-05	8.30449e-06	0.000141176 0.000201 27
rVSVOmicron	183	C	137027	0	0.000171406	0.999829	0 0.000171 23
rVSVOmicron	184	G	137488	0.000151314	1.61343e-05	8.06715e-06	0.999824 0.000176 24
rVSVOmicron	185	T	137776	8.07648e-06	0.999879	0.000112416	0 0.000121 17
rVSVOmicron	186	G	138710	5.48863e-05	7.9639e-06	2.38917e-05	0.999913 8.7e-05 12
rVSVOmicron	187	A	138363	0.999904	2.40288e-05	8.00961e-06	6.40769e-05 9.6e-05 13
rVSVOmicron	188	C	139371	1.58157e-05	9.85275e-05	0.99987	1.58157e-05 0.00013 18
rVSVOmicron	189	A	137785	0.999833	0	8.06234e-06	0.000158632 0.000167 23
rVSVOmicron	190	T	138205	3.20687e-05	0.998675	7.41047e-05	0.00121926 0.001325 183
rVSVOmicron	191	G	138806	1.60187e-05	5.88794e-05	8.00934e-06	0.999917 8.3e-05 12
rVSVOmicron	192	G	138928	8.3665e-05	0.000119676	1.87599e-05	0.999778 0.000222 31
rVSVOmicron	193	T	138956	8.18481e-06	0.99991	5.72937e-05	2.45544e-05 9e-05 13
rVSVOmicron	194	T	138790	0	0.999955	3.69768e-05	7.9543e-06 4.5e-05 6
rVSVOmicron	195	C	139496	9.85816e-06	0.000132657	0.999857	0 0.000143 20
rVSVOmicron	196	C	139840	5.11652e-05	0.000252628	0.999688	7.88797e-06 0.000312 44
rVSVOmicron	197	A	139669	0.999812	3.12176e-05	0	0.000156943 0.000188 26
rVSVOmicron	198	C	140291	7.83563e-06	0.000229139	0.999717	4.57431e-05 0.000283 40
rVSVOmicron	199	G	139909	0.000620905	5.30925e-05	0	0.999326 0.000674 94
rVSVOmicron	200	T	140294	0	0.999919	7.6161e-05	4.77362e-06 8.1e-05 11
rVSVOmicron	201	G	141332	5.53288e-05	7.19485e-05	4.52308e-05	0.999828 0.000172 24
rVSVOmicron	202	A	141331	0.999911	1.55666e-05	3.89165e-05	3.49197e-05 8.9e-05 13
rVSVOmicron	203	T	141144	0	0.999621	0.000363411	1.57082e-05 0.000379 53
rVSVOmicron	204	C	140282	3.90566e-05	0.000120759	0.999825	1.56226e-05 0.000175 25
rVSVOmicron	205	T	140656	1.56639e-05	0.999893	9.16551e-05	0 0.000107 15
rVSVOmicron	206	C	140287	0.000166157	8.58198e-05	0.999748	0 0.000252 35
rVSVOmicron	207	T	140784	2.3454e-05	0.999748	0.000220595	7.81802e-06 0.000252 35
rVSVOmicron	208	G	142242	0.000127598	1.55046e-05	3.91804e-05	0.999818 0.000182 26
rVSVOmicron	209	G	142772	0.000387616	5.76412e-05	0	0.999555 0.000445 64
rVSVOmicron	210	C	143490	5.35023e-05	0.000228469	0.99971	7.64318e-06 0.00029 42
rVSVOmicron	211	A	143549	0.999893	3.06648e-05	0	7.66619e-05 0.000107 15
rVSVOmicron	212	C	144481	7.57655e-06	9.27615e-05	0.9999	0 0.0001 14
rVSVOmicron	213	A	144260	0.999929	0	1.53038e-05	5.54246e-05 7.1e-05 10
rVSVOmicron	214	A	144598	0.999936	0	3.09239e-05	3.28044e-05 6.4e-05 9
rVSVOmicron	215	A	144845	0.999857	2.39122e-05	2.77899e-05	9.15559e-05 0.000143 21
rVSVOmicron	216	C	145470	0	0.000210285	0.99979	0 0.00021 31
rVSVOmicron	217	G	145847	0.000419732	6.85823e-05	4.57215e-05	0.999466 0.000534 78
rVSVOmicron	218	G	145686	0.000338871	2.46004e-05	0	0.999637 0.000363 53
rVSVOmicron	219	C	145727	2.25552e-05	0.000216611	0.999753	7.5184e-06 0.000247 36
rVSVOmicron	220	A	145451	0.999883	1.69628e-05	7.56174e-06	9.25803e-05 0.000117 17
rVSVOmicron	221	C	146369	7.47523e-06	0.000311939	0.999681	0 0.000319 47
rVSVOmicron	222	A	146162	0.999915	2.44583e-05	0	6.08376e-05 8.5e-05 12
rVSVOmicron	223	A	146426	0.999898	1.53715e-05	0	8.64125e-05 0.000102 15
rVSVOmicron	224	A	146140	0.999842	0	4.60866e-05	0.00011231 0.000158 23
rVSVOmicron	225	G	146793	0.000108486	0	1.52333e-05	0.999876 0.000124 18
rVSVOmicron	226	C	147723	0.000100231	0.000354727	0.999545	0 0.000455 67
rVSVOmicron	227	G	148397	0.000182127	2.27156e-05	1.48757e-05	0.99978 0.00022 33
rVSVOmicron	228	G	148345	0.00010574	4.8155e-05	7.42389e-06	0.999839 0.000161 24
rVSVOmicron	229	T	148453	1.49416e-05	0.999916	6.90546e-05	0 8.4e-05 12
rVSVOmicron	230	T	147853	7.47673e-06	0.999925	5.98138e-05	7.47673e-06 7.5e-05 11
rVSVOmicron	231	C	148230	2.20634e-05	0.000214074	0.995472	0.00429142 0.004528 671
rVSVOmicron	232	G	148427	0.000136379	4.73927e-05	3.69943e-05	0.999779 0.000221 33
rVSVOmicron	233	A	148074	0.999919	7.36883e-06	0	7.36883e-05 8.1e-05 12
rVSVOmicron	234	C	149300	7.30036e-06	8.93801e-05	0.999903	0 9.7e-05 14
rVSVOmicron	235	A	149205	0.999905	7.42595e-06	1.48519e-05	7.28546e-05 9.5e-05 14
rVSVOmicron	236	A	148623	0.999807	0	6.99971e-05	0.000123001 0.000193 29
rVSVOmicron	237	C	148664	7.42309e-06	0.000463441	0.999522	7.42309e-06 0.000478 71
rVSVOmicron	238	C	150756	2.58118e-06	0.000152885	0.999837	7.34643e-06 0.000163 25
rVSVOmicron	239	C	150734	3.67901e-05	0.00015074	0.999798	1.47161e-05 0.000202 30
rVSVOmicron	240	C	151018	8.04316e-05	0.000244457	0.999668	7.31196e-06 0.000332 50
rVSVOmicron	241	G	151521	0.000245922	4.23197e-05	7.21581e-06	0.999705 0.000295 45
rVSVOmicron	242	T	151521	1.72791e-05	0.9999	8.2622e-05	0 0.0001 15
rVSVOmicron	243	G	152338	0.000349324	2.72728e-05	2.57254e-05	0.999598 0.000402 61
rVSVOmicron	244	C	151059	2.8878e-05	0.000121756	0.999842	7.21949e-06 0.000158 24
rVSVOmicron	245	T	151500	4.21025e-05	0.999779	0.000179081	0 0.000221 33
rVSVOmicron	246	C	152934	0	5.0002e-05	0.999815	0.000134754 0.000185 28
rVSVOmicron	247	C	154737	1.42442e-05	0.000144174	0.999826	1.59766e-05 0.000174 27
rVSVOmicron	248	C	153033	6.62098e-05	0.000168728	0.999751	1.43681e-05 0.000249 38
rVSVOmicron	249	T	152852	7.21377e-06	0.999775	0.000181904	3.60688e-05 0.000225 34
rVSVOmicron	250	T	153473	1.45868e-05	0.999729	0.000204609	5.20394e-05 0.000271 42
rVSVOmicron	251	T	153522	7.21658e-06	0.999941	5.12963e-05	0 5.9e-05 9
rVSVOmicron	252	C	153999	4.41833e-05	0.000148234	0.999785	2.29524e-05 0.000215 33
rVSVOmicron	253	A	153635	0.999905	2.14904e-05	0	7.33773e-05 9.5e-05 15
rVSVOmicron	254	A	153909	0.999644	7.20472e-06	4.28389e-05	0.000306298 0.000356 55
rVSVOmicron	255	C	154694	7.01222e-06	0.000267791	0.999718	7.01222e-06 0.000282 44
rVSVOmicron	256	G	155134	0.00025019	4.28133e-05	1.62461e-05	0.999691 0.000309 48
rVSVOmicron	257	A	154253	0.999937	2.13162e-05	7.10541e-06	3.45669e-05 6.3e-05 10
rVSVOmicron	258	C	155262	6.98273e-06	0.000362724	0.999588	4.18964e-05 0.000412 64
rVSVOmicron	259	G	155719	0.000183284	3.5628e-05	2.81976e-05	0.999753 0.000247 38
rVSVOmicron	260	G	155870	0.000282702	2.8024e-05	0	0.999689 0.000311 48
rVSVOmicron	261	C	156153	2.77824e-05	0.00043701	0.999291	0.00024441 0.000709 111
rVSVOmicron	262	G	155064	0.000344421	8.52528e-06	7.00967e-06	0.99964 0.00036 56
rVSVOmicron	263	T	155284	1.15837e-05	0.999908	7.47151e-05	5.79187e-06 9.2e-05 14
rVSVOmicron	264	G	156351	9.93823e-05	0	1.25872e-05	0.999888 0.000112 18
rVSVOmicron	265	T	156585	1.38846e-05	0.999872	0.000103196	1.12577e-05 0.000128 20
rVSVOmicron	266	A	157488	0.999876	2.1144e-05	1.84772e-05	8.4576e-05 0.000124 20
rVSVOmicron	267	C	158068	2.07137e-05	9.59175e-05	0.999876	6.90457e-06 0.000124 20
rVSVOmicron	268	T	157145	2.14369e-05	0.99977	0.000192546	1.60294e-05 0.00023 36
rVSVOmicron	269	T	156030	2.809e-05	0.999944	2.809e-05	0 5.6e-05 9
rVSVOmicron	270	C	156719	6.54734e-05	0.000122366	0.999798	1.38035e-05 0.000202 32
rVSVOmicron	271	G	157015	0.000286648	4.86512e-05	0	0.999665 0.000335 53
rVSVOmicron	272	C	157389	7.18819e-05	0.000179425	0.999742	6.90813e-06 0.000258 41
rVSVOmicron	273	C	158003	5.573e-06	0.000154558	0.999782	5.79592e-05 0.000218 34
rVSVOmicron	274	A	157312	0.999788	1.39675e-05	2.09512e-05	0.000177425 0.000212 33
rVSVOmicron	275	G	158180	0.000180093	3.59446e-05	5.55844e-06	0.999778 0.000222 35
rVSVOmicron	276	C	159295	3.41149e-05	0.000200817	0.999758	6.82298e-06 0.000242 39
rVSVOmicron	277	A	158990	0.999813	2.74425e-05	0	0.000159463 0.000187 30
rVSVOmicron	278	T	159660	6.82474e-06	0.995121	0.00486567	6.82474e-06 0.004879 779
rVSVOmicron	279	A	158476	0.9949	1.38957e-05	0.00485898	0.000227401 0.0051 808
rVSVOmicron	280	G	159526	8.63435e-06	5.55601e-05	2.25244e-05	0.999913 8.7e-05 14
rVSVOmicron	281	A	159265	0.999881	6.85243e-06	1.53717e-05	9.63044e-05 0.000119 19
rVSVOmicron	282	G	160324	4.94065e-05	2.89434e-05	2.21223e-05	0.9999 0.0001 16
rVSVOmicron	283	A	161407	0.999894	1.37489e-05	0	9.2712e-05 0.000106 17
rVSVOmicron	284	A	159924	0.99988	7.08773e-06	2.45197e-05	8.85009e-05 0.00012 19
rVSVOmicron	285	G	160918	8.77626e-05	3.54355e-05	6.79334e-06	0.99987 0.00013 21
rVSVOmicron	286	T	161547	6.8287e-06	0.999952	3.41435e-05	6.8287e-06 4.8e-05 8
rVSVOmicron	287	C	161467	4.74452e-05	3.38894e-05	0.999912	6.77789e-06 8.8e-05 14
rVSVOmicron	288	T	161739	0	0.999808	0.000164494	2.71406e-05 0.000192 31
rVSVOmicron	289	A	162464	0.999873	0	1.35305e-05	0.000113181 0.000127 21
rVSVOmicron	290	A	162881	0.999871	1.36e-05	1.36e-05	0.000101449 0.000129 21
rVSVOmicron	291	C	163916	2.82614e-05	5.49026e-05	0.999917	0 8.3e-05 14
rVSVOmicron	292	A	160741	0.999966	2.04165e-05	0	1.3611e-05 3.4e-05 5
rVSVOmicron	293	T	161313	6.94364e-06	0.999944	2.77746e-05	2.08309e-05 5.6e-05 9
rVSVOmicron	294	T	161559	0	0.999834	0.000102521	6.3175e-05 0.000166 27
rVSVOmicron	295	A	161673	0.999899	0	2.9051e-05	7.17948e-05 0.000101 16
rVSVOmicron	296	T	161975	2.03577e-05	0.999931	4.89686e-05	0 6.9e-05 11
rVSVOmicron	297	C	162310	3.35575e-05	0.000132779	0.999834	0 0.000166 27
rVSVOmicron	298	C	162626	6.71464e-05	0.000191277	0.999721	2.01439e-05 0.000279 45
rVSVOmicron	299	G	163132	0.000124801	2.02528e-05	0.000101264	0.999754 0.000246 40
rVSVOmicron	300	G	163440	0.00048048	1.34936e-05	6.74678e-06	0.999499 0.000501 82
rVSVOmicron	301	G	163616	9.58668e-05	6.73068e-06	2.01921e-05	0.999877 0.000123 20
rVSVOmicron	302	G	163671	8.71933e-05	4.17011e-05	1.33588e-05	0.999858 0.000142 23
rVSVOmicron	303	C	163592	1.34793e-05	0.000183246	0.999677	0.000126232 0.000323 53
rVSVOmicron	304	T	163780	6.68264e-06	0.999695	0.000263694	3.46775e-05 0.000305 50
rVSVOmicron	305	G	165356	0.000109684	3.05765e-05	6.57751e-06	0.999853 0.000147 24
rVSVOmicron	306	G	165836	6.88465e-05	0	2.77521e-05	0.999903 9.7e-05 16
rVSVOmicron	307	A	164720	0.999934	6.60483e-06	0	5.94434e-05 6.6e-05 11
rVSVOmicron	308	T	165184	5.54607e-05	0.999918	2.01841e-05	6.72802e-06 8.2e-05 14
rVSVOmicron	309	T	165715	0	0.999946	2.678e-05	2.678e-05 5.4e-05 9
rVSVOmicron	310	T	166058	2.36935e-05	0.999922	4.14636e-05	1.32827e-05 7.8e-05 13
rVSVOmicron	311	T	165508	0	0.999899	0.000100806	0 0.000101 17
rVSVOmicron	312	C	165567	1.30245e-05	0.000253977	0.999699	3.39693e-05 0.000301 50
rVSVOmicron	313	G	165692	0.000145783	6.5941e-05	3.24358e-05	0.999756 0.000244 40
rVSVOmicron	314	G	165543	0.000195094	1.79132e-05	6.56225e-06	0.99978 0.00022 36
rVSVOmicron	315	C	165849	1.95408e-05	0.000190479	0.999783	6.5136e-06 0.000217 36
rVSVOmicron	316	A	164630	0.999895	6.55745e-06	3.27872e-05	6.59289e-05 0.000105 17
rVSVOmicron	317	C	165519	1.30496e-05	0.000330825	0.99965	6.5248e-06 0.00035 58
rVSVOmicron	318	C	165781	0.000125867	0.000411897	0.999436	2.61634e-05 0.000564 94
rVSVOmicron	319	A	165392	0.999398	1.94555e-05	0.000106918	0.000475345 0.000602 100
rVSVOmicron	320	C	165892	0.000288083	4.64649e-05	0.999281	0.000384695 0.000719 119
rVSVOmicron	321	A	165752	0.999228	1.97399e-05	0.000673114	7.89598e-05 0.000772 128
rVSVOmicron	322	C	164764	0	2.60559e-05	0.999974	0 2.6e-05 4
rVSVOmicron	323	T	164995	0.000335315	0.999584	7.44747e-05	6.62396e-06 0.000416 69
rVSVOmicron	324	C	166621	3.38357e-05	0.000491141	0.999462	1.29064e-05 0.000538 90
rVSVOmicron	325	G	167287	0.00027494	3.74044e-05	2.53441e-05	0.999662 0.000338 57
rVSVOmicron	326	A	166900	0.99991	1.93444e-05	6.44813e-06	6.44813e-05 9e-05 15
rVSVOmicron	327	C	167301	3.55068e-05	4.07541e-05	0.999917	6.47168e-06 8.3e-05 14
rVSVOmicron	328	T	167141	4.54808e-05	0.999875	7.95475e-05	0 0.000125 21
rVSVOmicron	329	C	167231	1.92587e-05	1.28391e-05	0.999961	6.41956e-06 3.9e-05 7
rVSVOmicron	330	T	167256	0	0.999695	0.000304751	0 0.000305 51
rVSVOmicron	331	A	167899	0.999907	6.53762e-06	0	8.65793e-05 9.3e-05 16
rVSVOmicron	332	A	166761	0.999795	0.000139379	0	6.51137e-05 0.000205 34
rVSVOmicron	333	G	167576	4.57796e-05	3.92397e-05	1.30799e-05	0.999902 9.8e-05 16
rVSVOmicron	334	A	167950	0.999905	7.99855e-06	0	8.67669e-05 9.5e-05 16
rVSVOmicron	335	C	168879	1.90873e-05	7.63493e-05	0.999892	1.27249e-05 0.000108 18
rVSVOmicron	336	A	167973	0.99994	6.50969e-06	6.50969e-06	4.71513e-05 6e-05 10
rVSVOmicron	337	C	168401	1.27245e-05	0.000205827	0.999781	0 0.000219 37
rVSVOmicron	338	A	166953	0.999227	0.000334164	4.50341e-05	0.000393742 0.000773 129
rVSVOmicron	339	G	167623	0.000120299	0	2.60297e-05	0.999854 0.000146 24
rVSVOmicron	340	T	168038	0.000647148	0.998935	0.000101264	0.000316341 0.001065 179
rVSVOmicron	341	C	168947	0.000692143	0.000300811	0.998994	1.28078e-05 0.001006 170
rVSVOmicron	342	C	170444	7.05597e-05	0.000133145	0.999783	1.2829e-05 0.000217 37
rVSVOmicron	343	C	168577	5.99388e-05	8.30852e-05	0.999507	0.000350133 0.000493 83
rVSVOmicron	344	T	168396	0.000339897	0.999518	0.000142287	0 0.000482 81
rVSVOmicron	345	C	169900	4.60034e-05	8.29091e-05	0.99983	4.06821e-05 0.00017 29
rVSVOmicron	346	C	166555	0.000276788	6.61013e-05	0.999626	3.08705e-05 0.000374 62
rVSVOmicron	347	T	166869	3.89252e-05	0.999688	0.000267392	6.13686e-06 0.000312 52
rVSVOmicron	348	G	167816	7.86802e-05	1.92368e-05	1.28245e-05	0.999889 0.000111 19
rVSVOmicron	349	A	165559	0.999964	2.33384e-05	0	1.29853e-05 3.6e-05 6
rVSVOmicron	350	T	166168	1.3267e-05	0.999927	6.00602e-05	0 7.3e-05 12
rVSVOmicron	351	T	166690	1.94544e-05	0.999881	8.58799e-05	1.40212e-05 0.000119 20
rVSVOmicron	352	G	164026	7.54728e-05	0	1.31412e-05	0.999911 8.9e-05 15
rVSVOmicron	353	T	164383	6.5282e-06	0.999691	0.000295534	6.5282e-06 0.000309 51
rVSVOmicron	354	G	165833	6.47837e-05	5.18269e-05	2.59135e-05	0.999857 0.000143 24
rVSVOmicron	355	A	166231	0.999844	6.56585e-06	1.31317e-05	0.000136108 0.000156 26
rVSVOmicron	356	A	167018	0.99987	1.29782e-05	6.48909e-06	0.000110315 0.00013 22
rVSVOmicron	357	C	168312	6.3807e-06	6.84632e-05	0.999925	0 7.5e-05 13
rVSVOmicron	358	A	166890	0.999922	6.48317e-06	2.59327e-05	4.53822e-05 7.8e-05 13
rVSVOmicron	359	A	167075	0.999907	1.30163e-05	4.55571e-05	3.41238e-05 9.3e-05 16
rVSVOmicron	360	C	167777	6.40458e-06	0.00122102	0.998766	6.40458e-06 0.001234 207
rVSVOmicron	361	G	167626	0.000564139	3.54662e-05	2.74295e-05	0.999373 0.000627 105
rVSVOmicron	362	C	167127	4.32216e-05	0.000143433	0.999813	0 0.000187 31
rVSVOmicron	363	C	167185	7.21016e-05	0.000198973	0.99971	1.92387e-05 0.00029 48
rVSVOmicron	364	A	166542	0.999891	6.49745e-06	6.49745e-06	9.57057e-05 0.000109 18
rVSVOmicron	365	C	167539	6.37486e-06	3.82492e-05	0.999955	0 4.5e-05 8
rVSVOmicron	366	A	167630	0.999908	0	3.89587e-05	5.33488e-05 9.2e-05 15
rVSVOmicron	367	A	167986	0.999857	0	4.66751e-05	9.64139e-05 0.000143 24
rVSVOmicron	368	A	166221	0.999889	1.36564e-05	3.41409e-05	6.27455e-05 0.000111 18
rVSVOmicron	369	C	166349	1.94868e-05	0.000123768	0.999818	3.89737e-05 0.000182 30
rVSVOmicron	370	G	166713	0.000103641	3.23877e-05	1.17296e-05	0.999852 0.000148 25
rVSVOmicron	371	T	165933	2.02159e-05	0.999911	4.88096e-05	2.02159e-05 8.9e-05 15
rVSVOmicron	372	G	166250	0.00014329	7.80623e-05	2.47901e-05	0.999754 0.000246 41
rVSVOmicron	373	G	164698	7.34267e-05	1.30615e-05	5.29519e-06	0.999908 9.2e-05 15
rVSVOmicron	374	T	164663	0.0011935	0.998511	4.20337e-05	0.000253294 0.001489 245
rVSVOmicron	375	G	166024	8.42252e-05	2.58617e-05	0.00139478	0.998495 0.001505 250
rVSVOmicron	376	A	166196	0.999905	1.30224e-05	0	8.18297e-05 9.5e-05 16
rVSVOmicron	377	T	166623	6.65956e-06	0.999933	5.32764e-05	6.65956e-06 6.7e-05 11
rVSVOmicron	378	T	166947	3.87011e-05	0.999919	4.1839e-05	0 8.1e-05 14
rVSVOmicron	379	A	168112	0.999624	1.29228e-05	6.46139e-06	0.000356948 0.000376 63
rVSVOmicron	380	A	167614	0.999678	7.24136e-05	5.79657e-05	0.000191478 0.000322 54
rVSVOmicron	381	G	169482	0.000342175	9.07282e-05	6.39418e-06	0.999561 0.000439 74
rVSVOmicron	382	G	167747	0.000109936	1.29337e-05	6.46684e-06	0.999871 0.000129 22
rVSVOmicron	383	T	167553	0	0.999961	3.85405e-05	0 3.9e-05 7
rVSVOmicron	384	G	168759	0.000361739	3.23534e-05	6.36743e-06	0.9996 0.0004 68
rVSVOmicron	385	T	168708	1.91005e-05	0.999835	9.13726e-05	5.4032e-05 0.000165 28
rVSVOmicron	386	G	169418	4.96959e-05	2.69043e-05	6.34051e-06	0.999917 8.3e-05 14
rVSVOmicron	387	C	169862	0.000109419	0.000717572	0.999159	1.40633e-05 0.000841 143
rVSVOmicron	388	G	170506	0.000116666	5.04869e-05	1.26217e-05	0.99982 0.00018 31
rVSVOmicron	389	A	169564	0.999924	1.26301e-05	0	6.29799e-05 7.6e-05 13
rVSVOmicron	390	G	170861	9.29605e-05	4.17304e-05	2.39187e-05	0.999841 0.000159 27
rVSVOmicron	391	T	171371	4.10364e-05	0.999772	0.000187175	0 0.000228 39
rVSVOmicron	392	T	171594	1.87755e-05	0.999842	0.000126862	1.26862e-05 0.000158 27
rVSVOmicron	393	C	172339	0	0.000181245	0.999806	1.26054e-05 0.000194 33
rVSVOmicron	394	C	172835	3.93554e-05	0.000148638	0.999784	2.80386e-05 0.000216 37
rVSVOmicron	395	A	172063	0.99972	1.50186e-05	1.24874e-05	0.000252279 0.00028 48
rVSVOmicron	396	G	173182	9.50167e-05	2.48454e-05	0	0.99988 0.00012 21
rVSVOmicron	397	T	173793	6.7061e-06	0.999885	9.92159e-05	8.59757e-06 0.000115 20
rVSVOmicron	398	T	174269	0	0.999938	6.15777e-05	0 6.2e-05 11
rVSVOmicron	399	C	173400	3.87953e-05	9.4721e-05	0.999858	8.39725e-06 0.000142 25
rVSVOmicron	400	T	173444	2.07282e-05	0.999776	0.000196751	6.18503e-06 0.000224 39
rVSVOmicron	401	G	175594	0.00013847	3.09735e-05	2.45138e-05	0.999806 0.000194 34
rVSVOmicron	402	C	176373	5.6357e-05	9.75537e-05	0.999822	2.43884e-05 0.000178 31
rVSVOmicron	403	A	176225	0.99982	6.11047e-06	1.51936e-05	0.000158872 0.00018 32
rVSVOmicron	404	A	176981	0.999788	1.23018e-05	4.30562e-05	0.000156598 0.000212 38
rVSVOmicron	405	C	178379	3.7582e-05	0.000189537	0.999773	0 0.000227 40
rVSVOmicron	406	G	179062	0.000208093	2.40984e-05	6.90386e-05	0.999699 0.000301 54
rVSVOmicron	407	A	179125	0.99988	5.56717e-05	6.04062e-06	5.82838e-05 0.00012 21
rVSVOmicron	408	C	180465	3.16018e-05	0.000198896	0.999759	1.0914e-05 0.000241 43
rVSVOmicron	409	C	181208	2.42434e-05	0.000122528	0.999847	6.06086e-06 0.000153 28
rVSVOmicron	410	C	181031	9.35941e-05	0.000116628	0.99979	0 0.00021 38
rVSVOmicron	411	T	180976	2.45278e-05	0.99978	0.000141035	5.43588e-05 0.00022 40
rVSVOmicron	412	T	182145	0	0.999903	9.03276e-05	6.2353e-06 9.7e-05 18
rVSVOmicron	413	T	181945	0	0.99991	8.04179e-05	9.66949e-06 9e-05 16
rVSVOmicron	414	C	183141	0	0.000229312	0.999771	0 0.000229 42
rVSVOmicron	415	C	182811	9.13483e-05	0.000160856	0.999651	9.64498e-05 0.000349 64
rVSVOmicron	416	T	182616	7.94719e-05	0.999588	0.000325303	7.41523e-06 0.000412 75
rVSVOmicron	417	G	184784	0.000167676	8.28835e-05	2.35446e-05	0.999726 0.000274 51
rVSVOmicron	418	G	185177	5.97879e-05	4.22775e-05	4.54325e-05	0.999852 0.000148 27
rVSVOmicron	419	A	185035	0.999877	5.77714e-06	1.09297e-05	0.000106018 0.000123 23
rVSVOmicron	420	T	185604	2.45639e-05	0.999835	0.000134397	5.78894e-06 0.000165 31
rVSVOmicron	421	C	188970	4.48232e-05	9.36376e-05	0.999839	2.27186e-05 0.000161 30
rVSVOmicron	422	A	188721	0.999579	0.00033466	5.66183e-06	8.06428e-05 0.000421 79
rVSVOmicron	423	C	190167	7.89743e-05	8.56825e-05	0.999835	0 0.000165 31
rVSVOmicron	424	A	189910	0.999444	0	5.72818e-06	0.000550215 0.000556 106
rVSVOmicron	425	A	188798	0.999877	1.72178e-05	3.00923e-05	7.58513e-05 0.000123 23
rVSVOmicron	426	G	189491	0.000244504	2.37757e-05	1.18878e-05	0.99972 0.00028 53
rVSVOmicron	427	A	190777	0.999896	1.84882e-05	6.99132e-06	7.87688e-05 0.000104 20
rVSVOmicron	428	A	191214	0.999919	1.70156e-05	1.13437e-05	5.24265e-05 8.1e-05 15
rVSVOmicron	429	C	191944	5.59396e-06	6.71276e-05	0.999927	0 7.3e-05 14
rVSVOmicron	430	A	191692	0.999976	0	5.64006e-06	1.82921e-05 2.4e-05 5
rVSVOmicron	431	A	191992	0.999949	0	0	5.1008e-05 5.1e-05 10
rVSVOmicron	432	C	193112	2.22536e-05	8.48043e-05	0.999865	2.7817e-05 0.000135 26
rVSVOmicron	433	A	192940	0.999862	5.70279e-06	3.42168e-05	9.83347e-05 0.000138 27
rVSVOmicron	434	A	192572	0.999908	5.76909e-06	2.30764e-05	6.346e-05 9.2e-05 18
rVSVOmicron	435	G	193801	1.72881e-05	5.76269e-06	5.76269e-06	0.999971 2.9e-05 6
rVSVOmicron	436	T	194236	5.69023e-06	0.999623	0.000371249	0 0.000377 73
rVSVOmicron	437	C	193554	3.27552e-05	0.000124013	0.999808	3.51928e-05 0.000192 37
rVSVOmicron	438	T	193179	1.14194e-05	0.999935	3.56469e-05	1.82092e-05 6.5e-05 13
rVSVOmicron	439	T	194801	0	0.999776	0.000201875	2.228e-05 0.000224 44
rVSVOmicron	440	G	195739	0.000299879	6.6374e-05	4.97805e-05	0.999584 0.000416 81
rVSVOmicron	441	G	196064	0.000318539	5.08829e-05	2.75244e-05	0.999603 0.000397 78
rVSVOmicron	442	A	195652	0.999911	0	0	8.94315e-05 8.9e-05 17
rVSVOmicron	443	T	196188	1.09561e-05	0.999945	3.33124e-05	1.09561e-05 5.5e-05 11
rVSVOmicron	444	G	197358	0.000115542	3.86623e-05	1.09617e-05	0.999835 0.000165 33
rVSVOmicron	445	G	197411	9.45455e-05	3.27955e-05	1.63977e-05	0.999856 0.000144 28
rVSVOmicron	446	A	196409	0.999835	2.1775e-05	0	0.000142862 0.000165 32
rVSVOmicron	447	G	197656	3.92556e-05	3.92556e-05	5.41961e-06	0.999916 8.4e-05 17
rVSVOmicron	448	T	197394	5.46894e-06	0.999203	0.000786346	5.46894e-06 0.000797 157
rVSVOmicron	449	C	196138	0.0067386	0.000169467	0.993086	5.47144e-06 0.006914 1356
rVSVOmicron	450	T	195981	5.45051e-06	0.999595	0.000371813	2.72526e-05 0.000405 79
rVSVOmicron	451	G	198091	9.45688e-05	3.3618e-05	2.16324e-05	0.99985 0.00015 30
rVSVOmicron	452	A	197149	0.999712	4.18065e-05	1.09705e-05	0.000235718 0.000288 57
rVSVOmicron	453	G	197385	9.89821e-05	2.71284e-05	0	0.999874 0.000126 25
rVSVOmicron	454	T	198126	4.59929e-05	0.999837	0.000116614	0 0.000163 32
rVSVOmicron	455	T	198758	0	0.99994	6.02832e-05	0 6e-05 12
rVSVOmicron	456	C	199846	4.18971e-05	0.000148742	0.999781	2.81247e-05 0.000219 44
rVSVOmicron	457	A	198597	0.999742	1.62695e-05	4.88085e-05	0.000192449 0.000258 51
rVSVOmicron	458	G	199753	0.000344649	3.77917e-05	3.0496e-05	0.999587 0.000413 82
rVSVOmicron	459	A	199656	0.999602	1.08782e-05	0	0.000386616 0.000398 79
rVSVOmicron	460	G	198762	0.00222221	4.37902e-06	5.40079e-06	0.997768 0.002232 444
rVSVOmicron	461	T	199617	0	0.997703	7.15312e-05	0.00222561 0.002297 459
rVSVOmicron	462	G	200959	0.000117322	2.66641e-05	1.59985e-05	0.99984 0.00016 32
rVSVOmicron	463	T	200564	2.13642e-05	0.999884	7.82391e-05	1.60231e-05 0.000116 23
rVSVOmicron	464	A	201324	0.999465	5.33715e-06	2.13486e-05	0.000508039 0.000535 108
rVSVOmicron	465	C	201576	0.000436957	0.000256547	0.99929	1.60976e-05 0.00071 143
rVSVOmicron	466	T	198549	0	0.999496	0.000498871	5.44491e-06 0.000504 100
rVSVOmicron	467	C	198156	1.6204e-05	3.37218e-05	0.999928	2.16053e-05 7.2e-05 14
rVSVOmicron	468	T	198551	0	0.999807	0.000189027	4.29606e-06 0.000193 38
rVSVOmicron	469	A	199681	0.999845	5.46328e-06	1.63898e-05	0.000132743 0.000155 31
rVSVOmicron	470	G	200476	0.000280471	4.80936e-05	0	0.999671 0.000329 66
rVSVOmicron	471	C	201076	2.90895e-05	0.00022577	0.999745	0 0.000255 51
rVSVOmicron	472	G	201505	0.000317906	4.27534e-05	2.75875e-05	0.999612 0.000388 78
rVSVOmicron	473	C	201878	2.57451e-05	0.000121638	0.999853	0 0.000147 30
rVSVOmicron	474	C	202536	2.82243e-05	0.000237113	0.999708	2.6505e-05 0.000292 59
rVSVOmicron	475	A	201895	0.999922	1.07469e-05	1.61204e-05	5.1411e-05 7.8e-05 16
rVSVOmicron	476	A	202109	0.999972	1.06753e-05	7.06876e-06	1.06753e-05 2.8e-05 6
rVSVOmicron	477	C	202967	2.22535e-05	3.82305e-05	0.999934	5.27809e-06 6.6e-05 13
rVSVOmicron	478	A	202781	0.999971	5.3455e-06	0	2.39825e-05 2.9e-05 6
rVSVOmicron	479	A	202872	0.999957	1.62121e-05	0	2.70202e-05 4.3e-05 9
rVSVOmicron	480	C	201476	1.06376e-05	7.4463e-05	0.999821	9.38694e-05 0.000179 36
rVSVOmicron	481	T	202393	6.47241e-05	0.999484	0.000305982	0.0001449 0.000516 104
rVSVOmicron	482	G	205305	0.000439693	0.000151122	2.63502e-05	0.999383 0.000617 127
rVSVOmicron	483	C	208666	1.54261e-05	0.000136612	0.999723	0.00012466 0.000277 58
rVSVOmicron	484	A	211929	0.999939	1.01627e-05	0	5.08137e-05 6.1e-05 13
rVSVOmicron	485	C	215645	2.9964e-05	6.61368e-05	0.999899	4.994e-06 0.000101 22
rVSVOmicron	486	C	200214	3.25569e-05	0.000246066	0.999716	5.3777e-06 0.000284 57
rVSVOmicron	487	T	200344	4.72298e-05	0.999729	0.000174206	4.92896e-05 0.000271 54
rVSVOmicron	488	T	201175	1.07352e-05	0.999929	4.42466e-05	1.61029e-05 7.1e-05 14
rVSVOmicron	489	C	202316	6.4885e-05	0.000234474	0.999685	1.5899e-05 0.000315 64
rVSVOmicron	490	G	203543	0.000118492	5.8317e-05	1.88673e-05	0.999804 0.000196 40
rVSVOmicron	491	A	203195	0.999968	5.15067e-06	0	2.64687e-05 3.2e-05 7
rVSVOmicron	492	G	204085	8.0117e-05	3.28466e-05	1.0568e-05	0.999876 0.000124 25
rVSVOmicron	493	T	204530	1.06002e-05	0.999909	8.06473e-05	0 9.1e-05 19
rVSVOmicron	494	A	204095	0.99974	0	5.2519e-06	0.00025493 0.00026 53
rVSVOmicron	495	C	203234	2.11385e-05	0.000350356	0.999319	0.000309079 0.000681 138
rVSVOmicron	496	G	201446	0.000165757	2.1388e-05	0	0.999813 0.000187 38
rVSVOmicron	497	T	201635	8.89406e-05	0.999806	9.94042e-05	5.37713e-06 0.000194 39
rVSVOmicron	498	G	203113	0.000176722	3.29749e-05	1.05634e-05	0.99978 0.00022 45
rVSVOmicron	499	T	202975	0.0001976	0.999716	5.52138e-05	3.1673e-05 0.000284 58
rVSVOmicron	500	C	203708	3.17785e-05	0.000273266	0.999695	0 0.000305 62
rVSVOmicron	501	C	204533	1.60017e-05	0.00017155	0.999786	2.66695e-05 0.000214 44
rVSVOmicron	502	C	205383	2.61947e-05	0.000204461	0.999769	0 0.000231 47
rVSVOmicron	503	A	204627	0.99968	1.0514e-05	4.44715e-05	0.000265124 0.00032 65
rVSVOmicron	504	G	205927	0.000151201	2.1012e-05	1.66108e-05	0.999811 0.000189 39
rVSVOmicron	505	C	207449	4.19199e-05	0.000209174	0.999744	5.23998e-06 0.000256 53
rVSVOmicron	506	C	204119	7.44108e-05	0.000171706	0.999754	0 0.000246 50
rVSVOmicron	507	T	204530	5.43531e-06	0.999759	0.000138674	9.65135e-05 0.000241 49
rVSVOmicron	508	T	205291	5.7246e-06	0.999854	0.000111552	2.8623e-05 0.000146 30
rVSVOmicron	509	T	205243	1.05478e-05	0.999914	6.45695e-05	1.05478e-05 8.6e-05 18
rVSVOmicron	510	C	206826	4.66903e-05	0.000142193	0.999791	1.99495e-05 0.000209 43
rVSVOmicron	511	C	202184	8.04514e-05	0.000210389	0.999709	0 0.000291 59
rVSVOmicron	512	T	202719	2.03689e-05	0.999704	0.000250927	2.49916e-05 0.000296 60
rVSVOmicron	513	C	205180	4.69625e-05	6.68475e-05	0.999874	1.17054e-05 0.000126 26
rVSVOmicron	514	A	205683	0.999791	0	1.51932e-05	0.000193971 0.000209 43
rVSVOmicron	515	T	207870	1.0502e-05	0.99979	0.000195423	4.25758e-06 0.00021 44
rVSVOmicron	516	G	211813	0.000164674	0.00182313	1.14338e-05	0.998001 0.001999 423
rVSVOmicron	517	G	214612	9.85329e-05	2.51429e-05	4.93344e-05	0.999827 0.000173 37
rVSVOmicron	518	A	219845	0.999882	9.80483e-06	0	0.000107853 0.000118 26
rVSVOmicron	519	C	223421	3.40591e-05	0.000148203	0.99975	6.79867e-05 0.00025 56
rVSVOmicron	520	C	180425	0.000121715	4.18093e-05	0.99983	5.97276e-06 0.00017 31
rVSVOmicron	521	T	181255	3.57286e-05	0.999529	0.000393658	4.16833e-05 0.000471 85
rVSVOmicron	522	G	180432	0.000232461	8.49562e-05	4.77174e-05	0.999635 0.000365 66
rVSVOmicron	523	G	181412	7.46685e-05	2.96431e-05	7.25855e-05	0.999823 0.000177 32
rVSVOmicron	524	A	180718	0.999419	5.06458e-05	2.54038e-05	0.00050484 0.000581 105
rVSVOmicron	525	G	179104	0.000184021	6.03614e-05	6.03614e-06	0.99975 0.00025 45
rVSVOmicron	526	G	178665	8.15889e-05	5.01706e-05	0	0.999868 0.000132 24
rVSVOmicron	527	G	178069	0.000148204	3.77871e-05	8.50618e-06	0.999806 0.000194 35
rVSVOmicron	528	C	178195	1.19884e-05	0.00020202	0.999774	1.19884e-05 0.000226 40
rVSVOmicron	529	A	177014	0.999749	6.11324e-06	1.83397e-05	0.000227016 0.000251 44
rVSVOmicron	530	A	176537	0.999654	3.96837e-05	6.11343e-05	0.00024561 0.000346 61
rVSVOmicron	531	G	176612	0.000103742	9.30217e-05	0	0.999803 0.000197 35
rVSVOmicron	532	C	177490	4.97098e-05	0.000281146	0.999669	0 0.000331 59
rVSVOmicron	533	A	176750	0.999734	6.72891e-05	3.08131e-05	0.00016789 0.000266 47
