rVSVOmicron	7	G	9982	0	0.000116086	0	0.999884 0.000116 1
rVSVOmicron	8	T	10726	0	0.999881	0.000118762	0 0.000119 1
rVSVOmicron	9	G	11605	3.99948e-05	0	0	0.99996 4e-05 0
rVSVOmicron	10	T	12162	0	0.99988	0.000119706	0 0.00012 1
rVSVOmicron	11	T	12703	0	0.999911	8.91876e-05	0 8.9e-05 1
rVSVOmicron	12	C	13304	0	7.12826e-05	0.999929	0 7.1e-05 1
rVSVOmicron	13	C	13973	8.055e-05	0.000167631	0.999752	0 0.000248 3
rVSVOmicron	14	T	14434	0	0.999844	0.000155777	0 0.000156 2
rVSVOmicron	15	C	15349	0	0.000340459	0.99966	0 0.00034 5
rVSVOmicron	16	G	16406	0.000272632	6.8158e-05	0	0.999659 0.000341 6
rVSVOmicron	17	T	17163	0	0.999704	0.000108706	0.000187605 0.000296 5
rVSVOmicron	18	G	18146	0.000102606	4.13733e-05	0	0.999856 0.000144 3
rVSVOmicron	19	C	18929	5.371e-05	0.000175347	0.999771	0 0.000229 4
rVSVOmicron	20	T	19759	5.13353e-05	0.999893	5.58649e-05	0 0.000107 2
rVSVOmicron	21	C	20782	0	0.000159822	0.99984	0 0.00016 3
rVSVOmicron	22	C	21577	0	5.1147e-05	0.999949	0 5.1e-05 1
rVSVOmicron	23	T	22458	0	0.999188	0.000767231	4.50533e-05 0.000812 18
rVSVOmicron	24	G	23464	9.40284e-05	0	4.70142e-05	0.999859 0.000141 3
rVSVOmicron	25	C	24420	0	0.000135891	0.999864	0 0.000136 3
rVSVOmicron	26	C	25052	0.000132235	8.81564e-05	0.99978	0 0.00022 6
rVSVOmicron	27	T	25769	0	0.999871	0.000128753	0 0.000129 3
rVSVOmicron	28	C	26601	8.24473e-05	0	0.999918	0 8.2e-05 2
rVSVOmicron	29	T	27427	0	0.999719	0.000280751	0 0.000281 8
rVSVOmicron	30	G	29088	0.000176857	0.000139032	3.7825e-05	0.999646 0.000354 10
rVSVOmicron	31	G	29002	7.59741e-05	3.79871e-05	7.59741e-05	0.99981 0.00019 6
rVSVOmicron	32	T	29797	0	0.999933	6.69644e-05	0 6.7e-05 2
rVSVOmicron	33	G	30751	6.46529e-05	0	2.41242e-05	0.999911 8.9e-05 3
rVSVOmicron	34	T	31318	0	0.999922	7.79333e-05	0 7.8e-05 2
rVSVOmicron	35	C	32063	3.4041e-05	0.000136164	0.99983	0 0.00017 5
rVSVOmicron	36	T	32954	0	0.999959	4.13812e-05	0 4.1e-05 1
rVSVOmicron	37	A	34234	0.99984	0	3.19683e-05	0.000127873 0.00016 5
rVSVOmicron	38	G	35019	0.00015264	7.23497e-05	2.64694e-05	0.999749 0.000251 9
rVSVOmicron	39	C	35812	0	0.000308144	0.999692	0 0.000308 11
rVSVOmicron	40	C	36809	1.36503e-05	0.000237676	0.999749	0 0.000251 9
rVSVOmicron	41	A	37878	0.999823	0	2.95511e-05	0.000147755 0.000177 7
rVSVOmicron	42	G	38613	2.83867e-05	2.83867e-05	0	0.999943 5.7e-05 2
rVSVOmicron	43	T	39371	5.60834e-05	0.999944	0	0 5.6e-05 2
rVSVOmicron	44	G	39989	5.41165e-05	5.48578e-05	2.74289e-05	0.999864 0.000136 5
rVSVOmicron	45	C	40836	2.68482e-05	0.000644357	0.999302	2.68482e-05 0.000698 29
rVSVOmicron	46	G	42779	0.000665711	0.000150166	5.12086e-05	0.999133 0.000867 37
rVSVOmicron	47	T	44653	0	0.999654	0.000321262	2.46101e-05 0.000346 15
rVSVOmicron	48	G	47236	0.000115789	0.000182132	0	0.999702 0.000298 14
rVSVOmicron	49	A	49883	0.99971	0	2.20896e-05	0.000267464 0.00029 14
rVSVOmicron	50	A	52296	0.999935	2.17239e-05	0	4.34478e-05 6.5e-05 3
rVSVOmicron	51	C	54555	1.99975e-05	5.99925e-05	0.9999	1.99975e-05 0.0001 5
rVSVOmicron	52	C	43644	0	0.000100419	0.999874	2.51047e-05 0.000126 5
rVSVOmicron	53	T	44546	2.45854e-05	0.999728	0.000247183	0 0.000272 12
rVSVOmicron	54	G	45702	0.000293519	2.4027e-05	0	0.999682 0.000318 15
rVSVOmicron	55	A	46527	0.999875	0	2.37525e-05	0.000100787 0.000125 6
rVSVOmicron	56	C	47373	2.31634e-05	7.51244e-05	0.999879	2.31634e-05 0.000121 6
rVSVOmicron	57	C	48393	2.76323e-05	0	0.99995	2.27199e-05 5e-05 2
rVSVOmicron	58	A	49381	0.99983	0	2.24277e-05	0.000147902 0.00017 8
rVSVOmicron	59	C	50307	0	0.000105459	0.999895	0 0.000105 5
rVSVOmicron	60	A	51254	0.999557	4.2818e-05	4.2818e-05	0.00035701 0.000443 23
rVSVOmicron	61	C	52170	2.61188e-05	0.000498529	0.999454	2.10086e-05 0.000546 28
rVSVOmicron	62	G	53381	0.000163793	0	4.13675e-05	0.999795 0.000205 11
rVSVOmicron	63	G	54168	0.000101812	0	0	0.999898 0.000102 6
rVSVOmicron	64	A	54897	0.999779	0	3.25351e-05	0.000188703 0.000221 12
rVSVOmicron	65	C	55814	0	0.000551132	0.999426	2.28973e-05 0.000574 32
rVSVOmicron	66	C	56835	0	0.000208902	0.999748	4.35876e-05 0.000252 14
rVSVOmicron	67	C	57838	0	0.000173497	0.999803	2.34455e-05 0.000197 11
rVSVOmicron	68	A	59029	0.999893	0	1.26829e-05	9.38535e-05 0.000107 6
rVSVOmicron	69	G	59942	0.00051737	7.3555e-05	8.49859e-05	0.999324 0.000676 41
rVSVOmicron	70	C	60711	1.8112e-05	0.000225665	0.999756	0 0.000244 15
rVSVOmicron	71	T	61761	1.78455e-05	0.99991	7.23466e-05	0 9e-05 6
rVSVOmicron	72	C	63003	0.000136914	0.000623667	0.999204	3.49367e-05 0.000796 50
rVSVOmicron	73	C	64558	9.2776e-05	8.99787e-05	0.999817	0 0.000183 12
rVSVOmicron	74	C	64519	9.26201e-05	0.000163831	0.999726	1.72208e-05 0.000274 18
rVSVOmicron	75	T	65407	0	0.999687	0.000286396	2.68639e-05 0.000313 20
rVSVOmicron	76	C	66382	5.37976e-05	7.84549e-05	0.999868	0 0.000132 9
rVSVOmicron	77	C	67461	0	0.00107982	0.998821	9.92216e-05 0.001179 80
rVSVOmicron	78	C	68619	4.87191e-05	0.000270369	0.999632	4.87191e-05 0.000368 25
rVSVOmicron	79	G	69884	0.00212267	9.4949e-05	6.03055e-05	0.997722 0.002278 159
rVSVOmicron	80	C	72578	1.84596e-05	5.16869e-05	0.99993	0 7e-05 5
rVSVOmicron	81	C	71097	3.10731e-05	0.000159145	0.999794	1.55366e-05 0.000206 15
rVSVOmicron	82	T	71977	6.17039e-05	0.999534	0.000385649	1.83444e-05 0.000466 34
rVSVOmicron	83	A	73311	0.999953	3.1823e-05	0	1.52916e-05 4.7e-05 3
rVSVOmicron	84	C	74247	1.48711e-05	0.000733911	0.999233	1.80865e-05 0.000767 57
rVSVOmicron	85	A	75257	0.999893	2.95532e-05	0	7.70778e-05 0.000107 8
rVSVOmicron	86	C	76219	6.46122e-05	7.24439e-05	0.999863	0 0.000137 10
rVSVOmicron	87	A	77276	0.999822	0	0	0.000178266 0.000178 14
rVSVOmicron	88	A	78153	0.999921	0	0	7.88674e-05 7.9e-05 6
rVSVOmicron	89	A	78359	0.999636	0	0	0.000364079 0.000364 29
rVSVOmicron	90	C	79077	9.2093e-05	0.000101646	0.999806	0 0.000194 15
rVSVOmicron	91	T	79859	0	0.999895	0.000105246	0 0.000105 8
rVSVOmicron	92	C	80712	0	7.19667e-05	0.999928	0 7.2e-05 6
rVSVOmicron	93	T	81490	1.37535e-05	0.99979	0.000168387	2.7507e-05 0.00021 17
rVSVOmicron	94	T	82534	1.37705e-05	0.999849	0.000110164	2.7541e-05 0.000151 12
rVSVOmicron	95	T	83467	4.03111e-05	0.999879	8.06222e-05	0 0.000121 10
rVSVOmicron	96	C	84762	0	0.000192215	0.999782	2.61951e-05 0.000218 18
rVSVOmicron	97	A	85832	0.999909	0	2.59558e-05	6.48894e-05 9.1e-05 8
rVSVOmicron	98	C	86909	0.000107779	0.000156487	0.999736	0 0.000264 23
rVSVOmicron	99	C	87851	4.11655e-05	0.000153592	0.999792	1.27994e-05 0.000208 18
rVSVOmicron	100	C	88933	8.21119e-05	0.000285339	0.999607	2.53178e-05 0.000393 35
rVSVOmicron	101	G	90119	0.000329211	3.71366e-05	0.000358988	0.999275 0.000725 65
rVSVOmicron	102	G	91254	0.000100687	2.26713e-05	3.5674e-05	0.999841 0.000159 15
rVSVOmicron	103	G	92280	9.22245e-05	0	1.22745e-05	0.999896 0.000104 10
rVSVOmicron	104	G	93090	8.04004e-05	2.42842e-05	4.16769e-05	0.999854 0.000146 14
rVSVOmicron	105	C	94218	1.17809e-05	0.000373804	0.999531	8.31029e-05 0.000469 44
rVSVOmicron	106	G	95416	0.00116966	0	0	0.99883 0.00117 112
rVSVOmicron	107	T	96389	0	0.999942	4.61228e-05	1.16886e-05 5.8e-05 6
rVSVOmicron	108	G	97669	0.000209465	4.82908e-05	4.82908e-05	0.999694 0.000306 30
rVSVOmicron	109	T	98653	0	0.999815	0.000173991	1.12941e-05 0.000185 18
rVSVOmicron	110	A	100096	0.999773	5.62806e-05	9.09616e-05	7.94013e-05 0.000227 23
rVSVOmicron	111	C	101041	4.39108e-05	0.000111557	0.999845	0 0.000155 16
rVSVOmicron	112	T	102200	4.18427e-05	0.999739	0.000219232	0 0.000261 27
rVSVOmicron	113	A	103631	0.999841	0	0	0.000158844 0.000159 16
rVSVOmicron	114	C	104589	2.12657e-05	0.000152596	0.999826	0 0.000174 18
rVSVOmicron	115	C	103923	2.16338e-05	0.000206398	0.999772	0 0.000228 24
rVSVOmicron	116	C	104867	2.97017e-05	7.54191e-05	0.999895	0 0.000105 11
rVSVOmicron	117	C	105961	9.81667e-05	0.000216197	0.999675	1.06515e-05 0.000325 34
rVSVOmicron	118	G	107227	0.000214237	4.94827e-05	3.12078e-05	0.999705 0.000295 32
rVSVOmicron	119	A	109578	0.999941	0	0	5.91506e-05 5.9e-05 6
rVSVOmicron	120	C	112988	0	7.87012e-05	0.999902	1.96753e-05 9.8e-05 11
rVSVOmicron	121	A	116665	0.999729	9.69047e-06	2.61905e-05	0.00023519 0.000271 32
rVSVOmicron	122	A	120267	0.999784	3.93484e-05	9.45384e-06	0.000167358 0.000216 26
rVSVOmicron	123	G	123169	0.00012195	0.000119234	0	0.999759 0.000241 30
rVSVOmicron	124	G	110773	6.54517e-05	6.07962e-05	0	0.999874 0.000126 14
rVSVOmicron	125	T	111609	0	0.999922	4.01298e-05	3.82318e-05 7.8e-05 9
rVSVOmicron	126	G	112913	7.78531e-05	9.89884e-06	0	0.999912 8.8e-05 10
rVSVOmicron	127	T	113739	1.24786e-05	0.999905	5.01855e-05	3.25528e-05 9.5e-05 11
rVSVOmicron	128	T	114710	0	0.999878	0.000122108	0 0.000122 14
rVSVOmicron	129	C	115993	3.86217e-05	0.00016884	0.999793	0 0.000207 24
rVSVOmicron	130	C	117057	6.21961e-05	0.000530999	0.999325	8.13732e-05 0.000675 79
rVSVOmicron	131	G	119204	0.000200149	9.40982e-06	0.000202184	0.999588 0.000412 49
rVSVOmicron	132	G	118536	7.56783e-05	6.85196e-05	0	0.999856 0.000144 17
rVSVOmicron	133	T	118199	9.54614e-06	0.999874	0.000116876	0 0.000126 15
rVSVOmicron	134	C	119030	3.04212e-05	7.73206e-05	0.999875	1.72387e-05 0.000125 15
rVSVOmicron	135	T	119999	0	0.999856	9.75257e-05	4.66208e-05 0.000144 17
rVSVOmicron	136	A	121761	0.999754	0	1.86817e-05	0.000227715 0.000246 30
rVSVOmicron	137	G	121997	0.000198018	4.69657e-05	2.81794e-05	0.999727 0.000273 33
rVSVOmicron	138	C	123056	5.46493e-05	0.000315833	0.999467	0.000162225 0.000533 66
rVSVOmicron	139	G	124119	0.000251987	3.83724e-05	0	0.99971 0.00029 36
rVSVOmicron	140	T	124926	0	0.999395	4.76774e-05	0.000557047 0.000605 76
rVSVOmicron	141	G	126156	0.000152052	4.66005e-05	0.000576741	0.999225 0.000775 98
rVSVOmicron	142	C	126922	2.65223e-05	0.000188762	0.999776	8.84075e-06 0.000224 28
rVSVOmicron	143	T	127848	0	0.999497	0.000492194	1.09641e-05 0.000503 64
rVSVOmicron	144	C	129056	8.68949e-06	9.91071e-05	0.999853	3.9455e-05 0.000147 19
rVSVOmicron	145	C	130050	0.00069778	0.000168148	0.998886	0.000248374 0.001114 145
rVSVOmicron	146	A	129705	0.999028	8.63539e-06	0.000879643	8.37866e-05 0.000972 126
rVSVOmicron	147	C	130038	1.94432e-05	8.6337e-05	0.999691	0.000203691 0.000309 40
rVSVOmicron	148	T	130428	1.71936e-05	0.999757	0.000217011	8.59678e-06 0.000243 32
rVSVOmicron	149	C	130114	6.65752e-05	3.85677e-05	0.999869	2.54822e-05 0.000131 17
rVSVOmicron	150	T	130545	5.13385e-05	0.99947	0.000478697	0 0.00053 69
rVSVOmicron	151	A	131124	0.999927	8.58247e-06	8.58247e-06	5.56701e-05 7.3e-05 10
rVSVOmicron	152	C	131558	2.52741e-05	0.000172592	0.999794	8.4247e-06 0.000206 27
rVSVOmicron	153	A	131917	0.999864	1.69729e-05	5.94051e-05	5.94051e-05 0.000136 18
rVSVOmicron	154	C	132048	4.18178e-05	0.000124323	0.999834	0 0.000166 22
rVSVOmicron	155	A	132183	0.999617	7.94684e-05	0	0.000303715 0.000383 51
rVSVOmicron	156	G	134688	0.00013987	0.00447672	8.24073e-06	0.995375 0.004625 623
rVSVOmicron	157	G	136855	0.000840871	1.62593e-05	1.62593e-05	0.999127 0.000873 119
rVSVOmicron	158	A	138492	0.999895	8.00999e-06	0	9.74188e-05 0.000105 15
rVSVOmicron	159	C	140501	2.37609e-05	0.00030461	0.999617	5.43717e-05 0.000383 54
rVSVOmicron	160	C	130890	5.28601e-05	8.46677e-05	0.999854	8.46677e-06 0.000146 19
rVSVOmicron	161	T	131422	1.68176e-05	0.999205	0.00065066	0.000127041 0.000795 104
rVSVOmicron	162	G	132481	0.000127395	6.77635e-06	1.69409e-05	0.999849 0.000151 20
rVSVOmicron	163	T	132935	8.8057e-06	0.999829	0.000132086	3.0225e-05 0.000171 23
rVSVOmicron	164	T	133582	1.04141e-05	0.999896	8.03693e-05	1.35836e-05 0.000104 14
rVSVOmicron	165	C	135486	8.21931e-06	0.000153946	0.99983	8.21931e-06 0.00017 23
rVSVOmicron	166	C	132960	6.67947e-05	0.000167438	0.999755	1.03803e-05 0.000245 33
rVSVOmicron	167	T	133237	2.32717e-05	0.999685	0.000275008	1.65587e-05 0.000315 42
rVSVOmicron	168	C	134284	5.98523e-05	8.26319e-05	0.999839	1.85364e-05 0.000161 22
rVSVOmicron	169	C	135058	8.3377e-05	0.000118756	0.99979	8.3377e-06 0.00021 28
rVSVOmicron	170	C	135139	0.000111744	0.000131818	0.999748	8.25256e-06 0.000252 34
rVSVOmicron	171	T	135535	0	0.999747	0.000201278	5.15003e-05 0.000253 34
rVSVOmicron	172	T	136054	0	0.999921	5.35903e-05	2.57512e-05 7.9e-05 11
rVSVOmicron	173	T	136210	8.23767e-06	0.999539	0.000444166	8.23767e-06 0.000461 63
rVSVOmicron	174	C	135966	8.10777e-06	0.000217595	0.999766	8.10777e-06 0.000234 32
rVSVOmicron	175	T	136274	0	0.999856	0.000136052	8.18525e-06 0.000144 20
rVSVOmicron	176	T	137276	8.07546e-06	0.999848	0.000143831	0 0.000152 21
rVSVOmicron	177	C	137781	1.7911e-05	0.000162062	0.99982	0 0.00018 25
rVSVOmicron	178	A	137157	0.999776	1.61388e-05	4.23097e-05	0.000165749 0.000224 31
rVSVOmicron	179	G	137647	0.000140488	0.000110832	8.00934e-06	0.999741 0.000259 36
rVSVOmicron	180	C	138681	4.16296e-05	0.000211152	0.999747	0 0.000253 35
rVSVOmicron	181	A	138946	0.999908	7.91434e-06	0	8.36353e-05 9.2e-05 13
rVSVOmicron	182	A	138980	0.999873	0	0	0.000127021 0.000127 18
rVSVOmicron	183	C	139913	7.84346e-06	0.000217921	0.999668	0.000106629 0.000332 46
rVSVOmicron	184	G	139190	0.000198462	1.58598e-05	9.43014e-06	0.999776 0.000224 31
rVSVOmicron	185	T	139738	1.58468e-05	0.999852	0.00011671	1.58468e-05 0.000148 21
rVSVOmicron	186	G	140723	0.000149503	2.34391e-05	6.03926e-05	0.999767 0.000233 33
rVSVOmicron	187	A	140930	0.999866	1.39403e-05	9.71595e-06	0.000110466 0.000134 19
rVSVOmicron	188	C	142003	7.72739e-06	0.000244979	0.99974	7.72739e-06 0.00026 37
rVSVOmicron	189	A	140934	0.999889	9.75172e-06	0	0.000100909 0.000111 16
rVSVOmicron	190	T	141185	7.80902e-06	0.999968	2.38492e-05	0 3.2e-05 5
rVSVOmicron	191	G	141758	9.98445e-05	5.46717e-05	1.56205e-05	0.99983 0.00017 24
rVSVOmicron	192	G	141954	0.000330124	7.7701e-06	3.40204e-05	0.999628 0.000372 53
rVSVOmicron	193	T	141997	3.00731e-06	0.999742	0.000133611	0.000121152 0.000258 37
rVSVOmicron	194	T	142305	1.83767e-05	0.999933	4.82389e-05	0 6.7e-05 10
rVSVOmicron	195	C	143004	3.27019e-05	9.24817e-05	0.999833	4.22833e-05 0.000167 24
rVSVOmicron	196	C	143404	2.3006e-05	0.000111092	0.999831	3.44053e-05 0.000169 24
rVSVOmicron	197	A	142910	0.999693	3.7189e-05	9.78547e-05	0.000172025 0.000307 44
rVSVOmicron	198	C	143633	0	0.000141318	0.999483	0.000375337 0.000517 74
rVSVOmicron	199	G	142976	0.000438046	2.3066e-05	3.07546e-05	0.999508 0.000492 70
rVSVOmicron	200	T	143462	3.29804e-05	0.999919	4.81052e-05	0 8.1e-05 12
rVSVOmicron	201	G	144289	9.55785e-05	3.03554e-05	3.44575e-05	0.99984 0.00016 23
rVSVOmicron	202	A	144013	0.999937	0	1.51956e-05	4.74349e-05 6.3e-05 9
rVSVOmicron	203	T	144249	0	0.998222	0.0017782	0 0.001778 256
rVSVOmicron	204	C	143272	3.95099e-05	8.1695e-05	0.999857	2.14012e-05 0.000143 20
rVSVOmicron	205	T	143815	3.81062e-05	0.999829	0.000133063	0 0.000171 25
rVSVOmicron	206	C	144173	4.586e-05	0.000154777	0.999746	5.30256e-05 0.000254 37
rVSVOmicron	207	T	144685	3.95272e-05	0.999746	0.00021402	0 0.000254 37
rVSVOmicron	208	G	146000	0.000131784	4.52181e-05	5.27544e-05	0.99977 0.00023 34
rVSVOmicron	209	G	146480	0.000219626	5.86617e-05	4.68887e-05	0.999675 0.000325 48
rVSVOmicron	210	C	147143	1.64764e-05	0.00015974	0.999809	1.48689e-05 0.000191 28
rVSVOmicron	211	A	147015	0.999912	1.4919e-05	0	7.31838e-05 8.8e-05 13
rVSVOmicron	212	C	147948	0.000208458	8.85698e-05	0.999703	0 0.000297 44
rVSVOmicron	213	A	147684	0.999835	3.34107e-05	2.41523e-05	0.000107478 0.000165 24
rVSVOmicron	214	A	148057	0.999936	0	7.5233e-06	5.63231e-05 6.4e-05 9
rVSVOmicron	215	A	148273	0.999884	5.65253e-06	2.51224e-05	8.52067e-05 0.000116 17
rVSVOmicron	216	C	148829	0	0.00022015	0.999741	3.88384e-05 0.000259 39
rVSVOmicron	217	G	149070	0.000250519	4.4965e-05	5.37974e-05	0.999651 0.000349 52
rVSVOmicron	218	G	149146	0.000529005	6.08167e-05	0	0.99941 0.00059 88
rVSVOmicron	219	C	149060	3.82447e-05	0.000193601	0.999761	7.33188e-06 0.000239 36
rVSVOmicron	220	A	148745	0.999922	0	7.37123e-06	7.03256e-05 7.8e-05 12
rVSVOmicron	221	C	149689	1.45809e-05	3.09351e-05	0.999954	0 4.6e-05 7
rVSVOmicron	222	A	149439	0.999887	7.41618e-06	2.22485e-05	8.33819e-05 0.000113 17
rVSVOmicron	223	A	149558	0.999932	1.4964e-05	0	5.29806e-05 6.8e-05 10
rVSVOmicron	224	A	149287	0.999824	7.48183e-06	2.24455e-05	0.000145795 0.000176 26
rVSVOmicron	225	G	149811	2.83102e-05	1.48578e-05	7.42891e-06	0.999949 5.1e-05 8
rVSVOmicron	226	C	150701	3.48834e-05	0.000422716	0.999542	0 0.000458 69
rVSVOmicron	227	G	151852	9.01422e-05	2.75706e-05	7.23484e-06	0.999875 0.000125 19
rVSVOmicron	228	G	151213	7.29382e-05	2.17638e-05	7.2546e-06	0.999898 0.000102 15
rVSVOmicron	229	T	151055	2.1884e-05	0.999617	0.000346793	1.45893e-05 0.000383 58
rVSVOmicron	230	T	150418	0.000243465	0.999201	0.000555503	0 0.000799 120
rVSVOmicron	231	C	151199	5.18305e-05	0.000537717	0.999403	7.1825e-06 0.000597 90
rVSVOmicron	232	G	151596	0.000102803	7.21764e-05	1.44353e-05	0.999811 0.000189 29
rVSVOmicron	233	A	150882	0.998986	3.05221e-05	0	0.000983317 0.001014 153
rVSVOmicron	234	C	151773	0	0.00013905	0.999854	7.1456e-06 0.000146 22
rVSVOmicron	235	A	151668	0.999064	7.27798e-06	0.000875718	5.27162e-05 0.000936 142
rVSVOmicron	236	A	150980	0.999883	0	4.37395e-05	7.3229e-05 0.000117 18
rVSVOmicron	237	C	150826	4.36927e-05	5.60919e-05	0.9999	0 0.0001 15
rVSVOmicron	238	C	153024	4.12949e-05	0.000232381	0.999719	7.20712e-06 0.000281 43
rVSVOmicron	239	C	153022	5.63409e-05	0.00014095	0.999795	7.2132e-06 0.000205 31
rVSVOmicron	240	C	153126	0.00012072	0.000242023	0.999564	7.27815e-05 0.000436 67
rVSVOmicron	241	G	153577	0.000187633	3.69521e-05	9.38163e-06	0.999766 0.000234 36
rVSVOmicron	242	T	153523	2.69573e-05	0.999847	9.74759e-05	2.89107e-05 0.000153 23
rVSVOmicron	243	G	154375	0.000505724	6.32867e-05	2.16657e-05	0.999409 0.000591 91
rVSVOmicron	244	C	153797	2.82296e-05	0.000165753	0.999652	0.000154118 0.000348 54
rVSVOmicron	245	T	153905	0.000186049	0.999515	0.000282779	1.57733e-05 0.000485 75
rVSVOmicron	246	C	155225	9.17091e-05	4.91773e-05	0.999813	4.65191e-05 0.000187 29
rVSVOmicron	247	C	155966	2.11278e-05	0.000533144	0.999432	1.40852e-05 0.000568 89
rVSVOmicron	248	C	155296	0.000124824	0.000186665	0.999667	2.11212e-05 0.000333 52
rVSVOmicron	249	T	155090	1.41556e-05	0.999734	0.000245237	7.07782e-06 0.000266 41
rVSVOmicron	250	T	155224	2.72428e-05	0.999822	0.000143943	7.14882e-06 0.000178 28
rVSVOmicron	251	T	155098	0	0.999957	4.33038e-05	0 4.3e-05 7
rVSVOmicron	252	C	155189	6.98122e-06	0.0001217	0.999843	2.79249e-05 0.000157 24
rVSVOmicron	253	A	154823	0.999951	1.4094e-05	0	3.5235e-05 4.9e-05 8
rVSVOmicron	254	A	155065	0.999881	1.28272e-05	7.08369e-06	9.91717e-05 0.000119 18
rVSVOmicron	255	C	156041	1.53085e-05	0.00154149	0.998443	0 0.001557 243
rVSVOmicron	256	G	156514	0.000205034	6.96626e-06	1.39325e-05	0.999774 0.000226 35
rVSVOmicron	257	A	155622	0.999946	1.39777e-05	5.09998e-06	3.49443e-05 5.4e-05 8
rVSVOmicron	258	C	156672	1.37476e-05	0.000218104	0.999761	6.87382e-06 0.000239 37
rVSVOmicron	259	G	156937	0.000142209	5.56063e-05	2.08524e-05	0.999781 0.000219 34
rVSVOmicron	260	G	157177	9.18564e-05	4.31277e-05	3.45395e-05	0.99983 0.00017 27
rVSVOmicron	261	C	157436	3.42533e-05	0.000280877	0.999671	1.37013e-05 0.000329 52
rVSVOmicron	262	G	157677	0.000462301	7.01972e-05	2.18556e-05	0.999446 0.000554 87
rVSVOmicron	263	T	157545	6.97695e-06	0.999901	9.23974e-05	0 9.9e-05 16
rVSVOmicron	264	G	158220	0.000104757	0	9.22159e-06	0.999886 0.000114 18
rVSVOmicron	265	T	158202	0	0.999918	6.8235e-05	1.3647e-05 8.2e-05 13
rVSVOmicron	266	A	158271	0.999856	0	2.9537e-05	0.000114762 0.000144 23
rVSVOmicron	267	C	158069	6.86265e-06	0.000126866	0.999846	2.0588e-05 0.000154 24
rVSVOmicron	268	T	158305	3.53597e-05	0.999857	0.000100186	7.03392e-06 0.000143 23
rVSVOmicron	269	T	157680	2.92855e-05	0.999893	7.75973e-05	0 0.000107 17
rVSVOmicron	270	C	158436	2.71447e-05	0.000123802	0.999822	2.69613e-05 0.000178 28
rVSVOmicron	271	G	159163	0.00021796	2.61625e-05	1.3634e-05	0.999742 0.000258 41
rVSVOmicron	272	C	159707	2.02803e-05	0.000148539	0.999818	1.35202e-05 0.000182 29
rVSVOmicron	273	C	160603	0.000599719	0.000145932	0.999192	6.21526e-05 0.000808 130
rVSVOmicron	274	A	159997	0.999744	0	4.94149e-05	0.000206326 0.000256 41
rVSVOmicron	275	G	160809	0.00019688	4.02092e-05	6.70154e-06	0.999756 0.000244 39
rVSVOmicron	276	C	161892	0.000100029	0.000134813	0.999758	6.66857e-06 0.000242 39
rVSVOmicron	277	A	161527	0.999953	0	6.70874e-06	4.02525e-05 4.7e-05 8
rVSVOmicron	278	T	162204	6.50039e-06	0.995726	0.00426787	0 0.004274 693
rVSVOmicron	279	A	161317	0.995483	2.03886e-05	0.00430346	0.000193599 0.004517 729
rVSVOmicron	280	G	161495	5.33227e-05	0.00011255	9.04088e-05	0.999744 0.000256 41
rVSVOmicron	281	A	161882	0.99986	0.000119436	0	2.01174e-05 0.00014 23
rVSVOmicron	282	G	162452	0.000324257	1.33752e-05	2.67503e-05	0.999636 0.000364 59
rVSVOmicron	283	A	164004	0.999909	0	6.74043e-06	8.39821e-05 9.1e-05 15
rVSVOmicron	284	A	163239	0.999903	3.45737e-05	2.7659e-05	3.45737e-05 9.7e-05 16
rVSVOmicron	285	G	164258	6.1207e-05	2.64873e-05	6.62181e-06	0.999906 9.4e-05 15
rVSVOmicron	286	T	164910	0	0.999967	2.66511e-05	6.30262e-06 3.3e-05 5
rVSVOmicron	287	C	164475	1.321e-05	6.76566e-05	0.999919	0 8.1e-05 13
rVSVOmicron	288	T	164968	6.6028e-06	0.999868	0.00011885	6.2459e-06 0.000132 22
rVSVOmicron	289	A	165495	0.999752	6.60284e-06	0.000165071	7.58434e-05 0.000248 41
rVSVOmicron	290	A	165814	0.999601	0.000152493	5.3041e-05	0.000193886 0.000399 66
rVSVOmicron	291	C	166798	2.74429e-05	0.000125076	0.999841	6.5089e-06 0.000159 27
rVSVOmicron	292	A	163826	0.999563	0	0	0.000436544 0.000437 72
rVSVOmicron	293	T	164403	1.34973e-05	0.999944	4.21335e-05	0 5.6e-05 9
rVSVOmicron	294	T	164683	1.33088e-05	0.999726	0.000234523	2.66177e-05 0.000274 45
rVSVOmicron	295	A	164691	0.999953	0	0	4.65914e-05 4.7e-05 8
rVSVOmicron	296	T	165138	3.30026e-05	0.999774	0.000193021	0 0.000226 37
rVSVOmicron	297	C	165789	1.30896e-05	0.000132488	0.99982	3.43159e-05 0.00018 30
rVSVOmicron	298	C	166139	3.93223e-05	0.000264629	0.999683	1.31074e-05 0.000317 53
rVSVOmicron	299	G	166909	9.33751e-05	5.91139e-05	0.00011166	0.999736 0.000264 44
rVSVOmicron	300	G	167360	7.86687e-05	2.49826e-05	0	0.999896 0.000104 17
rVSVOmicron	301	G	167714	0.000138665	2.25816e-05	0	0.999839 0.000161 27
rVSVOmicron	302	G	167858	0.000139911	2.59159e-05	0.000239722	0.999594 0.000406 68
rVSVOmicron	303	C	167583	1.96271e-05	0.000138981	0.999729	0.000112811 0.000271 45
rVSVOmicron	304	T	167569	1.46096e-05	0.999729	0.000248539	8.09688e-06 0.000271 45
rVSVOmicron	305	G	168960	0.000365031	6.4071e-06	4.64082e-05	0.999582 0.000418 71
rVSVOmicron	306	G	169242	9.631e-05	1.28413e-05	1.28413e-05	0.999878 0.000122 21
rVSVOmicron	307	A	168673	0.999909	1.28408e-05	0	7.86066e-05 9.1e-05 15
rVSVOmicron	308	T	169145	8.12641e-06	0.999946	4.57552e-05	0 5.4e-05 9
rVSVOmicron	309	T	169292	2.13115e-05	0.999886	6.51675e-06	8.63029e-05 0.000114 19
rVSVOmicron	310	T	169531	0	0.99994	5.986e-05	0 6e-05 10
rVSVOmicron	311	T	169552	1.2829e-05	0.999933	5.42631e-05	0 6.7e-05 11
rVSVOmicron	312	C	169507	3.16996e-05	0.000238518	0.999711	1.90197e-05 0.000289 49
rVSVOmicron	313	G	169553	0.00016719	4.4966e-05	3.36811e-05	0.999754 0.000246 42
rVSVOmicron	314	G	169455	0.000242518	1.91598e-05	6.38659e-06	0.999732 0.000268 45
rVSVOmicron	315	C	169808	7.93944e-05	0.000218806	0.999695	6.3447e-06 0.000305 52
rVSVOmicron	316	A	169640	0.99993	3.8042e-05	6.34034e-06	2.53614e-05 7e-05 12
rVSVOmicron	317	C	170723	5.1167e-06	0.0002207	0.999768	6.3106e-06 0.000232 40
rVSVOmicron	318	C	171038	6.95992e-05	0.000347654	0.999562	2.05207e-05 0.000438 75
rVSVOmicron	319	A	170709	0.999392	6.2619e-06	0.000190057	0.000411593 0.000608 104
rVSVOmicron	320	C	171661	0.000214814	0.000104619	0.999071	0.000609289 0.000929 159
rVSVOmicron	321	A	170613	0.999116	0	0.000831219	5.23913e-05 0.000884 151
rVSVOmicron	322	C	170696	6.27644e-06	3.13822e-05	0.999962	0 3.8e-05 6
rVSVOmicron	323	T	170530	0.00139726	0.998502	9.71784e-05	3.79738e-06 0.001498 255
rVSVOmicron	324	C	171855	5.61325e-05	0.00150327	0.998422	1.87108e-05 0.001578 271
rVSVOmicron	325	G	171906	0.000127205	4.27981e-05	3.14192e-05	0.999799 0.000201 35
rVSVOmicron	326	A	171157	0.999956	0	6.27355e-06	3.76413e-05 4.4e-05 8
rVSVOmicron	327	C	171405	1.88802e-05	4.40537e-05	0.999937	0 6.3e-05 11
rVSVOmicron	328	T	171153	1.26428e-05	0.999932	4.42499e-05	1.1276e-05 6.8e-05 12
rVSVOmicron	329	C	170977	5.16111e-05	5.63492e-05	0.99988	1.2522e-05 0.00012 21
rVSVOmicron	330	T	171421	1.87666e-05	0.999778	0.000148256	5.49349e-05 0.000222 38
rVSVOmicron	331	A	171836	0.999819	1.27227e-05	6.36133e-06	0.000161784 0.000181 31
rVSVOmicron	332	A	170559	0.999877	4.96098e-06	6.32953e-06	0.000111366 0.000123 21
rVSVOmicron	333	G	171462	1.91268e-05	4.46291e-05	2.70532e-05	0.999909 9.1e-05 16
rVSVOmicron	334	A	171707	0.999894	2.42654e-05	0	8.21947e-05 0.000106 18
rVSVOmicron	335	C	172714	6.20849e-06	7.75222e-05	0.999904	1.2417e-05 9.6e-05 17
rVSVOmicron	336	A	171778	0.99991	0	0	9.02492e-05 9e-05 15
rVSVOmicron	337	C	172609	1.23997e-05	0.000362272	0.999607	1.85995e-05 0.000393 68
rVSVOmicron	338	A	171230	0.999501	0.000139475	2.52042e-05	0.000334127 0.000499 85
rVSVOmicron	339	G	172272	0.000105806	2.52977e-05	0	0.999869 0.000131 23
rVSVOmicron	340	T	172752	0.000396652	0.999375	8.29179e-05	0.00014536 0.000625 108
rVSVOmicron	341	C	173503	0.000462384	0.000112563	0.999411	1.39861e-05 0.000589 102
rVSVOmicron	342	C	173797	4.4459e-05	0.000151093	0.999804	0 0.000196 34
rVSVOmicron	343	C	173357	4.51091e-05	9.02182e-05	0.9997	0.000164783 0.0003 52
rVSVOmicron	344	T	173127	0.000176533	0.999607	0.000216005	0 0.000393 68
rVSVOmicron	345	C	175393	1.22867e-05	2.45734e-05	0.999932	3.07167e-05 6.8e-05 12
rVSVOmicron	346	C	173883	0.000372063	0.000245872	0.999357	2.47041e-05 0.000643 112
rVSVOmicron	347	T	173613	3.15015e-05	0.999746	0.000218658	4.21143e-06 0.000254 44
rVSVOmicron	348	G	174882	8.86757e-05	3.56034e-05	3.87644e-05	0.999837 0.000163 29
rVSVOmicron	349	A	172757	0.999879	1.86436e-05	6.21453e-06	9.62413e-05 0.000121 21
rVSVOmicron	350	T	173142	1.27464e-05	0.999955	3.1866e-05	0 4.5e-05 8
rVSVOmicron	351	T	175329	1.2325e-05	0.999942	3.38105e-05	1.2325e-05 5.8e-05 10
rVSVOmicron	352	G	171636	9.71674e-05	1.8823e-05	6.27433e-06	0.999878 0.000122 21
rVSVOmicron	353	T	171609	0	0.999924	7.00438e-05	6.24486e-06 7.6e-05 13
rVSVOmicron	354	G	172861	8.3454e-05	2.48515e-05	1.3937e-05	0.999878 0.000122 21
rVSVOmicron	355	A	172948	0.999714	0	0.000167227	0.000118595 0.000286 49
rVSVOmicron	356	A	173061	0.999784	1.87456e-05	2.49942e-05	0.000172257 0.000216 37
rVSVOmicron	357	C	174066	6.16699e-06	8.01709e-05	0.999914	0 8.6e-05 15
rVSVOmicron	358	A	172714	0.999931	0	1.25269e-05	5.63713e-05 6.9e-05 12
rVSVOmicron	359	A	172927	0.999908	6.27743e-06	3.76646e-05	4.85229e-05 9.2e-05 16
rVSVOmicron	360	C	173808	5.24273e-05	0.000321076	0.999619	7.68044e-06 0.000381 66
rVSVOmicron	361	G	173646	0.000655229	3.73839e-05	1.24613e-05	0.999295 0.000705 122
rVSVOmicron	362	C	173386	2.48741e-05	6.36978e-05	0.999911	0 8.9e-05 15
rVSVOmicron	363	C	173485	6.46033e-05	8.24652e-05	0.999853	0 0.000147 26
rVSVOmicron	364	A	172882	0.99995	0	6.25405e-06	4.37784e-05 5e-05 9
rVSVOmicron	365	C	173994	4.29742e-05	3.6835e-05	0.999914	6.13917e-06 8.6e-05 15
rVSVOmicron	366	A	174117	0.999828	3.27537e-05	4.99747e-05	8.93129e-05 0.000172 30
rVSVOmicron	367	A	174391	0.999942	6.41074e-06	0	5.12859e-05 5.8e-05 10
rVSVOmicron	368	A	173264	0.999919	6.55532e-06	2.12605e-05	5.27969e-05 8.1e-05 14
rVSVOmicron	369	C	174267	3.25258e-05	0.00020773	0.999716	4.34237e-05 0.000284 49
rVSVOmicron	370	G	173377	0.000256488	1.86934e-05	5.89433e-06	0.999719 0.000281 49
rVSVOmicron	371	T	172568	0	0.999943	4.54205e-05	1.17497e-05 5.7e-05 10
rVSVOmicron	372	G	172913	0.00020179	6.86729e-05	2.65558e-05	0.999703 0.000297 51
rVSVOmicron	373	G	171721	5.7075e-05	1.01617e-05	2.50656e-05	0.999908 9.2e-05 16
rVSVOmicron	374	T	171878	0.000811169	0.999157	1.28509e-05	1.92763e-05 0.000843 145
rVSVOmicron	375	G	173359	9.25815e-05	5.57498e-05	0.000764928	0.999087 0.000913 158
rVSVOmicron	376	A	173803	0.999944	6.22483e-06	0	4.97986e-05 5.6e-05 10
rVSVOmicron	377	T	174240	1.90164e-05	0.999931	3.95746e-05	1.01078e-05 6.9e-05 12
rVSVOmicron	378	T	174624	6.77777e-05	0.999889	4.31313e-05	0 0.000111 19
rVSVOmicron	379	A	174272	0.999603	3.88459e-05	0	0.000357685 0.000397 69
rVSVOmicron	380	A	173493	0.999543	0.000105767	5.59945e-05	0.000295443 0.000457 79
rVSVOmicron	381	G	174122	8.721e-05	3.53554e-05	1.86879e-05	0.999859 0.000141 25
rVSVOmicron	382	G	174303	5.28662e-05	4.36062e-05	0	0.999904 9.6e-05 17
rVSVOmicron	383	T	174141	6.18075e-06	0.999963	2.4723e-05	6.18075e-06 3.7e-05 6
rVSVOmicron	384	G	176022	3.66697e-05	1.83349e-05	1.22232e-05	0.999933 6.7e-05 12
rVSVOmicron	385	T	176079	1.22052e-05	0.999945	4.27183e-05	0 5.5e-05 10
rVSVOmicron	386	G	177035	9.3859e-05	4.9719e-05	6.0713e-06	0.99985 0.00015 27
rVSVOmicron	387	C	177416	3.64719e-05	0.00102647	0.998924	1.33073e-05 0.001076 191
rVSVOmicron	388	G	178111	6.04745e-05	9.21827e-05	4.13515e-05	0.999806 0.000194 35
rVSVOmicron	389	A	177074	0.999883	0	6.04044e-06	0.000110524 0.000117 21
rVSVOmicron	390	G	178487	0.000225496	1.80332e-05	4.38645e-05	0.999713 0.000287 51
rVSVOmicron	391	T	179013	4.13815e-05	0.999843	0.00011322	2.15184e-06 0.000157 28
rVSVOmicron	392	T	179420	2.44225e-05	0.999834	0.000134566	7.43997e-06 0.000166 30
rVSVOmicron	393	C	180575	0	0.00012248	0.99985	2.76514e-05 0.00015 27
rVSVOmicron	394	C	181151	4.02915e-05	0.000208549	0.999703	4.77052e-05 0.000297 54
rVSVOmicron	395	A	180480	0.999589	1.78309e-05	5.94365e-06	0.000387301 0.000411 74
rVSVOmicron	396	G	181679	0.000526441	2.96203e-05	1.18481e-05	0.999432 0.000568 103
rVSVOmicron	397	T	182251	1.81476e-05	0.999859	0.000108885	1.42238e-05 0.000141 26
rVSVOmicron	398	T	182941	1.18676e-05	0.999881	0.000100874	5.93378e-06 0.000119 22
rVSVOmicron	399	C	181715	1.18623e-05	0.000105158	0.999863	1.98774e-05 0.000137 25
rVSVOmicron	400	T	181907	2.56438e-05	0.999689	0.000267269	1.76799e-05 0.000311 57
rVSVOmicron	401	G	184199	0.000187621	5.25465e-05	1.1677e-05	0.999748 0.000252 46
rVSVOmicron	402	C	184717	2.46926e-05	0.000276967	0.999681	1.74579e-05 0.000319 59
rVSVOmicron	403	A	184566	0.999678	5.81772e-06	0	0.000315729 0.000322 59
rVSVOmicron	404	A	185346	0.999927	0	1.17414e-05	6.07699e-05 7.3e-05 14
rVSVOmicron	405	C	186363	1.72815e-05	0.000250503	0.999726	5.76049e-06 0.000274 51
rVSVOmicron	406	G	187325	0.000348653	3.59549e-05	2.33473e-05	0.999592 0.000408 76
rVSVOmicron	407	A	187325	0.999704	2.33661e-05	5.76363e-06	0.000266373 0.000296 55
rVSVOmicron	408	C	188886	5.75142e-06	0.000159485	0.999829	5.75142e-06 0.000171 32
rVSVOmicron	409	C	189711	2.31392e-05	9.41204e-05	0.999871	1.15696e-05 0.000129 24
rVSVOmicron	410	C	188928	8.32054e-05	0.000143591	0.999767	5.74365e-06 0.000233 44
rVSVOmicron	411	T	189266	5.83777e-06	0.999854	0.000128431	1.16755e-05 0.000146 28
rVSVOmicron	412	T	190530	0	0.999884	9.80164e-05	1.78358e-05 0.000116 22
rVSVOmicron	413	T	190550	5.67711e-06	0.999857	0.000114923	2.27084e-05 0.000143 27
rVSVOmicron	414	C	191399	1.13189e-05	0.000102788	0.999886	0 0.000114 22
rVSVOmicron	415	C	191211	0.000170437	0.000111188	0.999718	0 0.000282 54
rVSVOmicron	416	T	191138	1.02924e-05	0.999701	0.000266987	2.18137e-05 0.000299 57
rVSVOmicron	417	G	192935	0.000105056	3.56252e-05	3.50188e-05	0.999824 0.000176 34
rVSVOmicron	418	G	193717	0.000170549	5.71009e-05	3.3447e-05	0.999739 0.000261 51
rVSVOmicron	419	A	193897	0.999854	5.49961e-06	5.49961e-06	0.000134666 0.000146 28
rVSVOmicron	420	T	194510	1.65438e-05	0.999887	9.64312e-05	0 0.000113 22
rVSVOmicron	421	C	197652	3.38544e-05	2.84319e-05	0.999914	2.41817e-05 8.6e-05 17
rVSVOmicron	422	A	196495	0.999623	0.000257549	0	0.000119095 0.000377 74
rVSVOmicron	423	C	196892	4.0734e-05	0.000167201	0.999792	0 0.000208 41
rVSVOmicron	424	A	195755	0.999739	1.66184e-05	3.87763e-05	0.000205709 0.000261 51
rVSVOmicron	425	A	193632	0.999871	4.03408e-05	1.67083e-05	7.24028e-05 0.000129 25
rVSVOmicron	426	G	193269	8.28664e-05	4.10401e-05	5.95946e-05	0.999816 0.000184 36
rVSVOmicron	427	A	197259	0.999896	0	0	0.000103686 0.000104 21
rVSVOmicron	428	A	197713	0.99987	5.46799e-06	5.46799e-06	0.00011867 0.00013 26
rVSVOmicron	429	C	197507	2.36249e-05	9.86083e-05	0.999867	1.08586e-05 0.000133 26
rVSVOmicron	430	A	197193	0.999838	5.46167e-06	0	0.000156912 0.000162 32
rVSVOmicron	431	A	197249	0.999931	1.78528e-05	1.65139e-05	3.43667e-05 6.9e-05 14
rVSVOmicron	432	C	198072	1.62655e-05	2.71091e-05	0.999957	0 4.3e-05 9
rVSVOmicron	433	A	197514	0.999839	5.56666e-06	5.56666e-06	0.000149698 0.000161 32
rVSVOmicron	434	A	196620	0.99993	1.03851e-05	1.48141e-05	4.52058e-05 7e-05 14
rVSVOmicron	435	G	197718	0.000104171	1.12699e-05	3.27438e-05	0.999852 0.000148 29
rVSVOmicron	436	T	199322	1.10616e-05	0.9999	8.29618e-05	5.53078e-06 0.0001 20
rVSVOmicron	437	C	198586	2.55489e-05	7.96176e-05	0.999895	0 0.000105 21
rVSVOmicron	438	T	198248	0	0.999557	0.000425018	1.79585e-05 0.000443 88
rVSVOmicron	439	T	200136	3.14458e-05	0.999663	0.000289155	1.62348e-05 0.000337 67
rVSVOmicron	440	G	200981	9.83835e-05	7.96369e-05	3.12444e-05	0.999791 0.000209 42
rVSVOmicron	441	G	201314	5.35199e-05	4.81679e-05	5.78593e-05	0.99984 0.00016 32
rVSVOmicron	442	A	201055	0.999801	1.06676e-05	0	0.00018798 0.000199 40
rVSVOmicron	443	T	201594	0	0.999845	0.000121274	3.33108e-05 0.000155 31
rVSVOmicron	444	G	202842	8.09855e-05	4.25785e-05	1.06446e-05	0.999866 0.000134 27
rVSVOmicron	445	G	202822	3.71437e-05	2.12249e-05	2.25157e-05	0.999919 8.1e-05 16
rVSVOmicron	446	A	201710	0.999771	1.58602e-05	0	0.000212755 0.000229 46
rVSVOmicron	447	G	202987	0.000396513	2.10563e-05	2.23367e-05	0.99956 0.00044 89
rVSVOmicron	448	T	203342	1.19016e-05	0.99995	3.84293e-05	0 5e-05 10
rVSVOmicron	449	C	200350	1.07105e-05	0.000161961	0.999822	5.35526e-06 0.000178 36
rVSVOmicron	450	T	200367	2.79212e-05	0.999752	0.000220059	0 0.000248 50
rVSVOmicron	451	G	202715	3.1801e-05	4.22112e-05	3.39401e-05	0.999892 0.000108 22
rVSVOmicron	452	A	202201	0.99952	3.20115e-05	1.09589e-05	0.00043749 0.00048 97
rVSVOmicron	453	G	202341	5.28277e-05	7.65287e-05	1.05655e-05	0.99986 0.00014 28
rVSVOmicron	454	T	203109	4.17596e-05	0.999899	4.81174e-05	1.06928e-05 0.000101 21
rVSVOmicron	455	T	203629	6.6073e-06	0.999922	5.9753e-05	1.16346e-05 7.8e-05 16
rVSVOmicron	456	C	204818	2.61332e-05	0.000140978	0.999818	1.45498e-05 0.000182 37
rVSVOmicron	457	A	203596	0.999704	1.05445e-05	5.27223e-06	0.000279713 0.000296 60
rVSVOmicron	458	G	204792	4.33132e-05	5.01297e-05	5.25438e-06	0.999901 9.9e-05 20
rVSVOmicron	459	A	205409	0.9999	2.10999e-05	5.27498e-06	7.38497e-05 0.0001 21
rVSVOmicron	460	G	206063	0.00232936	1.56012e-05	2.7267e-05	0.997628 0.002372 489
rVSVOmicron	461	T	206730	2.05799e-05	0.997791	4.87198e-05	0.00214003 0.002209 457
rVSVOmicron	462	G	207348	6.19064e-05	6.31612e-05	1.67314e-05	0.999858 0.000142 29
rVSVOmicron	463	T	206203	1.55454e-05	0.999804	8.48694e-05	9.5093e-05 0.000196 40
rVSVOmicron	464	A	206107	0.998057	2.5973e-05	0.000100242	0.00181656 0.001943 400
rVSVOmicron	465	C	204434	0.00045276	0.000101468	0.999446	0 0.000554 113
rVSVOmicron	466	T	200930	2.14512e-05	0.999661	0.000317855	0 0.000339 68
rVSVOmicron	467	C	201245	4.41827e-05	2.65383e-05	0.999903	2.65383e-05 9.7e-05 20
rVSVOmicron	468	T	201413	5.37304e-06	0.999744	0.000193865	5.63443e-05 0.000256 52
rVSVOmicron	469	A	202463	0.999867	1.61217e-05	3.00648e-05	8.72897e-05 0.000133 27
rVSVOmicron	470	G	203188	5.89895e-05	9.92965e-05	0	0.999842 0.000158 32
rVSVOmicron	471	C	203861	6.3109e-05	0.000354775	0.999568	1.36452e-05 0.000432 88
rVSVOmicron	472	G	204295	0.000392364	8.40071e-05	1.57513e-05	0.999508 0.000492 101
rVSVOmicron	473	C	204862	4.20881e-05	4.20881e-05	0.999916	0 8.4e-05 17
rVSVOmicron	474	C	205548	3.76857e-05	6.89029e-05	0.999862	3.12172e-05 0.000138 28
rVSVOmicron	475	A	205050	0.999794	4.85513e-05	0	0.000157011 0.000206 42
rVSVOmicron	476	A	205439	0.999921	0	9.45034e-06	6.93965e-05 7.9e-05 16
rVSVOmicron	477	C	206231	0.000126721	8.79773e-05	0.999766	1.97215e-05 0.000234 48
rVSVOmicron	478	A	206188	0.999946	5.22934e-06	1.04587e-05	3.78774e-05 5.4e-05 11
rVSVOmicron	479	A	206389	0.999885	3.43228e-06	9.58178e-06	0.00010211 0.000115 24
rVSVOmicron	480	C	204776	2.29604e-05	0.000136777	0.99983	1.04238e-05 0.00017 35
rVSVOmicron	481	T	205741	2.64657e-05	0.999657	0.000295271	2.11725e-05 0.000343 71
rVSVOmicron	482	G	208658	0.000549316	3.61649e-05	2.06657e-05	0.999394 0.000606 126
rVSVOmicron	483	C	211312	0.000221377	0.000185688	0.999578	1.51778e-05 0.000422 89
rVSVOmicron	484	A	213222	0.999751	0	5.02133e-06	0.000244417 0.000249 53
rVSVOmicron	485	C	215807	2.9835e-05	9.94498e-05	0.999857	1.39767e-05 0.000143 31
rVSVOmicron	486	C	206950	3.62803e-05	0.000139518	0.999814	1.03658e-05 0.000186 38
rVSVOmicron	487	T	206808	6.84596e-05	0.999713	0.000197409	2.10645e-05 0.000287 59
rVSVOmicron	488	T	206972	5.20099e-06	0.999879	0.000115687	0 0.000121 25
rVSVOmicron	489	C	206901	2.76053e-05	9.36906e-05	0.999858	2.06342e-05 0.000142 29
rVSVOmicron	490	G	206894	0.000425301	8.40808e-05	5.69399e-05	0.999434 0.000566 117
rVSVOmicron	491	A	204892	0.999834	2.24341e-05	5.22052e-06	0.000138132 0.000166 34
rVSVOmicron	492	G	205754	9.516e-05	0.000190743	1.12782e-05	0.999703 0.000297 61
rVSVOmicron	493	T	205530	1.65629e-05	0.999808	0.000175113	0 0.000192 39
rVSVOmicron	494	A	205825	0.999829	2.77029e-05	3.7357e-05	0.000106055 0.000171 35
rVSVOmicron	495	C	204331	1.99236e-05	0.000502893	0.999293	0.000184258 0.000707 144
rVSVOmicron	496	G	202313	0.000585579	4.89533e-05	1.77491e-05	0.999348 0.000652 132
rVSVOmicron	497	T	202472	1.06499e-05	0.999929	5.46887e-05	5.32496e-06 7.1e-05 14
rVSVOmicron	498	G	203818	0.000252147	1.5715e-05	1.04766e-05	0.999722 0.000278 57
rVSVOmicron	499	T	203910	0.000127638	0.99947	0.000160677	0.00024158 0.00053 108
rVSVOmicron	500	C	203970	3.22836e-05	5.97318e-05	0.999897	1.05242e-05 0.000103 21
rVSVOmicron	501	C	204878	0.000196455	0.000103466	0.999695	5.30961e-06 0.000305 62
rVSVOmicron	502	C	205412	4.08008e-05	0.000347724	0.99958	3.13418e-05 0.00042 86
rVSVOmicron	503	A	204584	0.999543	2.40145e-05	0	0.000432967 0.000457 93
rVSVOmicron	504	G	205800	0.000253685	2.74331e-05	1.23025e-05	0.999707 0.000293 60
rVSVOmicron	505	C	207173	4.17375e-05	9.22172e-05	0.999861	5.21718e-06 0.000139 29
rVSVOmicron	506	C	202802	6.52733e-05	0.000101296	0.999817	1.59941e-05 0.000183 37
rVSVOmicron	507	T	202747	5.43805e-06	0.999715	0.000229574	5.02652e-05 0.000285 58
rVSVOmicron	508	T	203611	1.71421e-05	0.999833	9.34321e-05	5.60592e-05 0.000167 34
rVSVOmicron	509	T	203436	1.22676e-05	0.999891	9.12939e-05	5.27793e-06 0.000109 22
rVSVOmicron	510	C	204861	2.10446e-05	9.17145e-05	0.999588	0.000299458 0.000412 84
rVSVOmicron	511	C	199858	6.73018e-05	0.000134749	0.999766	3.17571e-05 0.000234 47
rVSVOmicron	512	T	200500	3.32789e-05	0.999284	0.000645232	3.76386e-05 0.000716 144
rVSVOmicron	513	C	202797	2.2313e-05	8.9394e-05	0.999773	0.000115118 0.000227 46
rVSVOmicron	514	A	203340	0.999581	0.000140047	1.00034e-05	0.000269046 0.000419 85
rVSVOmicron	515	T	205348	0	0.999838	0.000162501	0 0.000162 33
rVSVOmicron	516	G	208758	8.73257e-05	0.00128774	0.000147001	0.998478 0.001522 318
rVSVOmicron	517	G	211629	0.000230461	4.08794e-05	2.26346e-05	0.999706 0.000294 62
rVSVOmicron	518	A	215281	0.999814	2.4833e-05	4.96659e-06	0.000156381 0.000186 40
rVSVOmicron	519	C	218684	2.47154e-05	0.000228183	0.999713	3.46015e-05 0.000287 63
rVSVOmicron	520	C	170928	4.72225e-05	8.79901e-05	0.999865	0 0.000135 23
rVSVOmicron	521	T	171635	7.5211e-05	0.999569	0.00033828	1.77864e-05 0.000431 74
rVSVOmicron	522	G	169315	0.000166472	1.26478e-05	3.31578e-05	0.999788 0.000212 36
rVSVOmicron	523	G	170116	6.29471e-05	1.88841e-05	6.24367e-05	0.999856 0.000144 24
rVSVOmicron	524	A	169712	0.999582	6.48705e-05	1.42065e-05	0.00033873 0.000418 71
rVSVOmicron	525	G	167758	0.000105642	4.00712e-05	1.28367e-05	0.999841 0.000159 27
rVSVOmicron	526	G	167924	0.00011077	6.44417e-05	1.44558e-05	0.99981 0.00019 32
rVSVOmicron	527	G	167310	0.000139371	6.56984e-05	6.41382e-06	0.999789 0.000211 35
rVSVOmicron	528	C	167464	4.44235e-05	0.000223661	0.999705	2.72716e-05 0.000295 49
rVSVOmicron	529	A	167538	0.999839	1.91434e-05	6.38114e-06	0.000135901 0.000161 27
rVSVOmicron	530	A	167779	0.999613	6.97756e-06	7.35472e-05	0.000306258 0.000387 65
rVSVOmicron	531	G	167627	0.000351658	1.28065e-05	0	0.999636 0.000364 61
rVSVOmicron	532	C	168561	1.26487e-05	0.000293997	0.999687	6.32436e-06 0.000313 53
