rVSVOmicron	6	C	7772	0	0.00018292	0.999817	0 0.000183 1
rVSVOmicron	8	T	9144	0.00274059	0.997259	0	0 0.002741 25
rVSVOmicron	9	G	9895	0.000232647	0.000144618	0	0.999623 0.000377 4
rVSVOmicron	11	T	10856	0	0.99979	0.000209503	0 0.00021 2
rVSVOmicron	12	C	11450	0	0.000198624	0.999801	0 0.000199 2
rVSVOmicron	13	C	12082	0.000121012	6.30272e-05	0.999816	0 0.000184 2
rVSVOmicron	14	T	12472	0	0.998571	0.00142939	0 0.001429 18
rVSVOmicron	15	C	13271	0	8.44234e-05	0.999916	0 8.4e-05 1
rVSVOmicron	16	G	14177	0.000348497	0	0	0.999651 0.000349 5
rVSVOmicron	17	T	14875	0	0.999819	0.0001806	0 0.000181 3
rVSVOmicron	18	G	15722	0.000141823	0	0	0.999858 0.000142 2
rVSVOmicron	19	C	16420	0	0.00026505	0.999735	0 0.000265 4
rVSVOmicron	20	T	17149	0	0.999871	0.000129472	0 0.000129 2
rVSVOmicron	21	C	17983	0	6.18295e-05	0.999876	6.18295e-05 0.000124 2
rVSVOmicron	22	C	18660	0.000118736	0.000356209	0.999466	5.93682e-05 0.000534 10
rVSVOmicron	23	T	19379	0.00020049	0.9994	0.000342376	5.70627e-05 0.0006 12
rVSVOmicron	24	G	20164	0.000516491	0.000109828	0	0.999374 0.000626 13
rVSVOmicron	25	C	20924	0	0.000211749	0.999788	0 0.000212 4
rVSVOmicron	26	C	21566	5.13596e-05	7.77334e-05	0.999871	0 0.000129 3
rVSVOmicron	27	T	22197	4.98378e-05	0.999767	0.000183188	0 0.000233 5
rVSVOmicron	28	C	22938	0	0.000224239	0.999776	0 0.000224 5
rVSVOmicron	29	T	23631	0	0.999818	0.000151445	3.0289e-05 0.000182 4
rVSVOmicron	30	G	24835	8.91549e-05	0	4.45775e-05	0.999866 0.000134 3
rVSVOmicron	31	G	25081	0.000132144	0	0	0.999868 0.000132 3
rVSVOmicron	32	T	25748	0	0.999776	0.000180985	4.2926e-05 0.000224 6
rVSVOmicron	33	G	26549	0.000568831	0	0	0.999431 0.000569 15
rVSVOmicron	34	T	27132	0	0.999877	0.000122538	0 0.000123 3
rVSVOmicron	36	T	28682	0	0.999846	0.000153639	0 0.000154 4
rVSVOmicron	37	A	29701	0.999622	0	0	0.000378501 0.000378 11
rVSVOmicron	38	G	30465	7.5257e-05	3.76285e-05	3.15266e-05	0.999856 0.000144 4
rVSVOmicron	39	C	31193	0	0.000144791	0.999855	0 0.000145 5
rVSVOmicron	40	C	32071	6.84847e-05	0.000205454	0.999726	0 0.000274 9
rVSVOmicron	41	A	33057	0.999762	0	3.40255e-05	0.000204153 0.000238 8
rVSVOmicron	42	G	33818	9.76004e-05	0.000286646	3.25335e-05	0.999583 0.000417 14
rVSVOmicron	43	T	34490	0	0.999935	6.45536e-05	0 6.5e-05 2
rVSVOmicron	44	G	35208	8.45169e-05	6.25425e-05	3.12712e-05	0.999822 0.000178 6
rVSVOmicron	45	C	36031	3.05285e-05	0.000678228	0.999261	3.05285e-05 0.000739 27
rVSVOmicron	46	G	38167	0.000458846	0.000220464	5.76478e-05	0.999263 0.000737 28
rVSVOmicron	47	T	40143	0	0.99927	0.000336264	0.000393421 0.00073 29
rVSVOmicron	48	G	43072	0.000183682	0.000108007	0.000415519	0.999293 0.000707 30
rVSVOmicron	49	A	45861	0.999463	4.62898e-05	0	0.000490281 0.000537 25
rVSVOmicron	50	A	49097	0.999873	2.88354e-05	0	9.84164e-05 0.000127 6
rVSVOmicron	51	C	52040	0	0.000105181	0.999856	3.86612e-05 0.000144 7
rVSVOmicron	52	C	38602	9.92676e-05	0.000113888	0.999787	0 0.000213 8
rVSVOmicron	53	T	39391	5.58604e-05	0.999612	0.000332143	0 0.000388 15
rVSVOmicron	54	G	40280	0.000189447	5.4762e-05	2.7381e-05	0.999728 0.000272 11
rVSVOmicron	55	A	41005	0.999803	0	2.19156e-05	0.000174594 0.000197 8
rVSVOmicron	56	C	41746	0.000281815	0.000158387	0.999512	4.78016e-05 0.000488 20
rVSVOmicron	57	C	42628	0	0.000103405	0.999876	2.09605e-05 0.000124 5
rVSVOmicron	59	C	44177	0	0.000738821	0.999261	0 0.000739 33
rVSVOmicron	60	A	45033	0.999743	0	4.48495e-05	0.000211716 0.000257 12
rVSVOmicron	61	C	45840	5.7668e-05	0.000585104	0.999357	0 0.000643 29
rVSVOmicron	62	G	46910	0.000637657	4.72339e-05	0	0.999315 0.000685 32
rVSVOmicron	63	G	47567	0.000158946	2.3245e-05	0	0.999818 0.000182 9
rVSVOmicron	64	A	48373	0.999909	0	0	9.12569e-05 9.1e-05 4
rVSVOmicron	65	C	49172	0	0.000134368	0.999866	0 0.000134 7
rVSVOmicron	66	C	50097	0	0.000134248	0.999866	0 0.000134 7
rVSVOmicron	67	C	51026	4.67412e-05	0.00014259	0.999811	0 0.000189 10
rVSVOmicron	68	A	52084	0.999762	0	0	0.000237518 0.000238 12
rVSVOmicron	69	G	52940	0.000436566	8.35858e-05	0.000122555	0.999357 0.000643 34
rVSVOmicron	70	C	53660	0	0.00222384	0.997776	0 0.002224 119
rVSVOmicron	71	T	54603	6.07373e-05	0.999777	0.000161966	0 0.000223 12
rVSVOmicron	72	C	55641	0	9.91886e-05	0.999841	5.95131e-05 0.000159 9
rVSVOmicron	73	C	57622	5.60135e-05	0.000221436	0.999723	0 0.000277 16
rVSVOmicron	74	C	57171	0.000206046	0.000216585	0.999577	0 0.000423 24
rVSVOmicron	75	T	57948	0	0.999774	0.000225792	0 0.000226 13
rVSVOmicron	76	C	58901	6.02662e-05	0.000258284	0.999681	0 0.000319 19
rVSVOmicron	77	C	59803	3.73934e-05	0.000214759	0.999688	5.96272e-05 0.000312 19
rVSVOmicron	78	C	60766	7.10347e-05	0.00018777	0.999723	1.83796e-05 0.000277 17
rVSVOmicron	79	G	61785	0.000377787	0.000396215	0	0.999226 0.000774 48
rVSVOmicron	80	C	63185	1.74802e-05	0.000104881	0.999878	0 0.000122 8
rVSVOmicron	81	C	63355	5.23671e-05	0.00012219	0.999808	1.74557e-05 0.000192 12
rVSVOmicron	82	T	64174	1.73486e-05	0.99972	0.000262574	0 0.00028 18
rVSVOmicron	83	A	65375	0.999717	2.08744e-05	0.000202714	5.984e-05 0.000283 19
rVSVOmicron	84	C	66240	0	9.02295e-05	0.99991	0 9e-05 6
rVSVOmicron	85	A	67140	0.999863	1.66007e-05	1.66007e-05	0.000103642 0.000137 9
rVSVOmicron	86	C	68071	0	8.12677e-05	0.999919	0 8.1e-05 6
rVSVOmicron	87	A	69041	0.999905	1.62645e-05	1.62645e-05	6.286e-05 9.5e-05 7
rVSVOmicron	88	A	69908	0.999906	3.61828e-05	3.57416e-05	2.20627e-05 9.4e-05 7
rVSVOmicron	89	A	70521	0.999873	1.69826e-05	1.69826e-05	9.31748e-05 0.000127 9
rVSVOmicron	90	C	71143	3.70729e-05	7.88333e-05	0.999884	0 0.000116 8
rVSVOmicron	91	T	71618	1.55702e-05	0.999932	5.21812e-05	0 6.8e-05 5
rVSVOmicron	92	C	72417	1.90719e-05	0	0.999981	0 1.9e-05 1
rVSVOmicron	93	T	73174	1.54061e-05	0.999858	0.00012658	0 0.000142 10
rVSVOmicron	94	T	74217	1.54094e-05	0.999716	0.000253631	1.54094e-05 0.000284 21
rVSVOmicron	95	T	75120	9.71968e-06	0.999861	0.000129596	0 0.000139 10
rVSVOmicron	96	C	76330	0	0.000131175	0.999869	0 0.000131 10
rVSVOmicron	97	A	77349	0.999734	0	0	0.000265701 0.000266 21
rVSVOmicron	98	C	78305	0	0.000387049	0.999613	0 0.000387 30
rVSVOmicron	99	C	79175	7.12408e-05	0.000294205	0.99962	1.42482e-05 0.00038 30
rVSVOmicron	100	C	80159	0.000313528	0.000172155	0.999458	5.6245e-05 0.000542 43
rVSVOmicron	101	G	81271	0.000318574	3.90775e-05	0.00035728	0.999285 0.000715 58
rVSVOmicron	102	G	82494	0.000143253	8.2176e-05	4.40493e-05	0.999731 0.000269 22
rVSVOmicron	103	G	83422	0.000114657	1.36409e-05	1.36409e-05	0.999858 0.000142 12
rVSVOmicron	104	G	84220	0.000159973	4.04487e-05	1.78557e-05	0.999782 0.000218 18
rVSVOmicron	105	C	85276	6.52089e-05	0.000360588	0.999482	9.19974e-05 0.000518 44
rVSVOmicron	106	G	86480	0.000389842	1.28787e-05	9.5024e-05	0.999502 0.000498 43
rVSVOmicron	107	T	87398	1.53805e-05	0.999903	6.88626e-05	1.29336e-05 9.7e-05 8
rVSVOmicron	108	G	88706	0.000332328	1.25599e-05	0.000105232	0.99955 0.00045 40
rVSVOmicron	109	T	89609	0.000103121	0.999747	0.0001503	0 0.000253 23
rVSVOmicron	110	A	90938	0.99983	1.24036e-05	0.000107945	4.96146e-05 0.00017 15
rVSVOmicron	111	C	91871	0	0.000106628	0.999881	1.2102e-05 0.000119 11
rVSVOmicron	112	T	92776	2.70025e-05	0.999742	0.000231311	0 0.000258 24
rVSVOmicron	113	A	94131	0.999913	0	1.19473e-05	7.45901e-05 8.7e-05 8
rVSVOmicron	114	C	95058	2.34332e-05	0.000137116	0.999839	0 0.000161 15
rVSVOmicron	115	C	93726	2.40752e-05	0.000168526	0.999795	1.20376e-05 0.000205 19
rVSVOmicron	116	C	94596	2.39735e-05	0.000137685	0.999838	0 0.000162 15
rVSVOmicron	117	C	95559	1.18516e-05	0.000192509	0.999796	0 0.000204 19
rVSVOmicron	118	G	96796	0.000256923	0	0	0.999743 0.000257 25
rVSVOmicron	119	A	98093	0.999839	1.14062e-05	1.14062e-05	0.0001378 0.000161 16
rVSVOmicron	120	C	99743	2.50659e-05	0.000102982	0.999872	0 0.000128 13
rVSVOmicron	121	A	101782	0.999518	3.33481e-05	0.000230132	0.000218715 0.000482 49
rVSVOmicron	122	A	104449	0.999716	7.92767e-05	4.36169e-05	0.000160616 0.000284 30
rVSVOmicron	123	G	106741	0.000206315	0.000105298	1.05583e-05	0.999678 0.000322 34
rVSVOmicron	124	G	101219	0.000135262	1.11215e-05	1.11215e-05	0.999843 0.000157 16
rVSVOmicron	125	T	102005	0	0.999858	7.07862e-05	7.10836e-05 0.000142 14
rVSVOmicron	126	G	103241	0.0025459	1.08499e-05	0	0.997443 0.002557 264
rVSVOmicron	127	T	104022	1.09781e-05	0.99986	0.000118385	1.09781e-05 0.00014 15
rVSVOmicron	128	T	104934	0	0.999924	7.58189e-05	0 7.6e-05 8
rVSVOmicron	129	C	106060	4.22641e-05	0.000126507	0.999818	1.31361e-05 0.000182 19
rVSVOmicron	130	C	107049	2.72358e-05	0.000249378	0.999702	2.09943e-05 0.000298 32
rVSVOmicron	131	G	108208	5.44474e-05	0.000116753	6.39897e-05	0.999765 0.000235 25
rVSVOmicron	132	G	108926	0.000302203	0	2.06301e-05	0.999677 0.000323 35
rVSVOmicron	133	T	108612	2.08197e-05	0.999878	0.000101004	0 0.000122 13
rVSVOmicron	134	C	109437	2.04425e-05	0.000111605	0.999868	0 0.000132 14
rVSVOmicron	135	T	110294	1.01666e-05	0.999896	8.3806e-05	1.01666e-05 0.000104 11
rVSVOmicron	136	A	111867	0.999835	2.25605e-05	2.03595e-05	0.000121882 0.000165 18
rVSVOmicron	137	G	111815	7.44116e-05	1.27721e-05	0	0.999913 8.7e-05 10
rVSVOmicron	138	C	112749	9.94889e-06	0.00028072	0.999689	1.98978e-05 0.000311 35
rVSVOmicron	139	G	113629	0.000118656	9.88798e-06	9.88798e-06	0.999862 0.000138 16
rVSVOmicron	140	T	114410	0	0.999771	9.08897e-05	0.000137801 0.000229 26
rVSVOmicron	141	G	115690	0.00013951	2.59615e-05	0.000135577	0.999699 0.000301 35
rVSVOmicron	142	C	116482	5.78978e-05	0.000260279	0.999682	0 0.000318 37
rVSVOmicron	143	T	117322	1.91939e-05	0.999778	0.000181305	2.15283e-05 0.000222 26
rVSVOmicron	144	C	118565	1.89601e-05	0.000134514	0.999847	0 0.000153 18
rVSVOmicron	145	C	119483	0.000836319	0.00013197	0.999032	0 0.000968 116
rVSVOmicron	146	A	119227	0.999094	3.76806e-05	0.000807332	6.05945e-05 0.000906 108
rVSVOmicron	147	C	119582	2.60061e-05	0.000116649	0.999857	0 0.000143 17
rVSVOmicron	148	T	119952	0	0.999875	0.00012532	0 0.000125 15
rVSVOmicron	149	C	119748	9.25856e-06	0.000105848	0.999876	9.25856e-06 0.000124 15
rVSVOmicron	150	T	120182	3.939e-05	0.999642	0.000300223	1.8685e-05 0.000358 43
rVSVOmicron	151	A	120976	0.999799	2.80464e-05	0	0.000172574 0.000201 24
rVSVOmicron	152	C	121882	0	0.000186631	0.999784	2.95848e-05 0.000216 26
rVSVOmicron	153	A	121297	0.99991	2.77411e-05	0	6.223e-05 9e-05 11
rVSVOmicron	154	C	122348	2.91373e-05	0.000117774	0.999835	1.8119e-05 0.000165 20
rVSVOmicron	155	A	123645	0.999494	4.94636e-05	5.43609e-05	0.000402075 0.000506 63
rVSVOmicron	156	G	125760	0.000170135	7.30862e-05	2.51608e-05	0.999732 0.000268 34
rVSVOmicron	157	G	128332	7.82957e-05	3.47981e-05	8.69952e-06	0.999878 0.000122 16
rVSVOmicron	158	A	129725	0.999917	0	0	8.34617e-05 8.3e-05 11
rVSVOmicron	159	C	131593	8.47917e-06	0.000103813	0.999029	0.000858917 0.000971 128
rVSVOmicron	160	C	120934	9.22228e-06	0.000197905	0.999793	0 0.000207 25
rVSVOmicron	161	T	121333	2.0539e-05	0.999497	0.000363515	0.000119027 0.000503 61
rVSVOmicron	162	G	122446	0.000141469	9.10324e-06	2.04208e-05	0.999829 0.000171 21
rVSVOmicron	163	T	122936	9.73337e-06	0.999	0.000107856	0.00088258 0.001 123
rVSVOmicron	164	T	123406	1.92058e-05	0.998998	0.000118478	0.000864013 0.001002 124
rVSVOmicron	165	C	125526	1.7898e-05	0.000127463	0.999814	4.06333e-05 0.000186 23
rVSVOmicron	166	C	124099	2.70726e-05	0.000156094	0.999817	0 0.000183 23
rVSVOmicron	167	T	124002	3.79724e-05	0.999659	0.000294346	8.9489e-06 0.000341 42
rVSVOmicron	168	C	124743	8.97316e-06	8.97316e-05	0.999892	8.97316e-06 0.000108 13
rVSVOmicron	169	C	125036	1.82218e-05	8.64305e-05	0.999886	9.11091e-06 0.000114 14
rVSVOmicron	170	C	125241	6.50558e-05	0.000148075	0.999787	0 0.000213 27
rVSVOmicron	171	T	125383	9.05269e-06	0.999598	0.000366267	2.71581e-05 0.000402 50
rVSVOmicron	172	T	125866	9.36872e-06	0.999784	0.000160281	4.68436e-05 0.000216 27
rVSVOmicron	173	T	126195	4.4739e-05	0.999882	7.37589e-05	0 0.000118 15
rVSVOmicron	174	C	124441	8.91157e-06	0.000135841	0.999846	8.91157e-06 0.000154 19
rVSVOmicron	175	T	125011	0	0.999872	0.000109826	1.79407e-05 0.000128 16
rVSVOmicron	176	T	126116	0	0.999629	0.000362017	8.8355e-06 0.000371 47
rVSVOmicron	177	C	127087	8.69548e-06	0.000354165	0.999628	8.69548e-06 0.000372 47
rVSVOmicron	178	A	127382	0.999658	4.30025e-05	7.63176e-05	0.000222573 0.000342 44
rVSVOmicron	179	G	127849	0.000106208	8.67481e-06	0	0.999885 0.000115 15
rVSVOmicron	180	C	128817	4.71958e-05	0.000150422	0.999794	8.60218e-06 0.000206 27
rVSVOmicron	181	A	129015	0.999876	8.57335e-06	8.57335e-06	0.000106819 0.000124 16
rVSVOmicron	182	A	129266	0.999871	0	1.75107e-05	0.000111453 0.000129 17
rVSVOmicron	183	C	130254	1.05314e-05	0.000497725	0.999466	2.54128e-05 0.000534 70
rVSVOmicron	184	G	129619	0.000129787	1.71504e-05	0.000418562	0.999435 0.000565 73
rVSVOmicron	185	T	130147	3.42681e-05	0.999878	8.7754e-05	0 0.000122 16
rVSVOmicron	186	G	131192	9.48771e-05	3.37543e-05	2.53158e-05	0.999846 0.000154 20
rVSVOmicron	187	A	131340	0.999793	2.67015e-05	1.55188e-05	0.000164545 0.000207 27
rVSVOmicron	188	C	132445	3.3352e-05	0.000143323	0.999823	0 0.000177 23
rVSVOmicron	189	A	131698	0.999888	0	0	0.000111661 0.000112 15
rVSVOmicron	190	T	132178	0	0.997441	5.87828e-05	0.00250042 0.002559 338
rVSVOmicron	191	G	132778	8.6037e-05	3.35976e-05	0	0.99988 0.00012 16
rVSVOmicron	192	G	132745	0.000110829	0	0	0.999889 0.000111 15
rVSVOmicron	193	T	133085	0	0.999947	5.31159e-05	0 5.3e-05 7
rVSVOmicron	194	T	133086	0	0.9999	9.97357e-05	0 0.0001 13
rVSVOmicron	195	C	133571	8.29274e-06	0.000155321	0.999836	0 0.000164 22
rVSVOmicron	196	C	133970	6.1585e-05	0.0001524	0.99977	1.65119e-05 0.00023 31
rVSVOmicron	197	A	133661	0.999781	2.48237e-05	8.27457e-06	0.000186066 0.000219 29
rVSVOmicron	198	C	134487	8.18309e-06	0.000160123	0.999807	2.45493e-05 0.000193 26
rVSVOmicron	199	G	133915	0.000314801	9.37706e-05	1.11632e-05	0.99958 0.00042 56
rVSVOmicron	200	T	134378	1.89325e-05	0.999814	0.000167462	0 0.000186 25
rVSVOmicron	201	G	135453	6.70764e-05	4.06857e-05	0.000109741	0.999783 0.000217 29
rVSVOmicron	202	A	135694	0.999912	1.62364e-05	0	7.15278e-05 8.8e-05 12
rVSVOmicron	203	T	136103	8.12748e-06	0.999475	0.000517303	0 0.000525 71
rVSVOmicron	204	C	135540	2.62681e-05	0.000107699	0.999855	1.0945e-05 0.000145 20
rVSVOmicron	205	T	136167	0	0.999848	0.000125484	2.62794e-05 0.000152 21
rVSVOmicron	206	C	136859	3.20682e-05	0.000121773	0.999846	0 0.000154 21
rVSVOmicron	207	T	137289	0	0.999777	0.000174592	4.81482e-05 0.000223 31
rVSVOmicron	208	G	138540	7.18778e-05	5.59049e-05	3.99321e-05	0.999832 0.000168 23
rVSVOmicron	209	G	139037	0.0003198	7.96271e-06	0	0.999672 0.000328 46
rVSVOmicron	210	C	139742	0	0.000249929	0.99975	0 0.00025 35
rVSVOmicron	211	A	139607	0.999829	1.57758e-05	7.88791e-06	0.000147312 0.000171 24
rVSVOmicron	212	C	140491	1.70842e-05	0.000167256	0.999808	7.80389e-06 0.000192 27
rVSVOmicron	213	A	140242	0.999921	0	0	7.88487e-05 7.9e-05 11
rVSVOmicron	214	A	140250	0.99996	7.98557e-06	1.59711e-05	1.59711e-05 4e-05 6
rVSVOmicron	215	A	140351	0.99986	2.47156e-05	1.64771e-05	9.93077e-05 0.00014 20
rVSVOmicron	216	C	141102	4.66392e-05	0.000228154	0.999725	0 0.000275 39
rVSVOmicron	217	G	141436	0.0001867	5.51371e-05	7.87672e-06	0.99975 0.00025 35
rVSVOmicron	218	G	141542	0.000492108	4.69077e-05	7.81795e-06	0.999453 0.000547 77
rVSVOmicron	219	C	141696	7.75593e-06	0.000334134	0.999658	0 0.000342 48
rVSVOmicron	220	A	141546	0.999872	0	0	0.000128009 0.000128 18
rVSVOmicron	221	C	142531	7.69681e-06	6.32387e-05	0.999921	7.69681e-06 7.9e-05 11
rVSVOmicron	222	A	142467	0.999897	0	5.66868e-05	4.67454e-05 0.000103 15
rVSVOmicron	223	A	142676	0.999876	1.98207e-05	3.34607e-05	7.09709e-05 0.000124 18
rVSVOmicron	224	A	142580	0.999836	7.87808e-06	3.34286e-05	0.000122856 0.000164 23
rVSVOmicron	225	G	143141	0.000141662	9.6067e-05	1.76017e-05	0.999745 0.000255 37
rVSVOmicron	226	C	144027	0.000156645	0.000262866	0.999581	0 0.000419 60
rVSVOmicron	227	G	144638	0.000154941	3.82698e-05	2.15139e-05	0.999785 0.000215 31
rVSVOmicron	228	G	144630	9.34539e-05	0	7.6331e-06	0.999899 0.000101 15
rVSVOmicron	229	T	144795	1.53606e-05	0.998812	0.0011726	0 0.001188 172
rVSVOmicron	230	T	144052	0.000294844	0.999667	3.8494e-05	0 0.000333 48
rVSVOmicron	231	C	144616	2.30786e-05	0.000415824	0.999552	9.39484e-06 0.000448 65
rVSVOmicron	232	G	144432	8.36703e-05	4.94603e-05	1.52503e-05	0.999852 0.000148 21
rVSVOmicron	233	A	143817	0.99988	2.2773e-05	6.15486e-06	9.1092e-05 0.00012 17
rVSVOmicron	234	C	144542	2.26332e-05	0.000137023	0.999825	1.54966e-05 0.000175 25
rVSVOmicron	235	A	144623	0.999898	2.30153e-05	0	7.87911e-05 0.000102 15
rVSVOmicron	236	A	144647	0.99988	0	3.53543e-05	8.46423e-05 0.00012 17
rVSVOmicron	237	C	145179	1.52556e-05	0.0001239	0.999853	7.62778e-06 0.000147 21
rVSVOmicron	238	C	146546	3.7901e-05	0.000204256	0.999758	0 0.000242 35
rVSVOmicron	239	C	146745	4.69262e-05	0.000178074	0.999775	0 0.000225 33
rVSVOmicron	240	C	147014	7.99822e-05	0.000233841	0.999656	3.03241e-05 0.000344 51
rVSVOmicron	241	G	147307	0.000293736	3.88029e-05	0	0.999667 0.000333 49
rVSVOmicron	242	T	147337	3.33895e-05	0.999881	7.76358e-05	7.57922e-06 0.000119 18
rVSVOmicron	243	G	148067	0.00040229	8.30123e-05	3.99098e-05	0.999475 0.000525 78
rVSVOmicron	244	C	147288	2.22603e-05	0.000103881	0.999874	0 0.000126 19
rVSVOmicron	245	T	147605	0.000188078	0.999593	0.000219391	0 0.000407 60
rVSVOmicron	246	C	148727	0	0.000272363	0.999555	0.000172888 0.000445 66
rVSVOmicron	247	C	149867	4.41402e-05	0.000165426	0.999783	7.3567e-06 0.000217 33
rVSVOmicron	248	C	148815	5.35269e-05	0.000114444	0.999817	1.47798e-05 0.000183 27
rVSVOmicron	249	T	148551	0	0.999781	0.000167121	5.2087e-05 0.000219 33
rVSVOmicron	250	T	148875	1.68744e-05	0.999851	0.000125033	7.52231e-06 0.000149 22
rVSVOmicron	251	T	148743	0	0.999883	0.000102058	1.4896e-05 0.000117 17
rVSVOmicron	252	C	148805	1.46372e-05	9.69218e-05	0.999888	0 0.000112 17
rVSVOmicron	253	A	148466	0.999693	4.03688e-05	0	0.000266594 0.000307 46
rVSVOmicron	254	A	149163	0.999889	7.40783e-06	7.40783e-06	9.61016e-05 0.000111 17
rVSVOmicron	255	C	150094	5.23249e-05	0.000411961	0.999536	0 0.000464 70
rVSVOmicron	256	G	149979	0.000222935	1.16606e-05	0	0.999765 0.000235 35
rVSVOmicron	257	A	149222	0.999949	7.32364e-06	1.46473e-05	2.92946e-05 5.1e-05 8
rVSVOmicron	258	C	150255	8.95542e-06	0.000427329	0.999555	8.95542e-06 0.000445 67
rVSVOmicron	259	G	150625	0.00010567	3.82461e-05	2.36574e-06	0.999854 0.000146 22
rVSVOmicron	260	G	150776	6.03227e-05	9.00923e-06	2.35023e-05	0.999907 9.3e-05 14
rVSVOmicron	261	C	151026	2.8737e-05	0.000364261	0.999597	9.51427e-06 0.000403 61
rVSVOmicron	262	G	151187	0.000422075	1.43801e-05	2.15701e-05	0.999542 0.000458 69
rVSVOmicron	263	T	151670	2.07288e-05	0.99989	8.96275e-05	0 0.00011 17
rVSVOmicron	264	G	152322	0.000124486	2.25462e-05	7.13e-06	0.999846 0.000154 23
rVSVOmicron	265	T	152303	1.42752e-05	0.999767	0.000151047	6.80966e-05 0.000233 35
rVSVOmicron	266	A	152253	0.999906	0	4.13683e-05	5.29909e-05 9.4e-05 14
rVSVOmicron	267	C	152792	3.7469e-05	0.000172666	0.999776	1.42923e-05 0.000224 34
rVSVOmicron	268	T	152668	1.47105e-05	0.999809	0.000167381	9.14434e-06 0.000191 29
rVSVOmicron	269	T	152414	3.58936e-05	0.999891	5.91759e-05	1.43574e-05 0.000109 17
rVSVOmicron	270	C	153214	7.05457e-06	0.000158442	0.999827	7.05457e-06 0.000173 27
rVSVOmicron	271	G	153747	0.000197566	2.30173e-05	2.83881e-05	0.999751 0.000249 38
rVSVOmicron	272	C	154215	1.4094e-05	0.000203792	0.999782	0 0.000218 34
rVSVOmicron	273	C	154926	1.40118e-05	0.000138982	0.999847	0 0.000153 24
rVSVOmicron	274	A	154032	0.999744	0	6.58144e-05	0.000189938 0.000256 39
rVSVOmicron	275	G	154797	0.000423297	1.39964e-05	1.39964e-05	0.999549 0.000451 70
rVSVOmicron	276	C	155873	1.39321e-05	0.000185636	0.999786	1.39321e-05 0.000214 33
rVSVOmicron	277	A	155581	0.999916	2.1022e-05	0	6.30662e-05 8.4e-05 13
rVSVOmicron	278	T	156209	6.98087e-06	0.993715	0.00627825	0 0.006285 982
rVSVOmicron	279	A	154830	0.993482	0	0.00631697	0.000200927 0.006518 1009
rVSVOmicron	280	G	155758	2.31064e-05	4.44798e-05	5.87287e-05	0.999874 0.000126 20
rVSVOmicron	281	A	155372	0.999875	2.10957e-05	7.03191e-06	9.71163e-05 0.000125 19
rVSVOmicron	282	G	156459	5.76162e-05	6.98951e-06	6.98951e-06	0.999928 7.2e-05 11
rVSVOmicron	283	A	157387	0.999845	2.12132e-05	6.68886e-06	0.000127088 0.000155 24
rVSVOmicron	284	A	156647	0.999775	6.41005e-05	6.66488e-05	9.42884e-05 0.000225 35
rVSVOmicron	285	G	157547	6.2502e-05	7.80806e-05	0	0.999859 0.000141 22
rVSVOmicron	286	T	158181	7.01306e-06	0.999938	4.81437e-05	7.01306e-06 6.2e-05 10
rVSVOmicron	287	C	158120	1.38408e-05	3.46019e-05	0.999943	8.22964e-06 5.7e-05 9
rVSVOmicron	288	T	158371	6.94386e-06	0.999822	0.000150701	2.08316e-05 0.000178 28
rVSVOmicron	289	A	158905	0.999699	1.38373e-05	6.22677e-05	0.000225136 0.000301 48
rVSVOmicron	290	A	159223	0.999847	6.95031e-05	0	8.34037e-05 0.000153 24
rVSVOmicron	291	C	160287	5.45498e-05	6.96616e-05	0.999867	8.47734e-06 0.000133 21
rVSVOmicron	292	A	158644	0.999973	0	1.3367e-05	1.37383e-05 2.7e-05 4
rVSVOmicron	293	T	159243	7.03203e-06	0.999935	3.51601e-05	2.28066e-05 6.5e-05 10
rVSVOmicron	294	T	159546	0	0.999886	6.22561e-05	5.17867e-05 0.000114 18
rVSVOmicron	295	A	159457	0.999699	1.38425e-05	0	0.00028695 0.000301 48
rVSVOmicron	296	T	159952	2.06296e-05	0.999696	0.000283611	0 0.000304 49
rVSVOmicron	297	C	160580	1.35814e-05	0.000138751	0.999848	0 0.000152 24
rVSVOmicron	298	C	160784	5.44723e-05	0.000211816	0.9997	3.40452e-05 0.0003 48
rVSVOmicron	299	G	161227	0.000272273	3.41264e-05	9.70296e-05	0.999597 0.000403 65
rVSVOmicron	300	G	161519	0.000151065	2.03745e-05	1.3583e-05	0.999815 0.000185 30
rVSVOmicron	301	G	161590	7.58546e-05	1.34934e-05	0	0.999911 8.9e-05 14
rVSVOmicron	302	G	161727	0.00014062	5.01311e-05	0.000242692	0.999567 0.000433 70
rVSVOmicron	303	C	161509	1.36367e-05	0.000141159	0.999832	1.36367e-05 0.000168 27
rVSVOmicron	304	T	161690	1.35233e-05	0.99966	0.000304275	2.19298e-05 0.00034 55
rVSVOmicron	305	G	162884	0.00012534	2.82735e-05	0	0.999846 0.000154 25
rVSVOmicron	306	G	163140	8.54661e-05	1.33428e-05	6.6714e-06	0.999894 0.000106 17
rVSVOmicron	307	A	163080	0.999879	1.3307e-05	0	0.000107715 0.000121 20
rVSVOmicron	308	T	163561	0	0.99991	5.59356e-05	3.39281e-05 9e-05 15
rVSVOmicron	309	T	164243	0	0.999898	8.81846e-05	1.35107e-05 0.000102 17
rVSVOmicron	310	T	164577	1.33988e-05	0.999913	6.69942e-05	6.69942e-06 8.7e-05 14
rVSVOmicron	311	T	164512	6.6396e-06	0.99994	3.98376e-05	1.32792e-05 6e-05 10
rVSVOmicron	312	C	164530	1.3075e-05	0.000277402	0.999703	6.53751e-06 0.000297 49
rVSVOmicron	313	G	164675	0.000229548	2.65415e-05	6.63537e-06	0.999737 0.000263 43
rVSVOmicron	314	G	164660	0.000202932	6.5864e-06	1.31728e-05	0.999777 0.000223 37
rVSVOmicron	315	C	164972	5.13635e-05	0.000211985	0.999737	0 0.000263 43
rVSVOmicron	316	A	164128	0.999923	6.56198e-06	1.9686e-05	5.12544e-05 7.7e-05 13
rVSVOmicron	317	C	165028	1.30522e-05	8.99543e-05	0.999897	0 0.000103 17
rVSVOmicron	318	C	165266	3.92925e-05	0.000170268	0.999784	6.54876e-06 0.000216 36
rVSVOmicron	319	A	164862	0.99952	6.48315e-06	0.000195371	0.000278074 0.00048 79
rVSVOmicron	320	C	165783	0.000232028	9.7116e-05	0.999425	0.000245852 0.000575 95
rVSVOmicron	321	A	164387	0.999401	1.97687e-05	0.000479257	0.000100446 0.000599 98
rVSVOmicron	322	C	164047	0.000137154	3.91869e-05	0.999347	0.000476244 0.000653 107
rVSVOmicron	323	T	164571	0.000542541	0.999325	0.00011937	1.32633e-05 0.000675 111
rVSVOmicron	324	C	165695	2.74393e-05	0.000685809	0.99928	6.4666e-06 0.00072 119
rVSVOmicron	325	G	165785	0.000146988	1.30421e-05	0	0.99984 0.00016 27
rVSVOmicron	326	A	165167	0.999949	1.22794e-05	0	3.89431e-05 5.1e-05 8
rVSVOmicron	327	C	165346	6.54844e-06	8.81385e-05	0.999899	6.37145e-06 0.000101 17
rVSVOmicron	328	T	165524	0	0.999909	8.48057e-05	6.37371e-06 9.1e-05 15
rVSVOmicron	329	C	165647	0	3.87691e-05	0.999955	6.46152e-06 4.5e-05 7
rVSVOmicron	330	T	165560	6.5526e-06	0.99981	0.000176743	6.5526e-06 0.00019 31
rVSVOmicron	331	A	165767	0.999892	0	4.81663e-05	5.94051e-05 0.000108 18
rVSVOmicron	332	A	164657	0.999874	3.44548e-05	3.94277e-05	5.25703e-05 0.000126 21
rVSVOmicron	333	G	165489	5.44261e-05	4.13566e-05	6.62423e-06	0.999898 0.000102 17
rVSVOmicron	334	A	166011	0.999906	1.29621e-05	0	8.09254e-05 9.4e-05 16
rVSVOmicron	335	C	166829	3.85742e-05	0.000104255	0.999844	1.28581e-05 0.000156 26
rVSVOmicron	336	A	165847	0.999938	0	6.56038e-06	5.532e-05 6.2e-05 10
rVSVOmicron	337	C	166218	6.42535e-06	0.000128507	0.999859	6.42535e-06 0.000141 23
rVSVOmicron	338	A	164728	0.999375	2.77677e-05	0.000201095	0.00039653 0.000625 103
rVSVOmicron	339	G	165360	9.98521e-05	6.58561e-06	1.31712e-05	0.99988 0.00012 20
rVSVOmicron	340	T	165896	3.89044e-05	0.999894	6.0381e-05	6.5134e-06 0.000106 18
rVSVOmicron	341	C	166760	2.10117e-05	7.77431e-05	0.999882	1.94358e-05 0.000118 20
rVSVOmicron	342	C	167038	3.28141e-05	0.000316612	0.999644	6.56283e-06 0.000356 59
rVSVOmicron	343	C	166903	0.000100096	0.000124378	0.999776	0 0.000224 37
rVSVOmicron	344	T	166694	1.29005e-05	0.999773	0.000201527	1.29005e-05 0.000227 38
rVSVOmicron	345	C	168041	2.04251e-05	6.52564e-05	0.999908	6.40447e-06 9.2e-05 15
rVSVOmicron	346	C	167785	0.000262245	0.000135876	0.999595	6.39622e-06 0.000405 68
rVSVOmicron	347	T	167639	2.44406e-05	0.999753	0.00020984	1.29186e-05 0.000247 41
rVSVOmicron	348	G	168754	7.03053e-05	2.70537e-05	1.91272e-05	0.999884 0.000116 20
rVSVOmicron	349	A	166055	0.999896	2.00682e-05	0	8.39373e-05 0.000104 17
rVSVOmicron	350	T	166480	6.63283e-06	0.999755	0.000232149	6.63283e-06 0.000245 41
rVSVOmicron	351	T	166388	6.48615e-06	0.999934	5.32916e-05	6.48615e-06 6.6e-05 11
rVSVOmicron	352	G	164416	4.63349e-05	9.81521e-05	6.54347e-06	0.999849 0.000151 25
rVSVOmicron	353	T	164744	2.59719e-05	0.999895	7.9144e-05	0 0.000105 17
rVSVOmicron	354	G	166074	7.7304e-05	6.45654e-06	1.29131e-05	0.999903 9.7e-05 16
rVSVOmicron	355	A	166458	0.999818	2.62397e-05	0	0.00015602 0.000182 30
rVSVOmicron	356	A	166811	0.999829	6.48151e-06	3.85387e-05	0.000126127 0.000171 29
rVSVOmicron	357	C	168008	3.70802e-05	7.81272e-05	0.999872	1.27625e-05 0.000128 22
rVSVOmicron	358	A	166850	0.999903	0	5.86219e-05	3.8848e-05 9.7e-05 16
rVSVOmicron	359	A	167009	0.999934	0	1.94489e-05	4.69577e-05 6.6e-05 11
rVSVOmicron	360	C	168047	2.55063e-05	0.000403792	0.999553	1.79233e-05 0.000447 75
rVSVOmicron	361	G	168094	0.000550949	4.50713e-05	6.43876e-06	0.999398 0.000602 101
rVSVOmicron	362	C	167988	1.28142e-05	8.32922e-05	0.999891	1.28142e-05 0.000109 18
rVSVOmicron	363	C	168416	4.6067e-05	6.996e-05	0.99986	2.3893e-05 0.00014 24
rVSVOmicron	364	A	167857	0.999865	1.92894e-05	1.28596e-05	0.000102877 0.000135 23
rVSVOmicron	365	C	168833	2.09846e-05	3.15623e-05	0.999947	0 5.3e-05 9
rVSVOmicron	366	A	168691	0.999911	1.2877e-05	8.52666e-06	6.75173e-05 8.9e-05 15
rVSVOmicron	367	A	169022	0.999876	0	7.63494e-05	4.76292e-05 0.000124 21
rVSVOmicron	368	A	168336	0.999878	8.12232e-05	8.41502e-06	3.25625e-05 0.000122 21
rVSVOmicron	369	C	169394	6.37743e-06	0.000173397	0.999805	1.48232e-05 0.000195 33
rVSVOmicron	370	G	168191	0.000255257	1.28496e-05	6.42482e-06	0.999725 0.000275 46
rVSVOmicron	371	T	167395	1.33404e-05	0.999848	9.6628e-05	4.16438e-05 0.000152 25
rVSVOmicron	372	G	167747	9.9586e-05	5.31009e-05	6.44175e-06	0.999841 0.000159 27
rVSVOmicron	373	G	166329	7.75815e-05	1.29302e-05	0	0.999909 9.1e-05 15
rVSVOmicron	374	T	166607	0.00104097	0.998818	8.79292e-05	5.27576e-05 0.001182 197
rVSVOmicron	375	G	167707	6.38984e-05	4.47289e-05	0.000957095	0.998934 0.001066 179
rVSVOmicron	376	A	167600	0.999872	2.3162e-05	0	0.000104664 0.000128 21
rVSVOmicron	377	T	168085	0	0.999953	4.74482e-05	0 4.7e-05 8
rVSVOmicron	378	T	168604	2.54706e-05	0.999934	4.06153e-05	0 6.6e-05 11
rVSVOmicron	379	A	170567	0.999779	3.17143e-05	0	0.000189771 0.000221 38
rVSVOmicron	380	A	171349	0.999538	0.000162221	4.1191e-05	0.000258673 0.000462 79
rVSVOmicron	381	G	173171	0.000120798	9.66382e-05	6.25107e-06	0.999776 0.000224 39
rVSVOmicron	382	G	168928	8.34655e-05	8.50273e-06	1.92613e-05	0.999889 0.000111 19
rVSVOmicron	383	T	169019	6.00799e-06	0.999944	3.69062e-05	1.27026e-05 5.6e-05 9
rVSVOmicron	384	G	170803	1.88439e-05	1.25626e-05	6.28129e-06	0.999962 3.8e-05 6
rVSVOmicron	385	T	171076	1.88174e-05	0.99991	6.8997e-05	2.20383e-06 9e-05 15
rVSVOmicron	386	G	171608	0.000114015	2.4999e-05	0	0.999861 0.000139 24
rVSVOmicron	387	C	171768	3.97367e-05	0.000806402	0.999134	2.02911e-05 0.000866 149
rVSVOmicron	388	G	172229	0.000318188	2.49295e-05	1.24648e-05	0.999644 0.000356 61
rVSVOmicron	389	A	171189	0.999939	6.22112e-06	0	5.49813e-05 6.1e-05 10
rVSVOmicron	390	G	172427	5.73244e-05	1.24035e-05	1.19007e-05	0.999918 8.2e-05 14
rVSVOmicron	391	T	173030	1.07592e-05	0.999904	7.2582e-05	1.26378e-05 9.6e-05 17
rVSVOmicron	392	T	173689	6.16764e-06	0.999837	0.000132521	2.41705e-05 0.000163 28
rVSVOmicron	393	C	175088	6.19405e-06	0.000114506	0.999873	6.19405e-06 0.000127 22
rVSVOmicron	394	C	175453	0.000127446	0.000227677	0.99962	2.456e-05 0.00038 67
rVSVOmicron	395	A	174607	0.999507	1.22426e-05	2.44851e-05	0.000456615 0.000493 86
rVSVOmicron	396	G	175540	9.72595e-05	6.12007e-06	0	0.999897 0.000103 18
rVSVOmicron	397	T	176296	0.000351726	0.999598	3.28684e-05	1.76202e-05 0.000402 71
rVSVOmicron	398	T	177133	1.37184e-05	0.9996	0.000386265	0 0.0004 71
rVSVOmicron	399	C	176137	1.83263e-05	0.000146445	0.999817	1.83263e-05 0.000183 32
rVSVOmicron	400	T	176506	1.82136e-05	0.999692	0.000271399	1.82136e-05 0.000308 54
rVSVOmicron	401	G	178550	0.000800693	1.80351e-05	1.80351e-05	0.999163 0.000837 149
rVSVOmicron	402	C	179278	4.33048e-05	0.00013153	0.999819	5.97865e-06 0.000181 32
rVSVOmicron	403	A	179472	0.999851	5.97113e-06	2.24321e-05	0.000120875 0.000149 27
rVSVOmicron	404	A	180440	0.999824	0	5.41875e-05	0.000121718 0.000176 32
rVSVOmicron	405	C	180986	2.55802e-05	0.000214394	0.99976	0 0.00024 43
rVSVOmicron	406	G	182198	0.000216935	4.87226e-05	2.36424e-05	0.999711 0.000289 53
rVSVOmicron	407	A	182063	0.999941	1.18557e-05	0	4.74229e-05 5.9e-05 11
rVSVOmicron	408	C	183378	5.92642e-06	0.000187883	0.999627	0.000179234 0.000373 68
rVSVOmicron	409	C	184061	5.88576e-05	0.000251395	0.999684	5.96639e-06 0.000316 58
rVSVOmicron	410	C	183780	0.000100508	8.16528e-05	0.9998	1.77367e-05 0.0002 37
rVSVOmicron	411	T	183782	1.80383e-05	0.999805	0.000159257	1.80383e-05 0.000195 36
rVSVOmicron	412	T	184928	3.07218e-05	0.999875	7.5393e-05	1.84331e-05 0.000125 23
rVSVOmicron	413	T	185138	5.85801e-06	0.999922	7.1721e-05	0 7.8e-05 14
rVSVOmicron	414	C	186038	1.16315e-05	7.26181e-05	0.999898	1.74472e-05 0.000102 19
rVSVOmicron	415	C	184260	8.32105e-05	0.000177947	0.999733	5.8421e-06 0.000267 49
rVSVOmicron	416	T	184503	6.45718e-05	0.999627	0.000284941	2.34806e-05 0.000373 69
rVSVOmicron	417	G	186610	0.000100076	3.62343e-05	1.30193e-05	0.999851 0.000149 28
rVSVOmicron	418	G	187441	8.63184e-05	7.04545e-05	1.72637e-05	0.999826 0.000174 33
rVSVOmicron	419	A	187929	0.99991	1.13262e-05	0	7.83652e-05 9e-05 17
rVSVOmicron	420	T	188542	1.13645e-05	0.999868	0.00012071	0 0.000132 25
rVSVOmicron	421	C	192164	7.75274e-05	2.22797e-05	0.999895	5.56993e-06 0.000105 20
rVSVOmicron	422	A	191799	0.999734	0.000106693	1.66333e-05	0.000142657 0.000266 51
rVSVOmicron	423	C	193163	1.79391e-05	9.67217e-05	0.999885	0 0.000115 22
rVSVOmicron	424	A	192806	0.999529	5.62036e-06	0.000262942	0.000202181 0.000471 91
rVSVOmicron	425	A	191650	0.999871	2.3722e-05	1.12528e-05	9.39758e-05 0.000129 25
rVSVOmicron	426	G	192285	9.40778e-05	6.38328e-05	2.9449e-05	0.999813 0.000187 36
rVSVOmicron	427	A	193585	0.999938	5.64809e-06	0	5.64809e-05 6.2e-05 12
rVSVOmicron	428	A	194043	0.999924	5.56335e-06	2.90196e-05	4.13492e-05 7.6e-05 15
rVSVOmicron	429	C	194367	1.98004e-05	0.000132201	0.999848	0 0.000152 30
rVSVOmicron	430	A	193972	0.999933	1.1104e-05	1.1104e-05	4.44161e-05 6.7e-05 13
rVSVOmicron	431	A	194033	0.999904	1.67789e-05	3.91508e-05	4.05112e-05 9.6e-05 19
rVSVOmicron	432	C	195081	5.4991e-06	8.45672e-05	0.999888	2.19964e-05 0.000112 22
rVSVOmicron	433	A	194668	0.999875	0	3.38261e-05	9.12697e-05 0.000125 24
rVSVOmicron	434	A	193805	0.999906	1.1427e-05	2.25452e-05	5.99147e-05 9.4e-05 18
rVSVOmicron	435	G	194740	6.30942e-05	6.51095e-05	5.73583e-06	0.999866 0.000134 26
rVSVOmicron	436	T	197502	2.76805e-05	0.999928	4.45296e-05	0 7.2e-05 14
rVSVOmicron	437	C	197328	3.29605e-05	4.39473e-05	0.999916	6.82965e-06 8.4e-05 17
rVSVOmicron	438	T	197029	2.77219e-05	0.999886	5.39454e-05	3.26669e-05 0.000114 22
rVSVOmicron	439	T	198713	2.71438e-05	0.999833	0.000123981	1.62863e-05 0.000167 33
rVSVOmicron	440	G	199752	0.000118139	5.40985e-05	0	0.999828 0.000172 34
rVSVOmicron	441	G	200174	8.52242e-05	2.23968e-05	1.93427e-05	0.999873 0.000127 25
rVSVOmicron	442	A	199727	0.999845	2.682e-05	5.36401e-06	0.000122792 0.000155 31
rVSVOmicron	443	T	200272	1.0706e-05	0.99987	0.000113715	5.35298e-06 0.00013 26
rVSVOmicron	444	G	201359	0.000131227	4.42257e-05	1.07302e-05	0.999814 0.000186 37
rVSVOmicron	445	G	201516	7.61268e-05	2.67238e-05	1.19896e-05	0.999885 0.000115 23
rVSVOmicron	446	A	200451	0.997505	1.06176e-05	0	0.0024848 0.002495 500
rVSVOmicron	447	G	201576	9.50487e-05	5.29639e-06	0	0.9999 0.0001 20
rVSVOmicron	448	T	201981	2.66383e-05	0.999919	4.91008e-05	5.32765e-06 8.1e-05 16
rVSVOmicron	449	C	196928	2.1997e-05	0.000143274	0.999801	3.38753e-05 0.000199 39
rVSVOmicron	450	T	197883	5.38415e-06	0.99966	0.000317956	1.61524e-05 0.00034 67
rVSVOmicron	451	G	201063	5.30725e-05	1.72127e-05	3.18435e-05	0.999898 0.000102 21
rVSVOmicron	452	A	202257	0.999625	5.59681e-05	1.06743e-05	0.000307969 0.000375 76
rVSVOmicron	453	G	203229	8.93852e-05	2.62898e-05	0	0.999884 0.000116 24
rVSVOmicron	454	T	204141	3.64554e-05	0.999839	0.000119597	5.33143e-06 0.000161 33
rVSVOmicron	455	T	204628	1.16938e-05	0.999908	7.51543e-05	5.27648e-06 9.2e-05 19
rVSVOmicron	456	C	205651	2.0807e-05	9.84113e-05	0.999865	1.56052e-05 0.000135 28
rVSVOmicron	457	A	204098	0.99974	2.1039e-05	0	0.000239105 0.00026 53
rVSVOmicron	458	G	205220	0.000140974	5.25809e-06	1.05162e-05	0.999843 0.000157 32
rVSVOmicron	459	A	205696	0.999837	3.6845e-05	0	0.000126326 0.000163 34
rVSVOmicron	460	G	206440	0.00071669	0	1.03787e-05	0.999273 0.000727 150
rVSVOmicron	461	T	207241	1.55215e-05	0.999239	5.32766e-05	0.000692596 0.000761 158
rVSVOmicron	462	G	208051	0.000119437	1.54157e-05	1.63878e-05	0.999849 0.000151 31
rVSVOmicron	463	T	207146	5.15743e-06	0.999854	0.000135626	5.15743e-06 0.000146 30
rVSVOmicron	464	A	206846	0.999742	2.56192e-05	0	0.000232812 0.000258 53
rVSVOmicron	465	C	207327	6.6269e-05	0.000164121	0.999754	1.56508e-05 0.000246 51
rVSVOmicron	466	T	205486	1.04892e-05	0.999851	0.000138344	0 0.000149 31
rVSVOmicron	467	C	205525	6.45415e-06	7.16972e-05	0.999917	5.19138e-06 8.3e-05 17
rVSVOmicron	468	T	205045	1.58369e-05	0.999834	0.000139679	1.0558e-05 0.000166 34
rVSVOmicron	469	A	206337	0.999839	1.05459e-05	3.16376e-05	0.000118855 0.000161 33
rVSVOmicron	470	G	207440	0.00126282	3.75986e-05	5.37123e-06	0.998694 0.001306 271
rVSVOmicron	471	C	209095	2.05295e-05	0.000393806	0.999581	5.13238e-06 0.000419 88
rVSVOmicron	472	G	210280	0.000416617	3.5789e-05	1.02254e-05	0.999537 0.000463 97
rVSVOmicron	473	C	211179	1.1059e-05	5.62629e-05	0.999923	9.26195e-06 7.7e-05 16
rVSVOmicron	474	C	211693	1.01248e-05	0.000125055	0.99986	5.06239e-06 0.00014 30
rVSVOmicron	475	A	210961	0.999856	2.05269e-05	3.07903e-05	9.23709e-05 0.000144 30
rVSVOmicron	476	A	211255	0.999723	1.3337e-05	2.17242e-05	0.000241579 0.000277 59
rVSVOmicron	477	C	212352	1.51042e-05	0.00012614	0.999859	0 0.000141 30
rVSVOmicron	478	A	212078	0.999914	2.03413e-05	1.5256e-05	5.08533e-05 8.6e-05 18
rVSVOmicron	479	A	212335	0.999744	4.01665e-05	0.000163021	5.24935e-05 0.000256 54
rVSVOmicron	480	C	211892	5.05009e-06	0.000111102	0.99988	4.23116e-06 0.00012 25
rVSVOmicron	481	T	213480	3.06035e-05	0.999679	0.000245518	4.50782e-05 0.000321 69
rVSVOmicron	482	G	217002	0.000602817	2.08331e-05	3.97846e-05	0.999337 0.000663 144
rVSVOmicron	483	C	220456	2.06046e-05	0.000189773	0.999781	8.9243e-06 0.000219 48
rVSVOmicron	484	A	223274	0.999725	0	2.40158e-05	0.000251192 0.000275 61
rVSVOmicron	485	C	227082	1.06139e-05	0.000111382	0.999848	3.03071e-05 0.000152 35
rVSVOmicron	486	C	212276	2.13998e-05	0.000159812	0.999807	1.16601e-05 0.000193 41
rVSVOmicron	487	T	212407	4.42396e-05	0.999749	0.000186558	2.05895e-05 0.000251 53
rVSVOmicron	488	T	212859	2.68744e-05	0.999824	0.000144381	5.07322e-06 0.000176 37
rVSVOmicron	489	C	213188	2.12955e-05	0.000232352	0.999736	1.00374e-05 0.000264 56
rVSVOmicron	490	G	213209	4.30638e-05	3.14802e-05	4.45628e-05	0.999881 0.000119 25
rVSVOmicron	491	A	212422	0.999901	5.05358e-06	5.05358e-06	8.86425e-05 9.9e-05 21
rVSVOmicron	492	G	213551	7.55654e-05	3.02261e-05	0	0.999894 0.000106 23
rVSVOmicron	493	T	213802	5.05967e-06	0.999871	0.000124167	0 0.000129 28
rVSVOmicron	494	A	213928	0.999879	2.10254e-05	0	9.97359e-05 0.000121 26
rVSVOmicron	495	C	214319	2.49905e-05	0.00030718	0.999653	1.49943e-05 0.000347 74
rVSVOmicron	496	G	214588	0.00027263	2.8049e-05	0	0.999699 0.000301 65
rVSVOmicron	497	T	214358	3.55386e-05	0.99978	0.000184909	0 0.00022 47
rVSVOmicron	498	G	215308	0.000205897	4.10181e-05	4.72044e-05	0.999706 0.000294 63
rVSVOmicron	499	T	214655	8.85959e-05	0.999796	9.45112e-05	2.09726e-05 0.000204 44
rVSVOmicron	500	C	215367	4.04707e-05	9.51534e-05	0.999864	0 0.000136 29
rVSVOmicron	501	C	216099	6.19029e-05	0.000160428	0.999768	1.01122e-05 0.000232 50
rVSVOmicron	502	C	216851	1.78324e-05	0.000110212	0.999836	3.59329e-05 0.000164 36
rVSVOmicron	503	A	215765	0.999626	2.48642e-05	0.000135342	0.000213564 0.000374 81
rVSVOmicron	504	G	217083	0.000194289	9.95666e-06	4.97833e-06	0.999791 0.000209 45
rVSVOmicron	505	C	218273	2.01768e-05	0.000109627	0.999855	1.49308e-05 0.000145 32
rVSVOmicron	506	C	214348	0.000241182	0.000113683	0.999629	1.61426e-05 0.000371 80
rVSVOmicron	507	T	214311	4.89943e-05	0.999677	0.000212448	6.19757e-05 0.000323 69
rVSVOmicron	508	T	215295	0	0.999653	0.000320144	2.72182e-05 0.000347 75
rVSVOmicron	509	T	215311	6.77807e-06	0.999917	7.14409e-05	5.01577e-06 8.3e-05 18
rVSVOmicron	510	C	217067	9.95832e-06	0.000110753	0.999874	4.97916e-06 0.000126 27
rVSVOmicron	511	C	214659	0.000116599	0.000536764	0.999347	0 0.000653 140
rVSVOmicron	512	T	214917	6.59968e-05	0.999641	0.000271471	2.13639e-05 0.000359 77
rVSVOmicron	513	C	216998	1.96859e-05	7.06297e-05	0.999894	1.59615e-05 0.000106 23
rVSVOmicron	514	A	216478	0.99973	1.04535e-05	1.56802e-05	0.000244244 0.00027 58
rVSVOmicron	515	T	218873	4.98094e-06	0.999877	0.000113485	4.98094e-06 0.000123 27
rVSVOmicron	516	G	222560	0.000163316	0.000660814	1.96032e-05	0.999156 0.000844 188
rVSVOmicron	517	G	226617	9.32637e-05	0.00023541	3.80773e-05	0.999633 0.000367 83
rVSVOmicron	518	A	231656	0.999803	1.96518e-05	5.48248e-05	0.000122667 0.000197 46
rVSVOmicron	519	C	236490	8.32329e-06	0.000110315	0.999849	3.21751e-05 0.000151 36
rVSVOmicron	520	C	192275	3.36578e-05	0.000165409	0.999794	6.97415e-06 0.000206 40
rVSVOmicron	521	T	192738	3.073e-05	0.999607	0.000345144	1.68031e-05 0.000393 76
rVSVOmicron	522	G	192023	7.47088e-05	0.00011911	5.60694e-06	0.999801 0.000199 38
rVSVOmicron	523	G	192976	8.03369e-05	4.46149e-05	3.34612e-05	0.999842 0.000158 30
rVSVOmicron	524	A	192331	0.999219	3.37544e-05	1.71813e-05	0.000730281 0.000781 150
rVSVOmicron	525	G	192041	0.000102626	4.05944e-05	1.12509e-05	0.999846 0.000154 30
rVSVOmicron	526	G	192157	0.000147926	3.95794e-05	0	0.999812 0.000188 36
rVSVOmicron	527	G	191605	0.000222762	2.70291e-05	1.12368e-05	0.999739 0.000261 50
rVSVOmicron	528	C	191912	2.65748e-05	0.000134525	0.999839	0 0.000161 31
rVSVOmicron	529	A	191453	0.999781	1.12905e-05	5.08074e-05	0.000156542 0.000219 42
rVSVOmicron	530	A	190871	0.999717	2.60585e-05	5.29469e-05	0.000203655 0.000283 54
rVSVOmicron	531	G	190874	0.000190503	9.63198e-05	1.69437e-05	0.999696 0.000304 58
rVSVOmicron	532	C	191802	1.25097e-05	0.0002829	0.999705	0 0.000295 57
rVSVOmicron	533	A	190708	0.999662	7.42364e-05	2.2842e-05	0.00024123 0.000338 64
rVSVOmicron	534	G	190282	0.000203706	4.11714e-05	1.13682e-05	0.999744 0.000256 49
rVSVOmicron	535	G	191156	0.000140102	3.43297e-05	1.14432e-05	0.999814 0.000186 36
rVSVOmicron	536	G	191266	0.000240595	5.65926e-06	0	0.999754 0.000246 47
