rVSVOmicron	7	G	9552	0.000121215	0	0	0.999879 0.000121 1
rVSVOmicron	8	T	10225	4.55776e-05	0.99986	9.41937e-05	0 0.00014 1
rVSVOmicron	9	G	11055	0	0	4.18627e-05	0.999958 4.2e-05 0
rVSVOmicron	10	T	11490	4.13731e-05	0.999959	0	0 4.1e-05 0
rVSVOmicron	13	C	13398	0	0	0.999916	8.3711e-05 8.4e-05 1
rVSVOmicron	14	T	13844	0	0.999838	0.000161995	0 0.000162 2
rVSVOmicron	15	C	14719	0	6.345e-05	0.999937	0 6.3e-05 1
rVSVOmicron	16	G	15737	0.000201041	0	0	0.999799 0.000201 3
rVSVOmicron	17	T	16497	0	0.999887	0.000112583	0 0.000113 2
rVSVOmicron	18	G	17416	6.35133e-05	6.35133e-05	0	0.999873 0.000127 2
rVSVOmicron	19	C	18178	0.000206553	0	0.999733	6.06543e-05 0.000267 5
rVSVOmicron	20	T	19009	5.78417e-05	0.999836	0.000106304	0 0.000164 3
rVSVOmicron	21	C	19968	0	0.000147745	0.999852	0 0.000148 3
rVSVOmicron	22	C	20732	5.30115e-05	5.30115e-05	0.999894	0 0.000106 2
rVSVOmicron	23	T	21535	0.000155642	0.999171	0.000673531	0 0.000829 18
rVSVOmicron	24	G	22481	0.000342271	4.88958e-05	0	0.999609 0.000391 9
rVSVOmicron	25	C	23301	4.71808e-05	6.63081e-05	0.999887	0 0.000113 3
rVSVOmicron	26	C	24105	4.55423e-05	0.000139089	0.999815	0 0.000185 4
rVSVOmicron	27	T	24806	4.43127e-05	0.999778	0.000177251	0 0.000222 6
rVSVOmicron	28	C	25593	4.26141e-05	8.52281e-05	0.999872	0 0.000128 3
rVSVOmicron	29	T	26351	0	0.999674	0.000284796	4.16501e-05 0.000326 9
rVSVOmicron	30	G	28045	0.000117264	7.81763e-05	3.90881e-05	0.999765 0.000235 7
rVSVOmicron	31	G	27814	0.000157427	3.93567e-05	0	0.999803 0.000197 5
rVSVOmicron	32	T	28528	0	0.999885	7.67664e-05	3.83832e-05 0.000115 3
rVSVOmicron	33	G	29420	0.000500279	7.43387e-05	0	0.999425 0.000575 17
rVSVOmicron	34	T	30001	0	0.99989	0.000109699	0 0.00011 3
rVSVOmicron	35	C	30660	0	0.000111932	0.999888	0 0.000112 3
rVSVOmicron	36	T	31522	0	0.999972	2.81067e-05	0 2.8e-05 1
rVSVOmicron	37	A	32599	0.999326	0	3.33243e-05	0.000640366 0.000674 22
rVSVOmicron	38	G	33375	6.84219e-05	3.4211e-05	0	0.999897 0.000103 3
rVSVOmicron	39	C	34159	3.18532e-05	8.4368e-05	0.999884	0 0.000116 4
rVSVOmicron	40	C	35086	0	0.000211616	0.999788	0 0.000212 7
rVSVOmicron	41	A	36146	0.999785	0	0	0.00021512 0.000215 8
rVSVOmicron	42	G	36989	0	2.94781e-05	2.39012e-05	0.999947 5.3e-05 2
rVSVOmicron	44	G	38489	2.83176e-05	1.98989e-05	2.83176e-05	0.999923 7.7e-05 3
rVSVOmicron	45	C	39532	8.26576e-05	0.00111848	0.998799	0 0.001201 47
rVSVOmicron	46	G	41826	0.000218893	0.000161178	2.60419e-05	0.999594 0.000406 17
rVSVOmicron	47	T	43933	0	0.999673	0.000290426	3.68902e-05 0.000327 14
rVSVOmicron	48	G	46896	0.000722941	8.56773e-05	8.06743e-05	0.999111 0.000889 42
rVSVOmicron	49	A	50256	0.999523	0.000195026	6.50087e-05	0.000216696 0.000477 24
rVSVOmicron	50	A	53655	0.999747	0	0.000105306	0.000147429 0.000253 14
rVSVOmicron	51	C	56823	3.80948e-05	0.000216729	0.999745	0 0.000255 14
rVSVOmicron	52	C	42506	1.03854e-05	7.6852e-05	0.999913	0 8.7e-05 4
rVSVOmicron	53	T	43436	0	0.999568	0.000381981	5.0118e-05 0.000432 19
rVSVOmicron	54	G	44455	0.000122934	4.91734e-05	0	0.999828 0.000172 8
rVSVOmicron	55	A	45149	0.998849	0	7.86341e-05	0.00107204 0.001151 52
rVSVOmicron	56	C	46001	0	9.48259e-05	0.999805	0.000100592 0.000195 9
rVSVOmicron	57	C	46987	2.32484e-05	0.000191642	0.99971	7.54002e-05 0.00029 14
rVSVOmicron	58	A	47900	0.999973	2.72913e-05	0	0 2.7e-05 1
rVSVOmicron	59	C	48727	2.23176e-05	0.000111588	0.999844	2.23176e-05 0.000156 8
rVSVOmicron	60	A	49646	0.999799	0	4.38526e-05	0.000157632 0.000201 10
rVSVOmicron	61	C	50509	0	0.00144105	0.998559	0 0.001441 73
rVSVOmicron	62	G	51658	8.4911e-05	0.000177854	2.12277e-05	0.999716 0.000284 15
rVSVOmicron	63	G	52612	0.000119177	2.07998e-05	2.07998e-05	0.999839 0.000161 8
rVSVOmicron	64	A	52862	0.999809	6.20765e-05	0	0.000128627 0.000191 10
rVSVOmicron	65	C	53657	0	6.09337e-05	0.999939	0 6.1e-05 3
rVSVOmicron	66	C	54672	4.05941e-05	6.08911e-05	0.999898	0 0.000102 6
rVSVOmicron	67	C	55683	0	9.92401e-05	0.999881	1.9848e-05 0.000119 7
rVSVOmicron	68	A	56827	0.999783	1.93466e-05	1.93466e-05	0.000178826 0.000217 12
rVSVOmicron	69	G	57670	0.000345655	3.79502e-05	5.69254e-05	0.999559 0.000441 25
rVSVOmicron	70	C	58537	5.58626e-05	0.000384999	0.999556	3.0196e-06 0.000444 26
rVSVOmicron	71	T	59616	8.58442e-05	0.999618	0.000269938	2.58029e-05 0.000382 23
rVSVOmicron	72	C	60761	1.79437e-05	0.00014646	0.999752	8.3899e-05 0.000248 15
rVSVOmicron	73	C	61776	6.24157e-05	0.000232728	0.999669	3.58044e-05 0.000331 20
rVSVOmicron	74	C	62425	0.00010453	8.83019e-05	0.999807	0 0.000193 12
rVSVOmicron	75	T	63244	1.72828e-05	0.999629	0.000323703	2.98947e-05 0.000371 23
rVSVOmicron	76	C	64268	4.31212e-05	5.50484e-05	0.999885	1.69732e-05 0.000115 7
rVSVOmicron	77	C	65254	0.00035753	7.91969e-05	0.999497	6.63789e-05 0.000503 33
rVSVOmicron	78	C	66313	9.31926e-05	0.000209346	0.999372	0.000325048 0.000628 42
rVSVOmicron	79	G	67416	0.000654083	3.25283e-05	6.50566e-05	0.999248 0.000752 51
rVSVOmicron	80	C	68616	5.12025e-05	6.45409e-05	0.999884	0 0.000116 8
rVSVOmicron	81	C	69147	0.000161497	0.000110655	0.999693	3.50337e-05 0.000307 21
rVSVOmicron	82	T	70013	4.71924e-05	0.999729	0.000223632	0 0.000271 19
rVSVOmicron	83	A	71242	0.999891	1.55794e-05	1.55794e-05	7.78968e-05 0.000109 8
rVSVOmicron	84	C	72215	1.51408e-05	6.0563e-05	0.999924	0 7.6e-05 5
rVSVOmicron	85	A	73192	0.999876	3.37924e-05	4.51922e-05	4.51922e-05 0.000124 9
rVSVOmicron	86	C	74159	1.47376e-05	0.000117901	0.999867	0 0.000133 10
rVSVOmicron	87	A	75226	0.999443	1.47782e-05	0.000488481	5.35212e-05 0.000557 42
rVSVOmicron	88	A	76160	0.999696	8.92443e-05	1.4874e-05	0.000200197 0.000304 23
rVSVOmicron	89	A	76011	0.999927	0	1.55648e-05	5.76319e-05 7.3e-05 6
rVSVOmicron	90	C	76584	2.47156e-05	1.45155e-05	0.999903	5.80621e-05 9.7e-05 7
rVSVOmicron	91	T	77030	1.35463e-05	0.999918	6.88927e-05	0 8.2e-05 6
rVSVOmicron	92	C	77809	0.000169321	4.57624e-05	0.999785	0 0.000215 17
rVSVOmicron	93	T	78563	0	0.999826	0.00015973	1.41727e-05 0.000174 14
rVSVOmicron	94	T	79856	0	0.999901	9.21218e-05	6.52529e-06 9.9e-05 8
rVSVOmicron	95	T	80823	0	0.999933	6.67131e-05	0 6.7e-05 5
rVSVOmicron	96	C	82041	2.97444e-05	0.000223446	0.999747	0 0.000253 21
rVSVOmicron	97	A	83090	0.999914	0	0	8.5858e-05 8.6e-05 7
rVSVOmicron	98	C	84053	1.30984e-05	7.08022e-05	0.999916	0 8.4e-05 7
rVSVOmicron	99	C	85021	0.000108207	6.56335e-05	0.999813	1.31267e-05 0.000187 16
rVSVOmicron	100	C	85788	6.51087e-05	0.000187935	0.999708	3.90652e-05 0.000292 25
rVSVOmicron	101	G	86585	0.000303509	2.56097e-05	0.000376186	0.999295 0.000705 61
rVSVOmicron	102	G	88138	5.08175e-05	6.35219e-05	2.54088e-05	0.99986 0.00014 12
rVSVOmicron	103	G	89214	9.14231e-05	2.52437e-05	8.18715e-06	0.999875 0.000125 11
rVSVOmicron	104	G	90018	5.26506e-05	4.99505e-05	0	0.999897 0.000103 9
rVSVOmicron	105	C	91219	2.41509e-05	0.000509127	0.999343	0.000123365 0.000657 60
rVSVOmicron	106	G	92557	0.000433591	0	3.57833e-05	0.999531 0.000469 43
rVSVOmicron	107	T	93553	5.07764e-05	0.999873	7.17985e-05	4.20442e-06 0.000127 12
rVSVOmicron	108	G	94958	0.000264804	4.65451e-05	3.49088e-05	0.999654 0.000346 33
rVSVOmicron	109	T	95947	2.30786e-05	0.999879	9.79282e-05	0 0.000121 12
rVSVOmicron	110	A	97373	0.999806	3.45064e-05	1.15021e-05	0.000147973 0.000194 19
rVSVOmicron	111	C	98431	0	0.000103453	0.999885	1.11923e-05 0.000115 11
rVSVOmicron	112	T	99556	1.11233e-05	0.999762	0.000226974	0 0.000238 24
rVSVOmicron	113	A	101176	0.999895	0	1.16132e-05	9.32031e-05 0.000105 11
rVSVOmicron	114	C	102387	2.1558e-05	0.00010779	0.999871	0 0.000129 13
rVSVOmicron	115	C	100042	1.11787e-05	0.000114507	0.99986	1.38979e-05 0.00014 14
rVSVOmicron	116	C	101020	3.33675e-05	0.000151807	0.999804	1.11225e-05 0.000196 20
rVSVOmicron	117	C	102106	0.000147603	0.00019423	0.999658	0 0.000342 35
rVSVOmicron	118	G	103332	0.000295709	0	1.07372e-05	0.999694 0.000306 32
rVSVOmicron	119	A	105024	0.999947	0	0	5.34224e-05 5.3e-05 6
rVSVOmicron	120	C	108035	0	0.0031174	0.996883	0 0.003117 337
rVSVOmicron	121	A	111560	0.999816	0	1.01021e-05	0.000174193 0.000184 21
rVSVOmicron	122	A	115147	0.999825	4.17753e-05	1.96903e-05	0.000113086 0.000175 20
rVSVOmicron	123	G	118484	0.000147465	0.00013492	2.84178e-05	0.999689 0.000311 37
rVSVOmicron	124	G	107749	6.47201e-05	1.03664e-05	0	0.999925 7.5e-05 8
rVSVOmicron	125	T	108593	0	0.999928	7.186e-05	0 7.2e-05 8
rVSVOmicron	126	G	109877	0.000134027	2.02407e-05	0	0.999846 0.000154 17
rVSVOmicron	127	T	110662	0	0.999979	2.05615e-05	0 2.1e-05 2
rVSVOmicron	128	T	111666	9.99495e-06	0.99996	2.97147e-05	0 4e-05 4
rVSVOmicron	129	C	112888	0	3.94498e-05	0.999931	2.95874e-05 6.9e-05 8
rVSVOmicron	130	C	113907	3.94394e-05	0.000190844	0.999737	3.22926e-05 0.000263 30
rVSVOmicron	131	G	115353	0.000188268	0.000157936	5.02049e-05	0.999604 0.000396 46
rVSVOmicron	132	G	115668	0.000127714	9.64369e-06	0	0.999863 0.000137 16
rVSVOmicron	133	T	114792	0	0.999851	0.00014912	0 0.000149 17
rVSVOmicron	134	C	115521	3.11144e-05	7.6749e-05	0.99988	1.19272e-05 0.00012 14
rVSVOmicron	135	T	116520	0	0.999917	8.33251e-05	0 8.3e-05 10
rVSVOmicron	136	A	118285	0.999856	0	0	0.000144006 0.000144 17
rVSVOmicron	137	G	118234	0.000200709	4.2227e-05	9.64444e-06	0.999747 0.000253 30
rVSVOmicron	138	C	119071	4.90151e-05	0.000264277	0.999659	2.80447e-05 0.000341 41
rVSVOmicron	139	G	120273	0.000296215	2.78172e-05	0	0.999676 0.000324 39
rVSVOmicron	140	T	121096	9.24483e-06	0.999928	5.59687e-05	7.24595e-06 7.2e-05 9
rVSVOmicron	141	G	122290	0.000122824	1.84605e-05	4.35667e-05	0.999815 0.000185 23
rVSVOmicron	142	C	123110	9.05392e-06	0.000197963	0.999764	2.88747e-05 0.000236 29
rVSVOmicron	143	T	124016	9.01365e-06	0.999781	0.000191723	1.80273e-05 0.000219 27
rVSVOmicron	144	C	125421	2.66442e-05	7.27315e-05	0.999865	3.55256e-05 0.000135 17
rVSVOmicron	145	C	126459	0.00086136	0.000334629	0.998777	2.69324e-05 0.001223 155
rVSVOmicron	146	A	126145	0.999108	1.76657e-05	0.000845805	2.84084e-05 0.000892 113
rVSVOmicron	147	C	126475	5.46702e-05	6.12969e-05	0.999866	1.79867e-05 0.000134 17
rVSVOmicron	148	T	126827	0	0.999872	0.000127995	0 0.000128 16
rVSVOmicron	149	C	127216	4.73706e-05	8.63405e-06	0.999927	1.72681e-05 7.3e-05 9
rVSVOmicron	150	T	127474	0	0.999854	0.000145546	0 0.000146 19
rVSVOmicron	151	A	127627	0.999945	8.78268e-06	0	4.60498e-05 5.5e-05 7
rVSVOmicron	152	C	128613	8.56088e-06	8.09813e-05	0.9999	1.06433e-05 0.0001 13
rVSVOmicron	153	A	127623	0.999922	1.74144e-05	8.70721e-06	5.22433e-05 7.8e-05 10
rVSVOmicron	154	C	127882	1.71632e-05	0.000160731	0.999805	1.71632e-05 0.000195 25
rVSVOmicron	155	A	129187	0.999553	8.6026e-06	5.41731e-05	0.000384327 0.000447 58
rVSVOmicron	156	G	130527	0.000131083	0.000649923	2.47067e-05	0.999194 0.000806 105
rVSVOmicron	157	G	132545	8.15438e-05	4.38213e-05	8.35768e-06	0.999866 0.000134 18
rVSVOmicron	158	A	134371	0.999608	2.46793e-05	1.48965e-05	0.000351958 0.000392 53
rVSVOmicron	159	C	137157	8.0987e-06	9.71844e-05	0.997982	0.00191283 0.002018 277
rVSVOmicron	160	C	126820	1.9536e-05	9.57969e-05	0.999876	8.70881e-06 0.000124 16
rVSVOmicron	161	T	127273	1.73059e-05	0.999229	0.000719365	3.46119e-05 0.000771 98
rVSVOmicron	162	G	128210	8.33534e-05	0	2.79397e-05	0.999889 0.000111 14
rVSVOmicron	163	T	128702	1.65106e-05	0.997949	9.56137e-05	0.00193864 0.002051 264
rVSVOmicron	164	T	129315	2.27712e-05	0.998049	9.7658e-05	0.00183085 0.001951 252
rVSVOmicron	165	C	131147	0	8.88932e-05	0.999894	1.69539e-05 0.000106 14
rVSVOmicron	166	C	128888	1.71917e-05	0.000197472	0.99976	2.57876e-05 0.00024 31
rVSVOmicron	167	T	129173	5.10356e-05	0.999605	0.00033311	1.05749e-05 0.000395 51
rVSVOmicron	168	C	130253	0	0.000184458	0.999775	4.03789e-05 0.000225 29
rVSVOmicron	169	C	130880	1.90853e-05	0.00014826	0.999815	1.72233e-05 0.000185 24
rVSVOmicron	170	C	131189	7.4802e-05	0.000151669	0.999748	2.54694e-05 0.000252 33
rVSVOmicron	171	T	131514	0	0.999768	0.00020672	2.56666e-05 0.000232 31
rVSVOmicron	172	T	132076	3.85245e-05	0.999773	0.000161516	2.65604e-05 0.000227 30
rVSVOmicron	173	T	132399	0	0.999885	0.000115008	0 0.000115 15
rVSVOmicron	174	C	132471	2.48871e-05	6.30025e-05	0.999904	8.2957e-06 9.6e-05 13
rVSVOmicron	175	T	132665	3.56194e-05	0.999879	8.57588e-05	0 0.000121 16
rVSVOmicron	176	T	133187	2.68961e-05	0.999747	0.000225703	0 0.000253 34
rVSVOmicron	177	C	133747	8.1834e-06	0.000230904	0.999761	0 0.000239 32
rVSVOmicron	178	A	133111	0.999764	4.97409e-05	1.03067e-05	0.000175662 0.000236 31
rVSVOmicron	179	G	134050	0.000174157	3.54517e-05	1.63964e-05	0.999774 0.000226 30
rVSVOmicron	180	C	135148	1.82102e-05	0.000168938	0.999795	1.82102e-05 0.000205 28
rVSVOmicron	181	A	135398	0.999127	1.6178e-05	0.000789662	6.73355e-05 0.000873 118
rVSVOmicron	182	A	135516	0.999942	2.51991e-05	0	3.30042e-05 5.8e-05 8
rVSVOmicron	183	C	136321	0	0.00061859	0.999347	3.46792e-05 0.000653 89
rVSVOmicron	184	G	135102	0.000279166	2.44187e-05	2.44187e-05	0.999672 0.000328 44
rVSVOmicron	185	T	135650	6.59254e-06	0.999943	5.07625e-05	0 5.7e-05 8
rVSVOmicron	186	G	136782	8.00148e-05	2.40044e-05	2.40044e-05	0.999872 0.000128 18
rVSVOmicron	187	A	137006	0.99973	8.00582e-06	0	0.000261596 0.00027 37
rVSVOmicron	188	C	138086	2.37273e-05	8.29387e-05	0.999893	0 0.000107 15
rVSVOmicron	189	A	136772	0.999779	8.04609e-06	4.02304e-05	0.000172882 0.000221 30
rVSVOmicron	190	T	137387	0	0.999723	3.39001e-05	0.00024313 0.000277 38
rVSVOmicron	191	G	138416	9.13853e-05	4.18131e-05	7.97466e-06	0.999859 0.000141 20
rVSVOmicron	192	G	137845	9.76217e-05	0.000176279	1.5947e-05	0.99971 0.00029 40
rVSVOmicron	193	T	138129	0	0.999933	6.69595e-05	0 6.7e-05 9
rVSVOmicron	194	T	138240	3.16436e-05	0.999935	3.35679e-05	0 6.5e-05 9
rVSVOmicron	195	C	138592	1.58248e-05	6.32992e-05	0.999838	8.29732e-05 0.000162 22
rVSVOmicron	196	C	139048	1.76643e-05	0.000151317	0.999823	7.87443e-06 0.000177 25
rVSVOmicron	197	A	138608	0.99983	2.36647e-05	7.88825e-06	0.000137938 0.00017 24
rVSVOmicron	198	C	139445	0	0.000105121	0.999219	0.000675479 0.000781 109
rVSVOmicron	199	G	139545	0.000380153	2.35474e-05	0	0.999596 0.000404 56
rVSVOmicron	200	T	140001	6.35514e-05	0.99987	5.83985e-05	7.94392e-06 0.00013 18
rVSVOmicron	201	G	140857	3.47537e-05	3.09852e-05	4.94088e-05	0.999885 0.000115 16
rVSVOmicron	202	A	140735	0.999871	7.73524e-06	1.54705e-05	0.000106203 0.000129 18
rVSVOmicron	203	T	140941	6.30098e-06	0.997583	0.00241034	0 0.002417 341
rVSVOmicron	204	C	140172	1.55041e-05	9.67958e-05	0.999872	1.55041e-05 0.000128 18
rVSVOmicron	205	T	140990	7.75018e-06	0.999899	7.01705e-05	2.32505e-05 0.000101 14
rVSVOmicron	206	C	141639	6.07721e-05	6.67871e-05	0.999857	1.53486e-05 0.000143 20
rVSVOmicron	207	T	142153	3.07309e-05	0.999797	0.00017255	0 0.000203 29
rVSVOmicron	208	G	143490	0.000145117	4.58264e-05	3.81887e-05	0.999771 0.000229 33
rVSVOmicron	209	G	143979	0.000442934	3.22844e-05	4.17435e-05	0.999483 0.000517 74
rVSVOmicron	210	C	144644	3.19435e-05	0.000605299	0.99934	2.25843e-05 0.00066 95
rVSVOmicron	211	A	144508	0.999857	0	0	0.000142514 0.000143 21
rVSVOmicron	212	C	145491	0	9.13689e-05	0.999909	0 9.1e-05 13
rVSVOmicron	213	A	145215	0.99994	7.53554e-06	0	5.27488e-05 6e-05 9
rVSVOmicron	214	A	145323	0.999922	0	2.45495e-05	5.34313e-05 7.8e-05 11
rVSVOmicron	215	A	145536	0.999914	7.86302e-06	7.86302e-06	7.07672e-05 8.6e-05 13
rVSVOmicron	216	C	146208	1.48609e-05	0.000222914	0.999755	7.43046e-06 0.000245 36
rVSVOmicron	217	G	146571	0.00019118	4.69816e-05	2.62365e-05	0.999736 0.000264 39
rVSVOmicron	218	G	146586	0.000377841	2.2428e-05	1.4952e-05	0.999585 0.000415 61
rVSVOmicron	219	C	146746	7.41158e-06	0.000328313	0.999664	0 0.000336 49
rVSVOmicron	220	A	146465	0.999857	7.44977e-06	3.16112e-05	0.000104297 0.000143 21
rVSVOmicron	221	C	147386	2.36905e-05	3.7228e-05	0.999932	7.36596e-06 6.8e-05 10
rVSVOmicron	222	A	147149	0.999931	0	7.49769e-06	6.20079e-05 6.9e-05 10
rVSVOmicron	223	A	147250	0.999901	0	1.6142e-05	8.3162e-05 9.9e-05 15
rVSVOmicron	224	A	147063	0.999756	2.41068e-05	1.51178e-05	0.000204499 0.000244 36
rVSVOmicron	225	G	147745	0.000220003	2.25696e-05	0	0.999757 0.000243 36
rVSVOmicron	226	C	148636	2.37496e-05	0.000896746	0.99908	0 0.00092 137
rVSVOmicron	227	G	149311	0.000126363	6.04088e-05	2.93131e-05	0.999784 0.000216 32
rVSVOmicron	228	G	149634	0.000171564	2.19144e-05	7.30481e-06	0.999799 0.000201 30
rVSVOmicron	229	T	149484	0	0.999627	0.000365655	7.35285e-06 0.000373 56
rVSVOmicron	230	T	149549	0.00034219	0.99963	2.19937e-05	6.14237e-06 0.00037 55
rVSVOmicron	231	C	150164	6.11001e-05	0.000556322	0.999365	1.77074e-05 0.000635 95
rVSVOmicron	232	G	149915	0.000129491	5.08925e-05	2.90814e-05	0.999791 0.000209 31
rVSVOmicron	233	A	149257	0.999849	7.23826e-06	5.4776e-06	0.000138505 0.000151 23
rVSVOmicron	234	C	150164	7.18424e-06	0.00010388	0.999882	7.18424e-06 0.000118 18
rVSVOmicron	235	A	150115	0.999807	4.54297e-05	4.00967e-05	0.000107254 0.000193 29
rVSVOmicron	236	A	149692	0.999667	0	4.29022e-05	0.000290384 0.000333 50
rVSVOmicron	237	C	149899	2.91956e-05	8.38388e-05	0.999887	0 0.000113 17
rVSVOmicron	238	C	151804	4.22652e-05	0.000110359	0.99984	7.23987e-06 0.00016 24
rVSVOmicron	239	C	151878	0.000109785	0.000140313	0.999712	3.79649e-05 0.000288 44
rVSVOmicron	240	C	152295	6.21601e-05	0.000264763	0.999613	6.00234e-05 0.000387 59
rVSVOmicron	241	G	152074	0.000211699	2.5427e-05	1.29061e-05	0.99975 0.00025 38
rVSVOmicron	242	T	152261	1.33591e-05	0.999869	0.000118071	0 0.000131 20
rVSVOmicron	243	G	153214	0.000313674	4.40478e-05	2.86025e-05	0.999614 0.000386 59
rVSVOmicron	244	C	153241	2.85792e-05	0.000289031	0.999682	0 0.000318 49
rVSVOmicron	245	T	153456	0.000570367	0.999224	0.000198158	7.02282e-06 0.000776 119
rVSVOmicron	246	C	154562	0	8.4248e-05	0.999381	0.000534899 0.000619 96
rVSVOmicron	247	C	155333	1.40717e-05	6.8647e-05	0.99991	7.03585e-06 9e-05 14
rVSVOmicron	248	C	154334	0.000260775	0.000144007	0.999588	7.04797e-06 0.000412 64
rVSVOmicron	249	T	154175	7.09063e-06	0.999769	0.000207736	1.5906e-05 0.000231 36
rVSVOmicron	250	T	154784	2.14983e-05	0.999854	0.000117175	7.16609e-06 0.000146 23
rVSVOmicron	251	T	154996	7.08666e-06	0.999906	8.12093e-05	5.55441e-06 9.4e-05 15
rVSVOmicron	252	C	155526	3.32022e-05	0.00014744	0.999785	3.47029e-05 0.000215 33
rVSVOmicron	253	A	155364	0.999788	0	5.48787e-06	0.000206268 0.000212 33
rVSVOmicron	254	A	155725	0.999916	1.4052e-05	1.4052e-05	5.62081e-05 8.4e-05 13
rVSVOmicron	255	C	156899	0.000113691	0.000268673	0.999611	6.85106e-06 0.000389 61
rVSVOmicron	256	G	157260	0.000191067	0.000314456	2.20606e-05	0.999472 0.000528 83
rVSVOmicron	257	A	156540	0.99991	6.91543e-06	2.42974e-06	8.11161e-05 9e-05 14
rVSVOmicron	258	C	157400	0	0.000247651	0.999737	1.53053e-05 0.000263 41
rVSVOmicron	259	G	157818	0.000151918	3.63485e-05	9.32014e-06	0.999802 0.000198 31
rVSVOmicron	260	G	158036	6.73739e-05	6.84844e-06	1.49925e-05	0.999911 8.9e-05 14
rVSVOmicron	261	C	158347	5.43384e-05	0.000360726	0.999576	9.17879e-06 0.000424 67
rVSVOmicron	262	G	158514	0.000463824	9.18827e-06	0	0.999527 0.000473 75
rVSVOmicron	263	T	158739	1.94792e-05	0.999822	0.000148904	9.36501e-06 0.000178 28
rVSVOmicron	264	G	159334	0.000108203	9.13873e-06	6.76266e-06	0.999876 0.000124 20
rVSVOmicron	265	T	159337	9.14521e-06	0.999853	7.20643e-05	6.58455e-05 0.000147 23
rVSVOmicron	266	A	158631	0.999832	6.94589e-06	4.97476e-05	0.000111134 0.000168 27
rVSVOmicron	267	C	158478	6.83606e-06	5.80142e-05	0.999935	0 6.5e-05 10
rVSVOmicron	268	T	159025	4.90123e-05	0.999858	7.17207e-05	2.10053e-05 0.000142 23
rVSVOmicron	269	T	158504	1.37143e-05	0.999887	9.08109e-05	8.5251e-06 0.000113 18
rVSVOmicron	270	C	159092	6.90957e-05	0.000178664	0.999744	8.38628e-06 0.000256 41
rVSVOmicron	271	G	159894	0.000247583	3.38778e-05	2.71023e-05	0.999691 0.000309 49
rVSVOmicron	272	C	160501	2.01395e-05	0.00015277	0.999827	0 0.000173 28
rVSVOmicron	273	C	161371	4.67587e-05	0.000108682	0.999815	2.99689e-05 0.000185 30
rVSVOmicron	274	A	160465	0.99977	1.35811e-05	2.03717e-05	0.000195642 0.00023 37
rVSVOmicron	275	G	161401	0.000192932	4.66568e-05	2.16171e-05	0.999739 0.000261 42
rVSVOmicron	276	C	162532	3.31598e-05	0.000204336	0.999756	6.63197e-06 0.000244 40
rVSVOmicron	277	A	162110	0.999919	3.34465e-05	1.88023e-05	2.83843e-05 8.1e-05 13
rVSVOmicron	278	T	162812	4.17818e-05	0.99156	0.00839831	0 0.00844 1374
rVSVOmicron	279	A	161529	0.991441	6.16813e-06	0.00833838	0.000214763 0.008559 1383
rVSVOmicron	280	G	162599	6.77997e-05	5.49727e-06	0.000100417	0.999826 0.000174 28
rVSVOmicron	281	A	162210	0.999907	6.68266e-06	6.68266e-06	8.00113e-05 9.3e-05 15
rVSVOmicron	282	G	163201	5.3714e-05	7.13192e-05	6.64688e-06	0.999868 0.000132 22
rVSVOmicron	283	A	164238	0.999879	2.68785e-05	5.44834e-06	8.89895e-05 0.000121 20
rVSVOmicron	284	A	163696	0.999672	2.75792e-05	1.938e-05	0.000280637 0.000328 54
rVSVOmicron	285	G	164598	9.90522e-05	2.21306e-05	1.3207e-05	0.999866 0.000134 22
rVSVOmicron	286	T	165256	1.33163e-05	0.999928	5.20056e-05	6.65815e-06 7.2e-05 12
rVSVOmicron	287	C	165108	1.47412e-05	0.000128053	0.999851	6.5714e-06 0.000149 25
rVSVOmicron	288	T	165318	0	0.999842	0.000131991	2.63625e-05 0.000158 26
rVSVOmicron	289	A	165863	0.998678	0	0.000230341	0.00109194 0.001322 219
rVSVOmicron	290	A	166269	0.999601	0.000250906	1.98084e-05	0.000128665 0.000399 66
rVSVOmicron	291	C	167389	1.94403e-05	0.000479527	0.999501	0 0.000499 84
rVSVOmicron	292	A	165568	0.999914	6.52978e-06	7.99457e-05	0 8.6e-05 14
rVSVOmicron	293	T	166212	6.67402e-06	0.999953	3.33701e-05	6.67402e-06 4.7e-05 8
rVSVOmicron	294	T	166499	6.585e-06	0.999947	4.6095e-05	0 5.3e-05 9
rVSVOmicron	295	A	166294	0.999926	0	6.24178e-06	6.75896e-05 7.4e-05 12
rVSVOmicron	296	T	166812	1.30852e-05	0.999948	3.92555e-05	0 5.2e-05 9
rVSVOmicron	297	C	167398	3.09977e-05	0.000111031	0.999851	6.47974e-06 0.000149 25
rVSVOmicron	298	C	167677	3.24541e-05	0.000144377	0.99981	1.29816e-05 0.00019 32
rVSVOmicron	299	G	168163	9.14799e-05	4.5564e-05	0.000144784	0.999718 0.000282 47
rVSVOmicron	300	G	168445	0.00024098	1.3026e-05	1.3026e-05	0.999733 0.000267 45
rVSVOmicron	301	G	168623	0.000183304	1.94706e-05	1.29804e-05	0.999784 0.000216 36
rVSVOmicron	302	G	168810	0.000127382	1.8098e-05	6.4387e-06	0.999848 0.000152 26
rVSVOmicron	303	C	168525	1.944e-05	0.000687229	0.999254	3.88799e-05 0.000746 126
rVSVOmicron	304	T	168848	0.000173689	0.999445	0.000368068	1.28659e-05 0.000555 94
rVSVOmicron	305	G	170980	0.00011532	8.52513e-05	2.05013e-05	0.999779 0.000221 38
rVSVOmicron	306	G	171176	6.31346e-05	2.68621e-05	6.33057e-06	0.999904 9.6e-05 16
rVSVOmicron	307	A	170459	0.999911	6.32959e-06	0	8.22847e-05 8.9e-05 15
rVSVOmicron	308	T	170967	0	0.999968	2.57803e-05	6.44507e-06 3.2e-05 5
rVSVOmicron	309	T	171293	1.28647e-05	0.999945	3.52911e-05	6.43237e-06 5.5e-05 9
rVSVOmicron	310	T	171582	6.38078e-06	0.999955	3.82847e-05	0 4.5e-05 8
rVSVOmicron	311	T	171133	4.11712e-05	0.999905	2.69328e-05	2.69328e-05 9.5e-05 16
rVSVOmicron	312	C	171693	3.11995e-05	0.000274219	0.999676	1.87197e-05 0.000324 56
rVSVOmicron	313	G	171448	0.000161804	5.07889e-05	5.45637e-05	0.999733 0.000267 46
rVSVOmicron	314	G	171611	0.000228705	3.30124e-05	6.29619e-06	0.999732 0.000268 46
rVSVOmicron	315	C	171629	5.62881e-05	0.00024476	0.999693	6.25423e-06 0.000307 53
rVSVOmicron	316	A	170684	0.999865	5.96389e-05	6.28672e-06	6.9154e-05 0.000135 23
rVSVOmicron	317	C	171681	0.000851814	0.000104387	0.999044	0 0.000956 164
rVSVOmicron	318	C	171733	3.76677e-05	8.68731e-05	0.999858	1.69674e-05 0.000142 24
rVSVOmicron	319	A	170949	0.999794	9.15955e-05	4.12517e-05	7.35795e-05 0.000206 35
rVSVOmicron	320	C	171676	6.16597e-05	8.72669e-05	0.999834	1.75208e-05 0.000166 28
rVSVOmicron	321	A	171207	0.999937	0	3.15423e-05	3.15423e-05 6.3e-05 11
rVSVOmicron	322	C	171708	1.14244e-05	4.50257e-05	0.999944	0 5.6e-05 10
rVSVOmicron	323	T	171521	0.000760445	0.999107	0.000133048	0 0.000893 153
rVSVOmicron	324	C	172724	0.000102253	0.00130724	0.998563	2.77354e-05 0.001437 248
rVSVOmicron	325	G	172856	0.00011353	6.38393e-05	4.04259e-05	0.999782 0.000218 38
rVSVOmicron	326	A	171863	0.999834	1.24339e-05	6.21693e-06	0.000147526 0.000166 29
rVSVOmicron	327	C	172345	6.25179e-06	0.000118784	0.999869	6.25179e-06 0.000131 23
rVSVOmicron	328	T	171815	0	0.999794	0.000205533	0 0.000206 35
rVSVOmicron	329	C	171610	3.71474e-05	2.4877e-05	0.999901	3.73155e-05 9.9e-05 17
rVSVOmicron	330	T	171723	0	0.999761	0.00023851	0 0.000239 41
rVSVOmicron	331	A	172465	0.999839	1.26385e-05	1.26385e-05	0.000135779 0.000161 28
rVSVOmicron	332	A	171232	0.999747	1.26174e-05	0	0.0002399 0.000253 43
rVSVOmicron	333	G	172243	0.00016165	3.95983e-05	6.34259e-06	0.999792 0.000208 36
rVSVOmicron	334	A	172373	0.999563	0.000386096	0	5.13559e-05 0.000437 75
rVSVOmicron	335	C	173072	5.71165e-05	8.65097e-05	0.99985	6.17927e-06 0.00015 26
rVSVOmicron	336	A	171994	0.999877	0	6.89832e-05	5.43349e-05 0.000123 21
rVSVOmicron	337	C	172916	1.81688e-05	0.00010768	0.999874	0 0.000126 22
rVSVOmicron	338	A	171992	0.999633	1.87618e-05	7.03145e-05	0.000277539 0.000367 63
rVSVOmicron	339	G	173337	0.000106567	1.25373e-05	1.25373e-05	0.999868 0.000132 23
rVSVOmicron	340	T	173500	3.11073e-05	0.999851	8.57553e-05	3.24525e-05 0.000149 26
rVSVOmicron	341	C	174551	0.000377297	0.000103005	0.999507	1.2354e-05 0.000493 86
rVSVOmicron	342	C	174844	1.25004e-05	0.000381094	0.9996	6.25022e-06 0.0004 70
rVSVOmicron	343	C	174585	5.69953e-05	0.000106325	0.999824	1.23323e-05 0.000176 31
rVSVOmicron	344	T	174342	2.96184e-05	0.999717	0.000253587	0 0.000283 49
rVSVOmicron	345	C	175756	1.83419e-05	5.38689e-05	0.999922	6.11396e-06 7.8e-05 14
rVSVOmicron	346	C	175311	9.32491e-05	9.47371e-05	0.999788	2.44696e-05 0.000212 37
rVSVOmicron	347	T	175097	1.23193e-05	0.999843	0.000138842	6.15966e-06 0.000157 27
rVSVOmicron	348	G	175397	8.10603e-05	3.19278e-05	2.59724e-05	0.999861 0.000139 24
rVSVOmicron	349	A	173240	0.99992	6.17696e-06	0	7.41235e-05 8e-05 14
rVSVOmicron	350	T	173701	0	0.999948	4.57273e-05	6.33675e-06 5.2e-05 9
rVSVOmicron	351	T	173818	6.18668e-06	0.999932	6.18668e-05	0 6.8e-05 12
rVSVOmicron	352	G	172241	7.01281e-05	0.000226062	1.24747e-05	0.999691 0.000309 53
rVSVOmicron	353	T	172385	0	0.999895	0.000105192	0 0.000105 18
rVSVOmicron	354	G	173632	6.92899e-05	2.46512e-05	1.99875e-05	0.999886 0.000114 20
rVSVOmicron	355	A	173828	0.999843	3.75437e-05	6.25729e-06	0.000113308 0.000157 27
rVSVOmicron	356	A	174096	0.999924	1.23886e-05	5.8595e-06	5.72556e-05 7.6e-05 13
rVSVOmicron	357	C	175147	0	9.92218e-05	0.999895	6.1085e-06 0.000105 18
rVSVOmicron	358	A	173259	0.999909	1.39471e-05	5.25958e-05	2.48696e-05 9.1e-05 16
rVSVOmicron	359	A	173477	0.999899	6.22577e-06	2.49031e-05	6.99978e-05 0.000101 18
rVSVOmicron	360	C	174450	0	0.000937626	0.999062	0 0.000938 164
rVSVOmicron	361	G	174519	0.000456596	2.47713e-05	1.23857e-05	0.999506 0.000494 86
rVSVOmicron	362	C	173953	1.75287e-05	4.2069e-05	0.999934	6.17679e-06 6.6e-05 11
rVSVOmicron	363	C	174615	4.69184e-05	0.000100776	0.999828	2.44505e-05 0.000172 30
rVSVOmicron	364	A	174249	0.99988	6.17077e-06	6.17077e-06	0.000108072 0.00012 21
rVSVOmicron	365	C	175553	0	5.45499e-05	0.999939	6.0611e-06 6.1e-05 11
rVSVOmicron	366	A	175536	0.999858	3.41243e-05	0	0.0001077 0.000142 25
rVSVOmicron	367	A	175871	0.999848	6.32123e-06	1.26425e-05	0.000132917 0.000152 27
rVSVOmicron	368	A	174892	0.999844	1.29715e-05	0.000103772	3.89144e-05 0.000156 27
rVSVOmicron	369	C	175973	5.6651e-05	8.79582e-05	0.999855	0 0.000145 26
rVSVOmicron	370	G	174934	8.29652e-05	3.08204e-05	1.23282e-05	0.999874 0.000126 22
rVSVOmicron	371	T	174136	6.40701e-06	0.999949	3.15155e-05	1.2814e-05 5.1e-05 9
rVSVOmicron	372	G	173851	5.45042e-05	5.11501e-05	4.34356e-05	0.999851 0.000149 26
rVSVOmicron	373	G	173102	4.63759e-05	3.09731e-05	0	0.999923 7.7e-05 13
rVSVOmicron	374	T	173164	0.00172961	0.998212	4.61274e-05	1.27367e-05 0.001788 310
rVSVOmicron	375	G	174446	5.51813e-05	5.12043e-05	0.00164069	0.998253 0.001747 305
rVSVOmicron	376	A	174552	0.999926	1.23463e-05	1.23463e-05	4.93852e-05 7.4e-05 13
rVSVOmicron	377	T	175017	8.52934e-06	0.999954	1.89351e-05	1.89351e-05 4.6e-05 8
rVSVOmicron	378	T	175281	3.67416e-05	0.999673	0.000289795	0 0.000327 57
rVSVOmicron	379	A	174826	0.999825	7.58843e-05	0	9.91176e-05 0.000175 31
rVSVOmicron	380	A	174077	0.999654	3.85662e-05	3.38915e-05	0.000273136 0.000346 60
rVSVOmicron	381	G	174324	6.82483e-05	0.00010581	2.48176e-05	0.999801 0.000199 35
rVSVOmicron	382	G	174963	6.81431e-05	0	6.19483e-06	0.999926 7.4e-05 13
rVSVOmicron	383	T	174823	6.14248e-06	0.999919	7.52039e-05	0 8.1e-05 14
rVSVOmicron	384	G	176551	0.000119764	6.07025e-06	6.07025e-06	0.999868 0.000132 23
rVSVOmicron	385	T	176573	6.06587e-06	0.999915	7.27904e-05	6.06587e-06 8.5e-05 15
rVSVOmicron	386	G	176605	9.69893e-05	8.02783e-05	6.06183e-06	0.999817 0.000183 32
rVSVOmicron	387	C	177131	3.17823e-05	0.000823064	0.999139	6.06158e-06 0.000861 153
rVSVOmicron	388	G	177795	0.000120667	6.19641e-05	1.20667e-05	0.999805 0.000195 35
rVSVOmicron	389	A	176787	0.999889	6.02186e-06	0	0.000105301 0.000111 20
rVSVOmicron	390	G	178128	0.000113974	5.54467e-05	7.94411e-06	0.999823 0.000177 32
rVSVOmicron	391	T	178659	4.44349e-05	0.999904	4.55912e-05	6.11186e-06 9.6e-05 17
rVSVOmicron	392	T	179012	0	0.999897	9.68425e-05	5.97196e-06 0.000103 18
rVSVOmicron	393	C	180276	1.19907e-05	7.79392e-05	0.999887	2.30091e-05 0.000113 20
rVSVOmicron	394	C	180799	5.35149e-05	0.000214059	0.999634	9.80302e-05 0.000366 66
rVSVOmicron	395	A	180011	0.99953	2.37141e-05	5.92852e-06	0.000440794 0.00047 85
rVSVOmicron	396	G	181168	9.94494e-05	1.66282e-05	5.9158e-06	0.999878 0.000122 22
rVSVOmicron	397	T	181780	4.91165e-06	0.999943	4.60058e-05	6.05771e-06 5.7e-05 10
rVSVOmicron	398	T	182359	0	0.999974	2.64676e-05	0 2.6e-05 5
rVSVOmicron	399	C	182233	5.88696e-06	0.000118853	0.999869	5.88696e-06 0.000131 24
rVSVOmicron	400	T	182036	5.87478e-06	0.999709	0.00027929	5.87478e-06 0.000291 53
rVSVOmicron	401	G	184070	0.000209757	1.74535e-05	1.16357e-05	0.999761 0.000239 44
rVSVOmicron	402	C	184547	2.89854e-05	0.000189737	0.999775	5.79708e-06 0.000225 42
rVSVOmicron	403	A	183623	0.999812	9.47702e-05	0	9.36664e-05 0.000188 35
rVSVOmicron	404	A	183780	0.999944	5.90097e-06	0	5.03974e-05 5.6e-05 10
rVSVOmicron	405	C	184664	2.01456e-05	0.000663867	0.99931	5.77819e-06 0.00069 127
rVSVOmicron	406	G	185000	0.000207397	2.08652e-05	5.80462e-06	0.999766 0.000234 43
rVSVOmicron	407	A	184055	0.999964	1.31027e-05	5.84098e-06	1.75229e-05 3.6e-05 7
rVSVOmicron	408	C	184676	1.9009e-05	5.98783e-05	0.999556	0.000364814 0.000444 82
rVSVOmicron	409	C	186772	1.66165e-05	0.000170122	0.999796	1.75661e-05 0.000204 38
rVSVOmicron	410	C	186500	9.54812e-05	0.00016357	0.999741	0 0.000259 48
rVSVOmicron	411	T	186398	5.90233e-06	0.999863	0.000131287	0 0.000137 26
rVSVOmicron	412	T	187652	1.20014e-05	0.99885	8.66045e-05	0.00105158 0.00115 216
rVSVOmicron	413	T	188189	1.59693e-05	0.999917	5.73653e-05	9.61256e-06 8.3e-05 16
rVSVOmicron	414	C	190661	0	0.000104597	0.999872	2.29715e-05 0.000128 24
rVSVOmicron	415	C	189518	2.40621e-05	0.000164144	0.999759	5.24156e-05 0.000241 46
rVSVOmicron	416	T	189566	1.01994e-05	0.999723	0.00026704	0 0.000277 53
rVSVOmicron	417	G	191723	9.03468e-05	2.25867e-05	4.85309e-05	0.999839 0.000161 31
rVSVOmicron	418	G	192426	8.99086e-05	2.80018e-05	2.24015e-05	0.99986 0.00014 27
rVSVOmicron	419	A	192295	0.999906	1.65923e-05	0	7.75801e-05 9.4e-05 18
rVSVOmicron	420	T	192908	1.66469e-05	0.999928	5.54896e-05	0 7.2e-05 14
rVSVOmicron	421	C	197667	3.78312e-05	7.15725e-05	0.999891	0 0.000109 22
rVSVOmicron	422	A	196703	0.999181	0.000171648	5.40508e-06	0.000642329 0.000819 161
rVSVOmicron	423	C	197492	1.08079e-05	9.30357e-05	0.999896	0 0.000104 21
rVSVOmicron	424	A	196600	0.999821	1.10165e-05	0	0.000167927 0.000179 35
rVSVOmicron	425	A	195045	0.999879	2.20787e-05	5.51967e-06	9.38344e-05 0.000121 24
rVSVOmicron	426	G	195102	9.50042e-05	3.92476e-05	5.76255e-06	0.99986 0.00014 27
rVSVOmicron	427	A	198644	0.999929	1.64668e-05	5.48892e-06	4.94003e-05 7.1e-05 14
rVSVOmicron	428	A	199092	0.999745	2.29822e-05	1.21498e-05	0.000219721 0.000255 51
rVSVOmicron	429	C	199634	5.35516e-06	6.54198e-05	0.999929	0 7.1e-05 14
rVSVOmicron	430	A	199306	0.999857	1.80761e-05	2.15747e-05	0.000103792 0.000143 29
rVSVOmicron	431	A	199332	0.999929	0	0	7.09356e-05 7.1e-05 14
rVSVOmicron	432	C	200343	1.06793e-05	4.40159e-05	0.999945	0 5.5e-05 11
rVSVOmicron	433	A	199968	0.999822	5.46996e-06	6.25349e-05	0.000109547 0.000178 36
rVSVOmicron	434	A	199084	0.999889	2.21424e-05	1.04727e-05	7.88448e-05 0.000111 22
rVSVOmicron	435	G	200213	4.03459e-05	1.66483e-05	5.54943e-06	0.999937 6.3e-05 13
rVSVOmicron	436	T	201693	2.18481e-05	0.999956	2.18481e-05	0 4.4e-05 9
rVSVOmicron	437	C	201052	2.89649e-05	1.62379e-05	0.999949	5.41263e-06 5.1e-05 10
rVSVOmicron	438	T	200714	0	0.999938	5.12394e-05	1.06625e-05 6.2e-05 12
rVSVOmicron	439	T	202419	0	0.999935	6.54223e-05	0 6.5e-05 13
rVSVOmicron	440	G	203547	0.000137893	7.40961e-05	1.57347e-05	0.999772 0.000228 46
rVSVOmicron	441	G	204010	0.000132815	4.73526e-05	0.000115609	0.999704 0.000296 60
rVSVOmicron	442	A	203630	0.999878	0	5.25256e-06	0.000116834 0.000122 25
rVSVOmicron	443	T	203780	5.2423e-06	0.999963	3.14538e-05	0 3.7e-05 8
rVSVOmicron	444	G	204978	8.1331e-05	6.95501e-05	4.72657e-05	0.999802 0.000198 41
rVSVOmicron	445	G	205316	9.14206e-05	2.72707e-05	0	0.999881 0.000119 24
rVSVOmicron	446	A	204403	0.99901	3.66568e-05	1.55897e-05	0.000937628 0.00099 202
rVSVOmicron	447	G	205741	0.00010998	1.55315e-05	1.03544e-05	0.999864 0.000136 28
rVSVOmicron	448	T	205952	2.08746e-05	0.999904	7.55998e-05	0 9.6e-05 20
rVSVOmicron	449	C	205386	2.08073e-05	9.82725e-05	0.999881	0 0.000119 24
rVSVOmicron	450	T	205140	3.10818e-05	0.999741	0.000223173	5.18031e-06 0.000259 53
rVSVOmicron	451	G	207270	4.76378e-05	1.65274e-05	2.56939e-05	0.99991 9e-05 19
rVSVOmicron	452	A	206277	0.999663	2.08392e-05	1.04196e-05	0.000305688 0.000337 70
rVSVOmicron	453	G	206785	0.000170048	2.57438e-05	5.14876e-06	0.999799 0.000201 42
rVSVOmicron	454	T	207333	4.47653e-05	0.999756	0.000126388	7.31496e-05 0.000244 51
rVSVOmicron	455	T	207528	5.19681e-06	0.999926	6.9244e-05	0 7.4e-05 15
rVSVOmicron	456	C	208652	4.19759e-05	0.000142912	0.999797	1.85026e-05 0.000203 42
rVSVOmicron	457	A	207252	0.999592	1.033e-05	0.000197667	0.000200458 0.000408 85
rVSVOmicron	458	G	208421	0.000280616	0.000204413	2.16928e-05	0.999493 0.000507 106
rVSVOmicron	459	A	208759	0.999664	0	5.17255e-06	0.000330484 0.000336 70
rVSVOmicron	460	G	208834	0.0032519	5.11284e-06	1.53385e-05	0.996728 0.003272 683
rVSVOmicron	461	T	210219	0.00234328	0.993892	2.5381e-05	0.00373978 0.006108 1284
rVSVOmicron	462	G	210456	9.24931e-05	2.53125e-05	1.0125e-05	0.999872 0.000128 27
rVSVOmicron	463	T	209235	1.52544e-05	0.999338	8.47927e-05	0.000562078 0.000662 139
rVSVOmicron	464	A	208948	0.998651	0.000700015	0.00055438	9.44213e-05 0.001349 282
rVSVOmicron	465	C	209286	4.67426e-05	0.000158952	0.999784	9.98654e-06 0.000216 45
rVSVOmicron	466	T	205880	1.04329e-05	0.999957	3.29907e-05	0 4.3e-05 9
rVSVOmicron	467	C	205108	1.03708e-05	2.07416e-05	0.999947	2.20029e-05 5.3e-05 11
rVSVOmicron	468	T	205404	0	0.99981	0.000148277	4.14324e-05 0.00019 39
rVSVOmicron	469	A	206520	0.999804	1.16304e-05	4.96419e-06	0.000179704 0.000196 40
rVSVOmicron	470	G	207356	0.00385912	3.72688e-05	0	0.996104 0.003896 808
rVSVOmicron	471	C	207531	8.06504e-05	0.000222729	0.999691	5.15383e-06 0.000309 64
rVSVOmicron	472	G	208110	0.000375547	3.08212e-05	2.40184e-05	0.99957 0.00043 89
rVSVOmicron	473	C	208777	2.82247e-05	8.87062e-05	0.999878	5.1444e-06 0.000122 25
rVSVOmicron	474	C	209717	2.03384e-05	6.37637e-05	0.99989	2.5423e-05 0.00011 23
rVSVOmicron	475	A	209181	0.999948	1.54615e-05	1.03077e-05	2.57691e-05 5.2e-05 11
rVSVOmicron	476	A	209593	0.999932	1.02041e-05	5.10206e-06	5.22616e-05 6.8e-05 14
rVSVOmicron	477	C	210170	5.06477e-06	7.59715e-05	0.999919	0 8.1e-05 17
rVSVOmicron	478	A	210004	0.999949	0	3.06921e-05	2.04614e-05 5.1e-05 11
rVSVOmicron	479	A	210460	0.999912	0	1.03133e-05	7.7768e-05 8.8e-05 19
rVSVOmicron	480	C	210969	1.0098e-05	0.000351521	0.999634	4.0938e-06 0.000366 77
rVSVOmicron	481	T	211394	3.0804e-05	0.99969	0.000210217	6.92397e-05 0.00031 66
rVSVOmicron	482	G	213736	0.000572886	2.51266e-05	0	0.999402 0.000598 128
rVSVOmicron	483	C	215494	3.46297e-05	0.00010536	0.999402	0.000458208 0.000598 129
rVSVOmicron	484	A	216805	0.999406	9.87725e-06	0	0.000583825 0.000594 129
rVSVOmicron	485	C	219240	6.46654e-05	0.0001614	0.999774	0 0.000226 50
rVSVOmicron	486	C	208561	4.62153e-05	0.000220251	0.999718	1.54051e-05 0.000282 59
rVSVOmicron	487	T	208386	0.000126685	0.999635	0.000212271	2.57041e-05 0.000365 76
rVSVOmicron	488	T	208892	1.02901e-05	0.999871	0.000113192	5.14507e-06 0.000129 27
rVSVOmicron	489	C	209092	5.71261e-05	0.000344684	0.99956	3.81299e-05 0.00044 92
rVSVOmicron	490	G	209562	9.89712e-05	3.06011e-05	6.7543e-05	0.999803 0.000197 41
rVSVOmicron	491	A	208556	0.999924	2.04594e-05	0	5.51574e-05 7.6e-05 16
rVSVOmicron	492	G	209700	5.24245e-05	0.000135834	1.65988e-05	0.999795 0.000205 43
rVSVOmicron	493	T	210179	3.55354e-05	0.999901	5.87648e-05	4.83945e-06 9.9e-05 21
rVSVOmicron	494	A	208883	0.999863	0	5.09055e-06	0.000132354 0.000137 29
rVSVOmicron	495	C	207160	5.14833e-06	0.00034953	0.999226	0.000419519 0.000774 160
rVSVOmicron	496	G	206777	0.000391583	6.83873e-05	2.40544e-05	0.999516 0.000484 100
rVSVOmicron	497	T	207182	1.55785e-05	0.999816	0.000153118	1.55785e-05 0.000184 38
rVSVOmicron	498	G	208775	9.22971e-05	3.57324e-05	5.10463e-06	0.999867 0.000133 28
rVSVOmicron	499	T	209056	0.000764346	0.999123	9.78979e-05	1.52622e-05 0.000877 183
rVSVOmicron	500	C	210071	2.54987e-05	0.000635538	0.999334	5.09974e-06 0.000666 140
rVSVOmicron	501	C	210958	4.63366e-05	8.23761e-05	0.999866	5.14851e-06 0.000134 28
rVSVOmicron	502	C	211541	7.26873e-05	8.73343e-05	0.999825	1.51945e-05 0.000175 37
rVSVOmicron	503	A	210555	0.999779	2.24764e-05	1.0204e-05	0.000188774 0.000221 47
rVSVOmicron	504	G	211673	0.000114756	1.64919e-05	1.73165e-05	0.999851 0.000149 32
rVSVOmicron	505	C	213368	3.16143e-05	0.000114824	0.999848	5.06377e-06 0.000152 32
rVSVOmicron	506	C	207500	9.99459e-05	5.32764e-05	0.999842	5.20112e-06 0.000158 33
rVSVOmicron	507	T	207281	5.32279e-06	0.999763	0.000162273	6.9484e-05 0.000237 49
rVSVOmicron	508	T	207952	0	0.999825	0.000147069	2.79915e-05 0.000175 36
rVSVOmicron	509	T	207775	5.17258e-06	0.999907	8.27612e-05	5.17258e-06 9.3e-05 19
rVSVOmicron	510	C	209026	1.668e-05	0.000149564	0.99982	1.3483e-05 0.00018 38
rVSVOmicron	511	C	205513	6.28339e-05	0.000160764	0.999771	5.23616e-06 0.000229 47
rVSVOmicron	512	T	205413	2.9467e-05	0.999708	0.000257128	5.24173e-06 0.000292 60
rVSVOmicron	513	C	207398	1.66411e-05	7.1834e-05	0.999906	5.131e-06 9.4e-05 19
rVSVOmicron	514	A	207375	0.999639	7.77801e-05	5.08842e-06	0.000278264 0.000361 75
rVSVOmicron	515	T	209540	1.03426e-05	0.999857	0.000133056	0 0.000143 30
rVSVOmicron	516	G	212621	9.71902e-05	0.00257313	2.24709e-05	0.997307 0.002693 573
rVSVOmicron	517	G	216026	8.44114e-05	3.10001e-05	1.23463e-05	0.999872 0.000128 28
rVSVOmicron	518	A	220743	0.999587	1.93847e-05	0	0.000393718 0.000413 91
rVSVOmicron	519	C	225169	1.44336e-05	0.000415974	0.99956	9.62241e-06 0.00044 99
rVSVOmicron	520	C	178545	5.55851e-05	8.20774e-05	0.999856	6.01359e-06 0.000144 26
rVSVOmicron	521	T	179429	3.74133e-05	0.999484	0.000460135	1.79778e-05 0.000516 93
rVSVOmicron	522	G	178973	0.000167624	6.1322e-05	4.9187e-05	0.999722 0.000278 50
rVSVOmicron	523	G	180074	0.000101415	4.30731e-05	5.577e-05	0.9998 0.0002 36
rVSVOmicron	524	A	179455	0.999396	5.61153e-05	2.88686e-05	0.000518824 0.000604 108
rVSVOmicron	525	G	177912	8.04708e-05	0.00017419	1.21033e-05	0.999733 0.000267 48
rVSVOmicron	526	G	177658	0.000237507	4.41109e-05	1.81052e-06	0.999717 0.000283 50
rVSVOmicron	527	G	177200	0.000186127	2.96037e-05	2.42063e-05	0.99976 0.00024 43
rVSVOmicron	528	C	177300	2.99757e-05	0.000234621	0.999729	5.99514e-06 0.000271 48
rVSVOmicron	529	A	176967	0.999831	2.42093e-05	2.42093e-05	0.000120883 0.000169 30
rVSVOmicron	530	A	177468	0.999768	0	3.94716e-05	0.000192202 0.000232 41
rVSVOmicron	531	G	177106	0.000182321	1.36085e-05	0	0.999804 0.000196 35
rVSVOmicron	532	C	178568	1.79247e-05	0.000268709	0.999707	5.97491e-06 0.000293 52
rVSVOmicron	533	A	177786	0.998847	8.59623e-05	2.44662e-05	0.00104213 0.001153 205
rVSVOmicron	534	G	177097	0.000147694	8.92423e-05	2.43688e-05	0.999739 0.000261 46
