rVSVOmicron	6	C	8076	0	0.000144847	0.999855	0 0.000145 1
rVSVOmicron	7	G	8855	0	0	0.000131119	0.999869 0.000131 1
rVSVOmicron	9	G	10283	0.000184042	0.000111632	0	0.999704 0.000296 3
rVSVOmicron	11	T	11246	0.000101138	0.999899	0	0 0.000101 1
rVSVOmicron	13	C	12511	0	0.000180102	0.99982	0 0.00018 2
rVSVOmicron	14	T	12888	0	0.999082	0.000917611	0 0.000918 12
rVSVOmicron	15	C	13681	0	0.000114972	0.999816	6.85412e-05 0.000184 3
rVSVOmicron	16	G	14622	0.00105993	0	0	0.99894 0.00106 15
rVSVOmicron	17	T	15324	7.2752e-05	0.999721	0.000145504	6.09544e-05 0.000279 4
rVSVOmicron	18	G	16227	0.000271917	0	0.000151682	0.999576 0.000424 7
rVSVOmicron	19	C	16910	0.000219797	0.000131169	0.999649	0 0.000351 6
rVSVOmicron	20	T	17621	6.26962e-05	0.999798	0.000138948	0 0.000202 4
rVSVOmicron	21	C	18467	0	5.99895e-05	0.99994	0 6e-05 1
rVSVOmicron	22	C	19193	0.000172702	0	0.999827	0 0.000173 3
rVSVOmicron	23	T	19925	5.53113e-05	0.999311	0.000578526	5.53113e-05 0.000689 14
rVSVOmicron	24	G	20868	0.000329467	5.30012e-05	0	0.999618 0.000382 8
rVSVOmicron	25	C	21686	0	0.000230211	0.99977	0 0.00023 5
rVSVOmicron	26	C	22320	0.000116774	0.000259051	0.999624	0 0.000376 8
rVSVOmicron	27	T	22934	0	0.999815	0.000185507	0 0.000185 4
rVSVOmicron	28	C	23680	0	0.0002164	0.999784	0 0.000216 5
rVSVOmicron	29	T	24373	0	0.999774	0.000180974	4.52434e-05 0.000226 6
rVSVOmicron	30	G	25559	0.000215787	0	0	0.999784 0.000216 6
rVSVOmicron	31	G	25748	0.000128686	0	0	0.999871 0.000129 3
rVSVOmicron	32	T	26453	0	0.999866	0.000134292	0 0.000134 4
rVSVOmicron	33	G	27251	0.000154768	0	0	0.999845 0.000155 4
rVSVOmicron	34	T	27734	0	0.99992	7.95243e-05	0 8e-05 2
rVSVOmicron	35	C	28364	0	9.25689e-05	0.999907	0 9.3e-05 3
rVSVOmicron	36	T	29095	0	0.999698	0.000301975	0 0.000302 9
rVSVOmicron	37	A	30051	0.999927	0	0	7.26017e-05 7.3e-05 2
rVSVOmicron	38	G	30841	0.000149382	7.46912e-05	3.73456e-05	0.999739 0.000261 8
rVSVOmicron	39	C	31595	3.46896e-05	0.000242827	0.999722	0 0.000278 9
rVSVOmicron	40	C	32496	6.72037e-05	0.000128958	0.99977	3.36018e-05 0.00023 7
rVSVOmicron	41	A	33436	0.998268	0.00156503	0	0.000167359 0.001732 58
rVSVOmicron	42	G	34296	6.39156e-05	6.39156e-05	0	0.999872 0.000128 4
rVSVOmicron	43	T	34990	0	0.999666	7.62089e-05	0.00025774 0.000334 12
rVSVOmicron	44	G	35538	9.26419e-05	2.5873e-05	3.0046e-05	0.999851 0.000149 5
rVSVOmicron	45	C	36473	3.00735e-05	0.000553515	0.999416	0 0.000584 21
rVSVOmicron	46	G	38307	0.000471435	0.000144759	8.51525e-05	0.999299 0.000701 27
rVSVOmicron	47	T	40337	5.44212e-05	0.999541	0.000404482	0 0.000459 19
rVSVOmicron	48	G	43165	0.00017698	0.000178346	0	0.999645 0.000355 15
rVSVOmicron	49	A	46126	0.999619	0	0	0.000380863 0.000381 18
rVSVOmicron	50	A	48634	0.999811	0	4.92641e-05	0.000140213 0.000189 9
rVSVOmicron	51	C	50951	0	0.000142222	0.999858	0 0.000142 7
rVSVOmicron	52	C	39095	2.79809e-05	0.000363752	0.999608	0 0.000392 15
rVSVOmicron	53	T	39897	2.74567e-05	0.999581	0.000364358	2.74567e-05 0.000419 17
rVSVOmicron	54	G	40891	0.000134359	5.81011e-05	0	0.999808 0.000192 8
rVSVOmicron	55	A	41646	0.999733	0	2.15334e-05	0.000245481 0.000267 11
rVSVOmicron	56	C	42460	2.58407e-05	0.000262598	0.999665	4.67927e-05 0.000335 14
rVSVOmicron	57	C	43358	0	0.000265419	0.999689	4.59512e-05 0.000311 13
rVSVOmicron	58	A	44217	0.99995	2.50234e-05	0	2.50234e-05 5e-05 2
rVSVOmicron	59	C	44994	0	0.00024332	0.999732	2.4332e-05 0.000268 12
rVSVOmicron	60	A	45815	0.999664	5.09869e-05	2.38799e-05	0.000261388 0.000336 15
rVSVOmicron	61	C	46665	0	0.000520778	0.999479	0 0.000521 24
rVSVOmicron	62	G	47746	0.000345853	2.31402e-05	2.31402e-05	0.999608 0.000392 19
rVSVOmicron	63	G	48219	6.85766e-05	0	6.85766e-05	0.999863 0.000137 7
rVSVOmicron	64	A	48550	0.999819	0	2.26763e-05	0.000158734 0.000181 9
rVSVOmicron	65	C	49355	4.4499e-05	0.000165969	0.99979	0 0.00021 10
rVSVOmicron	66	C	50275	0	0.000205393	0.999767	2.7707e-05 0.000233 12
rVSVOmicron	67	C	51212	2.17482e-05	0.000157527	0.999821	0 0.000179 9
rVSVOmicron	68	A	52274	0.999843	4.24077e-05	4.24077e-05	7.22076e-05 0.000157 8
rVSVOmicron	69	G	53015	0.000524541	2.08017e-05	4.16034e-05	0.999413 0.000587 31
rVSVOmicron	70	C	53817	2.03899e-05	0.000224288	0.999752	3.30646e-06 0.000248 13
rVSVOmicron	71	T	54729	7.12359e-05	0.999395	0.000533454	0 0.000605 33
rVSVOmicron	72	C	55835	1.96978e-05	0.000121381	0.99975	0.000109136 0.00025 14
rVSVOmicron	73	C	57738	4.15465e-05	0.000220716	0.999719	1.92153e-05 0.000281 16
rVSVOmicron	74	C	57115	0.000115656	0.000154906	0.999729	0 0.000271 15
rVSVOmicron	75	T	57848	3.81544e-05	0.999673	0.000266565	2.26864e-05 0.000327 19
rVSVOmicron	76	C	58970	0	6.75299e-05	0.999914	1.86463e-05 8.6e-05 5
rVSVOmicron	77	C	59887	5.28285e-05	0.000178108	0.999713	5.58473e-05 0.000287 17
rVSVOmicron	78	C	60873	1.82947e-05	0.000168114	0.999814	0 0.000186 11
rVSVOmicron	79	G	61944	0.000304027	7.14223e-05	1.44775e-05	0.99961 0.00039 24
rVSVOmicron	80	C	63442	0	1.73577e-05	0.999983	0 1.7e-05 1
rVSVOmicron	81	C	63364	0.000104388	2.63322e-05	0.999869	0 0.000131 8
rVSVOmicron	82	T	64171	0	0.999702	0.000280953	1.72966e-05 0.000298 19
rVSVOmicron	83	A	65347	0.999777	3.43237e-05	3.43237e-05	0.000154457 0.000223 15
rVSVOmicron	84	C	66220	3.69012e-05	0.000137254	0.999826	0 0.000174 12
rVSVOmicron	85	A	67094	0.999983	1.65792e-05	0	0 1.7e-05 1
rVSVOmicron	86	C	67950	3.24369e-05	0.000132816	0.999835	0 0.000165 11
rVSVOmicron	87	A	68894	0.999935	0	0	6.50038e-05 6.5e-05 4
rVSVOmicron	88	A	69772	0.999851	0	0	0.000149418 0.000149 10
rVSVOmicron	89	A	70305	0.999757	1.70897e-05	0	0.000225861 0.000243 17
rVSVOmicron	90	C	70923	0.00018599	6.71274e-05	0.999747	0 0.000253 18
rVSVOmicron	91	T	71469	0	0.999752	0.000248264	0 0.000248 18
rVSVOmicron	92	C	72219	0	1.53236e-05	0.999985	0 1.5e-05 1
rVSVOmicron	93	T	72872	0	0.999553	0.000400169	4.63661e-05 0.000447 33
rVSVOmicron	94	T	73827	1.54845e-05	0.999826	0.000127642	3.09689e-05 0.000174 13
rVSVOmicron	95	T	74759	0	0.999898	0.000102264	0 0.000102 8
rVSVOmicron	96	C	75988	1.45831e-05	0.000137555	0.999848	0 0.000152 12
rVSVOmicron	97	A	77041	0.999851	1.44716e-05	0	0.000134938 0.000149 11
rVSVOmicron	98	C	77929	0	0.000175824	0.99981	1.42352e-05 0.00019 15
rVSVOmicron	99	C	78815	6.02169e-05	0.000180651	0.999747	1.19662e-05 0.000253 20
rVSVOmicron	100	C	79791	2.82142e-05	0.000228001	0.999673	7.05354e-05 0.000327 26
rVSVOmicron	101	G	80858	0.000212216	7.19819e-05	0.000321494	0.999394 0.000606 49
rVSVOmicron	102	G	82186	9.94775e-05	3.97168e-05	0	0.999861 0.000139 11
rVSVOmicron	103	G	83096	0.000157235	1.36565e-05	0	0.999829 0.000171 14
rVSVOmicron	104	G	83637	0.000129102	2.70639e-05	3.51099e-05	0.999809 0.000191 16
rVSVOmicron	105	C	84694	0	0.00047959	0.999212	0.00030851 0.000788 67
rVSVOmicron	106	G	85907	0.000359099	0	0	0.999641 0.000359 31
rVSVOmicron	107	T	86801	0	0.999909	9.12212e-05	0 9.1e-05 8
rVSVOmicron	108	G	87979	0.000192737	1.26441e-05	3.79323e-05	0.999757 0.000243 21
rVSVOmicron	109	T	88844	1.25632e-05	0.999876	0.000111031	0 0.000124 11
rVSVOmicron	110	A	90168	0.999702	0	1.25086e-05	0.000285669 0.000298 27
rVSVOmicron	111	C	91116	1.21926e-05	0.0001473	0.999828	1.21926e-05 0.000172 16
rVSVOmicron	112	T	92180	1.20901e-05	0.999728	0.000259774	0 0.000272 25
rVSVOmicron	113	A	93674	0.999877	0	0	0.000123047 0.000123 12
rVSVOmicron	114	C	94628	2.35175e-05	7.05524e-05	0.999906	0 9.4e-05 9
rVSVOmicron	115	C	92954	2.72125e-05	0.000212126	0.999749	1.21309e-05 0.000251 23
rVSVOmicron	116	C	93810	5.12076e-05	5.12076e-05	0.999885	1.2068e-05 0.000115 11
rVSVOmicron	117	C	94837	3.86489e-05	0.000328193	0.999633	0 0.000367 35
rVSVOmicron	118	G	96146	0.000350578	1.16231e-05	0	0.999638 0.000362 35
rVSVOmicron	119	A	98741	0.999909	1.13197e-05	4.52787e-05	3.3959e-05 9.1e-05 9
rVSVOmicron	120	C	101545	0	7.48673e-05	0.999925	0 7.5e-05 8
rVSVOmicron	121	A	104475	0.999579	2.159e-05	3.2385e-05	0.00036703 0.000421 44
rVSVOmicron	122	A	107269	0.999808	4.86734e-05	2.37641e-05	0.000119107 0.000192 21
rVSVOmicron	123	G	109347	6.5999e-05	0.00013172	1.03036e-05	0.999792 0.000208 23
rVSVOmicron	124	G	99432	0.00010592	1.13267e-05	0	0.999883 0.000117 12
rVSVOmicron	125	T	100167	0	0.999975	2.51587e-05	0 2.5e-05 3
rVSVOmicron	126	G	101363	0.000112654	1.37456e-05	0	0.999874 0.000126 13
rVSVOmicron	127	T	102059	0	0.999947	5.27817e-05	0 5.3e-05 5
rVSVOmicron	128	T	102815	0	0.999864	0.000136251	0 0.000136 14
rVSVOmicron	129	C	103925	3.67482e-05	0.000111703	0.999841	1.07911e-05 0.000159 17
rVSVOmicron	130	C	104845	6.96698e-05	0.000236297	0.999681	1.33534e-05 0.000319 33
rVSVOmicron	131	G	106212	9.72551e-05	0.000137587	3.17509e-05	0.999733 0.000267 28
rVSVOmicron	132	G	106765	0.000201168	3.16283e-05	1.05428e-05	0.999757 0.000243 26
rVSVOmicron	133	T	106957	0	0.999891	0.000108518	0 0.000109 12
rVSVOmicron	134	C	107762	1.73912e-05	0.000120336	0.999839	2.32818e-05 0.000161 17
rVSVOmicron	135	T	108638	1.25498e-05	0.99976	0.000110438	0.000116573 0.00024 26
rVSVOmicron	136	A	110336	0.999464	1.03527e-05	1.03527e-05	0.000514838 0.000536 59
rVSVOmicron	137	G	110650	5.2048e-05	2.98221e-05	0	0.999918 8.2e-05 9
rVSVOmicron	138	C	111579	4.21087e-05	0.000709057	0.999186	6.27556e-05 0.000814 91
rVSVOmicron	139	G	112597	0.000141966	4.23738e-05	1.99724e-05	0.999796 0.000204 23
rVSVOmicron	140	T	113410	0.000183856	0.999458	7.95632e-05	0.000278202 0.000542 61
rVSVOmicron	141	G	114571	0.000131919	7.09923e-05	0.000283969	0.999513 0.000487 56
rVSVOmicron	142	C	115126	0.000332466	0.000165969	0.999492	9.77842e-06 0.000508 58
rVSVOmicron	143	T	115937	0	0.999746	0.000244094	9.74271e-06 0.000254 29
rVSVOmicron	144	C	117259	2.87211e-05	8.2282e-05	0.999868	2.12174e-05 0.000132 15
rVSVOmicron	145	C	118177	0.000797357	0.000104685	0.998948	0.000150469 0.001052 124
rVSVOmicron	146	A	117956	0.999055	0	0.00089119	5.3394e-05 0.000945 111
rVSVOmicron	147	C	118253	2.09447e-05	0.000110343	0.999869	0 0.000131 15
rVSVOmicron	148	T	118539	0	0.999913	8.68828e-05	0 8.7e-05 10
rVSVOmicron	149	C	118731	5.59111e-05	8.51259e-05	0.999838	2.09037e-05 0.000162 19
rVSVOmicron	150	T	119035	1.88486e-05	0.999866	0.00010596	9.42431e-06 0.000134 16
rVSVOmicron	151	A	119370	0.99989	2.9698e-05	2.84179e-05	5.17155e-05 0.00011 13
rVSVOmicron	152	C	120268	3.91723e-05	9.18179e-05	0.999839	2.99406e-05 0.000161 19
rVSVOmicron	153	A	119567	0.999901	0	0	9.86161e-05 9.9e-05 12
rVSVOmicron	154	C	119633	1.14992e-05	0.000279231	0.9997	9.24936e-06 0.0003 36
rVSVOmicron	155	A	120494	0.999494	3.72742e-05	1.86371e-05	0.000450564 0.000506 61
rVSVOmicron	156	G	122996	0.000108542	6.66445e-05	1.73962e-05	0.999807 0.000193 24
rVSVOmicron	157	G	125107	4.46979e-05	8.93958e-06	0	0.999946 5.4e-05 7
rVSVOmicron	158	A	126446	0.999921	1.76588e-05	0	6.18057e-05 7.9e-05 10
rVSVOmicron	159	C	128950	0.000151184	6.08969e-05	0.999376	0.000411936 0.000624 80
rVSVOmicron	160	C	119374	4.7477e-05	0.000205565	0.999738	9.34388e-06 0.000262 31
rVSVOmicron	161	T	119722	1.85464e-05	0.999472	0.000481454	2.78196e-05 0.000528 63
rVSVOmicron	162	G	120702	0.000363791	9.21305e-06	0.000165337	0.999462 0.000538 65
rVSVOmicron	163	T	121096	3.9409e-05	0.999244	0.000139821	0.000576559 0.000756 92
rVSVOmicron	164	T	121644	0.000227298	0.999322	5.64431e-05	0.000394593 0.000678 82
rVSVOmicron	165	C	122989	1.8281e-05	0.000342398	0.99963	9.14049e-06 0.00037 46
rVSVOmicron	166	C	122056	4.58318e-05	0.000267807	0.999668	1.83327e-05 0.000332 41
rVSVOmicron	167	T	122164	3.67773e-05	0.999766	0.000186339	1.12784e-05 0.000234 29
rVSVOmicron	168	C	122953	9.09102e-06	5.67574e-05	0.999879	5.50375e-05 0.000121 15
rVSVOmicron	169	C	123297	0.000108469	0.000103971	0.999758	2.99916e-05 0.000242 30
rVSVOmicron	170	C	123467	8.01836e-05	0.000179552	0.99974	0 0.00026 32
rVSVOmicron	171	T	123598	2.5784e-05	0.999799	0.000148754	2.62799e-05 0.000201 25
rVSVOmicron	172	T	124150	7.72561e-05	0.999748	0.000146042	2.84898e-05 0.000252 31
rVSVOmicron	173	T	124431	1.64429e-05	0.999899	8.46686e-05	0 0.000101 13
rVSVOmicron	174	C	124413	3.55859e-05	0.000133207	0.999831	0 0.000169 21
rVSVOmicron	175	T	124600	3.60703e-05	0.999775	0.000152811	3.60703e-05 0.000225 28
rVSVOmicron	176	T	125114	1.99718e-05	0.999836	0.000144375	0 0.000164 21
rVSVOmicron	177	C	125714	3.51001e-05	0.000139926	0.999816	8.77501e-06 0.000184 23
rVSVOmicron	178	A	125081	0.999795	0	8.90686e-06	0.000196192 0.000205 26
rVSVOmicron	179	G	125742	0.000380849	2.64379e-05	2.50088e-05	0.999568 0.000432 54
rVSVOmicron	180	C	126609	3.70593e-05	0.000131006	0.999823	8.73371e-06 0.000177 22
rVSVOmicron	181	A	126801	0.999974	0	8.69652e-06	1.7393e-05 2.6e-05 3
rVSVOmicron	182	A	127097	0.999828	1.77415e-05	8.87074e-06	0.000145049 0.000172 22
rVSVOmicron	183	C	128072	8.60246e-06	0.000170887	0.999786	3.44098e-05 0.000214 27
rVSVOmicron	184	G	127604	7.17276e-05	4.56235e-05	1.74028e-05	0.999865 0.000135 17
rVSVOmicron	185	T	128140	0	0.999907	8.40583e-05	8.68759e-06 9.3e-05 12
rVSVOmicron	186	G	129191	0.000106019	0	3.41848e-05	0.99986 0.00014 18
rVSVOmicron	187	A	129350	0.999831	1.7109e-05	2.56635e-05	0.000126005 0.000169 22
rVSVOmicron	188	C	130398	1.89588e-05	0.000103474	0.999878	0 0.000122 16
rVSVOmicron	189	A	129681	0.999621	0	0.000231092	0.000147732 0.000379 49
rVSVOmicron	190	T	129929	8.52987e-06	0.999919	6.38587e-05	8.52987e-06 8.1e-05 11
rVSVOmicron	191	G	130644	0.00010227	5.96578e-05	8.52254e-06	0.99983 0.00017 22
rVSVOmicron	192	G	130379	6.1708e-05	0	1.91111e-05	0.999919 8.1e-05 11
rVSVOmicron	193	T	130643	0	0.9999	9.97919e-05	0 0.0001 13
rVSVOmicron	194	T	130607	0	0.999931	6.94857e-05	0 6.9e-05 9
rVSVOmicron	195	C	131327	2.532e-05	0.000267571	0.999699	8.44e-06 0.000301 40
rVSVOmicron	196	C	131822	7.90746e-05	0.000114873	0.999798	8.38327e-06 0.000202 27
rVSVOmicron	197	A	131542	0.999748	8.3986e-06	8.3986e-06	0.000234934 0.000252 33
rVSVOmicron	198	C	132399	0	0.000143158	0.999847	1.03379e-05 0.000153 20
rVSVOmicron	199	G	132839	0.000351308	1.66753e-05	8.33766e-06	0.999624 0.000376 50
rVSVOmicron	200	T	133042	0	0.999914	7.80326e-05	8.44213e-06 8.6e-05 11
rVSVOmicron	201	G	133857	0.000148626	3.29291e-05	2.73668e-05	0.999791 0.000209 28
rVSVOmicron	202	A	133450	0.999946	1.62662e-05	0	3.78801e-05 5.4e-05 7
rVSVOmicron	203	T	133346	0	0.999853	0.00014723	0 0.000147 20
rVSVOmicron	204	C	132778	7.4346e-05	0.000204284	0.999713	8.26067e-06 0.000287 38
rVSVOmicron	205	T	133257	1.85751e-05	0.999888	8.4819e-05	8.28049e-06 0.000112 15
rVSVOmicron	206	C	133264	5.79651e-05	9.21667e-05	0.999842	8.21727e-06 0.000158 21
rVSVOmicron	207	T	133539	0	0.999762	0.000237614	0 0.000238 32
rVSVOmicron	208	G	134721	0.000236534	4.91671e-05	1.57246e-05	0.999699 0.000301 41
rVSVOmicron	209	G	135184	0.000468249	5.10215e-05	3.26891e-05	0.999448 0.000552 75
rVSVOmicron	210	C	135758	3.42661e-05	0.000264744	0.999693	8.07546e-06 0.000307 42
rVSVOmicron	211	A	135616	0.999848	3.24105e-05	0	0.00011913 0.000152 21
rVSVOmicron	212	C	136552	0	8.01413e-06	0.999984	8.01413e-06 1.6e-05 2
rVSVOmicron	213	A	136388	0.999901	8.08896e-06	8.08896e-06	8.24199e-05 9.9e-05 14
rVSVOmicron	214	A	136526	0.999891	1.63924e-05	0	9.21521e-05 0.000109 15
rVSVOmicron	215	A	136736	0.999858	8.47107e-06	6.29607e-05	7.00581e-05 0.000142 19
rVSVOmicron	216	C	137641	0	0.000255911	0.999744	0 0.000256 35
rVSVOmicron	217	G	137972	0.000218263	6.65702e-05	2.42272e-05	0.999691 0.000309 43
rVSVOmicron	218	G	138048	0.000662928	1.45151e-05	1.60316e-05	0.999306 0.000694 96
rVSVOmicron	219	C	138284	0	0.000180565	0.999819	0 0.000181 25
rVSVOmicron	220	A	137996	0.99987	7.97414e-06	2.39224e-05	9.76294e-05 0.00013 18
rVSVOmicron	221	C	138862	2.36407e-05	7.73114e-05	0.999899	0 0.000101 14
rVSVOmicron	222	A	138671	0.999786	2.40508e-05	3.20677e-05	0.000157739 0.000214 30
rVSVOmicron	223	A	139074	0.999859	8.09758e-06	8.29455e-05	5.03363e-05 0.000141 20
rVSVOmicron	224	A	138759	0.999743	0	3.24415e-05	0.000224898 0.000257 36
rVSVOmicron	225	G	139173	0.000197432	1.61258e-05	1.61258e-05	0.99977 0.00023 32
rVSVOmicron	226	C	140037	7.83181e-06	0.000263106	0.999729	0 0.000271 38
rVSVOmicron	227	G	141083	0.000216209	5.53733e-05	1.75419e-05	0.999711 0.000289 41
rVSVOmicron	228	G	140858	0.000133416	2.34694e-05	0	0.999843 0.000157 22
rVSVOmicron	229	T	140678	7.88637e-06	0.999845	0.000147283	0 0.000155 22
rVSVOmicron	230	T	140433	5.07218e-05	0.999926	2.3656e-05	0 7.4e-05 10
rVSVOmicron	231	C	141021	4.63179e-05	0.000242647	0.999696	1.52306e-05 0.000304 43
rVSVOmicron	232	G	141229	0.000141803	0.000200502	2.52468e-05	0.999632 0.000368 52
rVSVOmicron	233	A	140708	0.9998	3.09257e-05	7.52247e-06	0.000161106 0.0002 28
rVSVOmicron	234	C	141537	4.79382e-05	7.11809e-05	0.999866	1.53568e-05 0.000134 19
rVSVOmicron	235	A	141416	0.999848	1.56391e-05	7.81956e-06	0.000128917 0.000152 21
rVSVOmicron	236	A	140859	0.999906	7.88198e-06	2.02375e-05	6.53991e-05 9.4e-05 13
rVSVOmicron	237	C	140862	3.91084e-05	7.1875e-05	0.999889	0 0.000111 16
rVSVOmicron	238	C	142868	2.59796e-05	3.87599e-05	0.999935	0 6.5e-05 9
rVSVOmicron	239	C	142800	7.00173e-05	0.000147791	0.999767	1.55128e-05 0.000233 33
rVSVOmicron	240	C	143074	8.43014e-05	0.000161734	0.99972	3.39287e-05 0.00028 40
rVSVOmicron	241	G	143421	0.000188953	1.4614e-05	0	0.999796 0.000204 29
rVSVOmicron	242	T	143385	2.73638e-06	0.9998	0.000189442	7.78817e-06 0.0002 29
rVSVOmicron	243	G	144112	0.000524596	2.26753e-05	2.79866e-05	0.999425 0.000575 83
rVSVOmicron	244	C	143043	4.568e-05	0.000275109	0.999679	0 0.000321 46
rVSVOmicron	245	T	143303	3.70066e-05	0.999759	0.000196483	7.56489e-06 0.000241 35
rVSVOmicron	246	C	144461	1.75573e-05	7.55373e-05	0.999872	3.45022e-05 0.000128 18
rVSVOmicron	247	C	144990	1.5196e-05	0.000100622	0.999877	7.59799e-06 0.000123 18
rVSVOmicron	248	C	144756	0.000113566	0.000183879	0.999695	7.58474e-06 0.000305 44
rVSVOmicron	249	T	144662	7.62192e-06	0.999752	0.00020023	3.99636e-05 0.000248 36
rVSVOmicron	250	T	145179	4.62658e-05	0.999775	0.000163806	1.54219e-05 0.000225 33
rVSVOmicron	251	T	145324	0	0.999835	0.000165455	0 0.000165 24
rVSVOmicron	252	C	145814	7.45642e-06	0.000315588	0.999677	0 0.000323 47
rVSVOmicron	253	A	145635	0.999759	3.01383e-05	3.95056e-05	0.000171259 0.000241 35
rVSVOmicron	254	A	146561	0.99988	0	0	0.000119528 0.00012 18
rVSVOmicron	255	C	147567	1.46867e-05	0.00130593	0.998672	7.34335e-06 0.001328 196
rVSVOmicron	256	G	147022	0.000137972	2.98535e-05	1.49267e-05	0.999817 0.000183 27
rVSVOmicron	257	A	146468	0.999946	1.67547e-05	7.46897e-06	2.98759e-05 5.4e-05 8
rVSVOmicron	258	C	147410	0	0.000372851	0.99962	7.33802e-06 0.00038 56
rVSVOmicron	259	G	147683	0.000138615	3.17408e-05	1.34597e-05	0.999816 0.000184 27
rVSVOmicron	260	G	148049	6.64421e-05	9.17819e-06	4.42947e-05	0.99988 0.00012 18
rVSVOmicron	261	C	148302	2.37187e-05	0.000303401	0.999644	2.9253e-05 0.000356 53
rVSVOmicron	262	G	148800	0.000405616	0	1.46061e-05	0.99958 0.00042 62
rVSVOmicron	263	T	148720	2.97764e-05	0.99986	0.000110052	0 0.00014 21
rVSVOmicron	264	G	149375	8.69291e-05	7.27687e-06	1.45537e-05	0.999891 0.000109 16
rVSVOmicron	265	T	149367	3.81268e-05	0.999867	9.45309e-05	0 0.000133 20
rVSVOmicron	266	A	151353	0.999888	0	3.66571e-05	7.50975e-05 0.000112 17
rVSVOmicron	267	C	152098	7.18625e-06	0.00010993	0.999883	0 0.000117 18
rVSVOmicron	268	T	152441	2.21231e-05	0.99985	0.000111014	1.65425e-05 0.00015 23
rVSVOmicron	269	T	149433	1.46686e-05	0.99991	7.55233e-05	0 9e-05 13
rVSVOmicron	270	C	150462	2.15459e-05	0.000670639	0.999301	7.18195e-06 0.000699 105
rVSVOmicron	271	G	151109	0.000201384	3.05009e-05	1.44684e-05	0.999754 0.000246 37
rVSVOmicron	272	C	151663	2.14963e-05	0.000241688	0.999737	0 0.000263 40
rVSVOmicron	273	C	152435	3.02688e-05	8.73362e-05	0.999841	4.16437e-05 0.000159 24
rVSVOmicron	274	A	151648	0.9998	0	5.8447e-05	0.00014141 0.0002 30
rVSVOmicron	275	G	152479	9.81721e-05	2.13251e-05	7.10835e-06	0.999873 0.000127 19
rVSVOmicron	276	C	153533	3.00347e-05	0.000244869	0.999704	2.12347e-05 0.000296 45
rVSVOmicron	277	A	153314	0.999918	0	5.16069e-05	3.02324e-05 8.2e-05 13
rVSVOmicron	278	T	153953	6.90245e-06	0.991829	0.00816445	0 0.008171 1258
rVSVOmicron	279	A	152870	0.991598	4.34507e-05	0.00824312	0.000115281 0.008402 1284
rVSVOmicron	280	G	154174	2.16947e-05	5.0621e-05	3.61578e-05	0.999892 0.000108 17
rVSVOmicron	281	A	153809	0.999856	8.86423e-06	0	0.000135276 0.000144 22
rVSVOmicron	282	G	154766	6.55605e-05	3.89145e-05	7.0928e-06	0.999888 0.000112 17
rVSVOmicron	283	A	155789	0.999812	2.1325e-05	0	0.000167111 0.000188 29
rVSVOmicron	284	A	154836	0.999848	5.9644e-06	5.38784e-05	9.22494e-05 0.000152 24
rVSVOmicron	285	G	155843	0.000100508	9.15447e-06	7.05657e-06	0.999883 0.000117 18
rVSVOmicron	286	T	156506	1.99801e-05	0.999886	9.35608e-05	0 0.000114 18
rVSVOmicron	287	C	156463	1.40441e-05	5.29501e-05	0.999919	1.44237e-05 8.1e-05 13
rVSVOmicron	288	T	156805	0	0.999766	0.000195144	3.85353e-05 0.000234 37
rVSVOmicron	289	A	157479	0.99979	1.40052e-05	0.000119044	7.68394e-05 0.00021 33
rVSVOmicron	290	A	158177	0.999862	4.39416e-05	0	9.45411e-05 0.000138 22
rVSVOmicron	291	C	159100	3.6025e-05	7.54098e-05	0.999889	0 0.000111 18
rVSVOmicron	292	A	155874	0.999947	7.00809e-06	4.16697e-06	4.20485e-05 5.3e-05 8
rVSVOmicron	293	T	156445	1.61359e-05	0.999977	0	7.19313e-06 2.3e-05 4
rVSVOmicron	294	T	156699	2.11967e-05	0.999951	2.11967e-05	7.06557e-06 4.9e-05 8
rVSVOmicron	295	A	156736	0.99972	0	0.000158964	0.000120751 0.00028 44
rVSVOmicron	296	T	157176	3.03419e-05	0.999933	3.67896e-05	0 6.7e-05 11
rVSVOmicron	297	C	157696	8.63255e-06	7.28137e-05	0.999905	1.38872e-05 9.5e-05 15
rVSVOmicron	298	C	157988	5.22093e-05	0.000212607	0.999721	1.39476e-05 0.000279 44
rVSVOmicron	299	G	158650	9.40354e-05	0.00037275	0.000124564	0.999409 0.000591 94
rVSVOmicron	300	G	159202	9.89934e-05	2.08903e-05	2.08903e-05	0.999859 0.000141 22
rVSVOmicron	301	G	159639	5.39047e-05	0	6.92525e-06	0.999939 6.1e-05 10
rVSVOmicron	302	G	159982	0.00013041	5.65789e-05	1.37273e-05	0.999799 0.000201 32
rVSVOmicron	303	C	159881	1.38763e-05	0.000172329	0.999772	4.16289e-05 0.000228 36
rVSVOmicron	304	T	159820	6.89355e-06	0.999755	0.000220594	1.7886e-05 0.000245 39
rVSVOmicron	305	G	161327	0.000124595	1.3539e-05	1.51856e-05	0.999847 0.000153 25
rVSVOmicron	306	G	161774	7.33586e-05	2.71427e-05	3.59457e-05	0.999864 0.000136 22
rVSVOmicron	307	A	161208	0.999932	0	6.78299e-06	6.10469e-05 6.8e-05 11
rVSVOmicron	308	T	161640	0	0.999952	3.4542e-05	1.38168e-05 4.8e-05 8
rVSVOmicron	309	T	161552	1.38248e-05	0.999931	4.14745e-05	1.38248e-05 6.9e-05 11
rVSVOmicron	310	T	161958	6.85169e-06	0.999966	2.74068e-05	0 3.4e-05 6
rVSVOmicron	311	T	162074	0	0.999931	4.90794e-05	2.03277e-05 6.9e-05 11
rVSVOmicron	312	C	162545	2.16196e-05	0.000238356	0.99974	0 0.00026 42
rVSVOmicron	313	G	162744	0.000158845	6.08693e-05	2.02898e-05	0.99976 0.00024 39
rVSVOmicron	314	G	162876	0.000117411	2.88538e-05	1.39732e-05	0.99984 0.00016 26
rVSVOmicron	315	C	163227	3.99099e-05	0.000209257	0.999744	6.65165e-06 0.000256 42
rVSVOmicron	316	A	162747	0.999909	3.13061e-05	0	5.99134e-05 9.1e-05 15
rVSVOmicron	317	C	163481	6.12946e-05	0.000358627	0.999567	1.32626e-05 0.000433 71
rVSVOmicron	318	C	164095	8.79942e-05	0.000333659	0.999555	2.31658e-05 0.000445 73
rVSVOmicron	319	A	163612	0.999905	1.17268e-05	1.72348e-05	6.57412e-05 9.5e-05 16
rVSVOmicron	320	C	164322	0.000237235	4.75182e-05	0.999689	2.63397e-05 0.000311 51
rVSVOmicron	321	A	163342	0.999578	0	0.000287473	0.000134504 0.000422 69
rVSVOmicron	322	C	163730	4.61131e-05	6.58759e-05	0.999888	0 0.000112 18
rVSVOmicron	323	T	163555	0.000403857	0.999504	9.22322e-05	0 0.000496 81
rVSVOmicron	324	C	164626	5.39787e-05	0.00052262	0.99941	1.30965e-05 0.00059 97
rVSVOmicron	325	G	164730	0.000148682	1.98362e-05	1.32241e-05	0.999818 0.000182 30
rVSVOmicron	326	A	164095	0.999952	8.18282e-06	0	3.9491e-05 4.8e-05 8
rVSVOmicron	327	C	164539	6.09564e-05	5.29123e-05	0.99988	6.61404e-06 0.00012 20
rVSVOmicron	328	T	164386	1.03981e-05	0.999834	8.64116e-05	6.95595e-05 0.000166 27
rVSVOmicron	329	C	164404	3.27623e-05	0.000150352	0.99981	6.55246e-06 0.00019 31
rVSVOmicron	330	T	164353	0	0.999841	0.000159154	0 0.000159 26
rVSVOmicron	331	A	164717	0.999905	6.6818e-06	0	8.84887e-05 9.5e-05 16
rVSVOmicron	332	A	163365	0.999837	0	1.99788e-05	0.000143092 0.000163 27
rVSVOmicron	333	G	164091	2.6916e-05	6.8745e-05	0	0.999904 9.6e-05 16
rVSVOmicron	334	A	164681	0.999815	2.64502e-05	0	0.000158701 0.000185 30
rVSVOmicron	335	C	165358	2.61078e-05	7.17964e-05	0.999896	6.52695e-06 0.000104 17
rVSVOmicron	336	A	164427	0.999918	0	2.66721e-05	5.49662e-05 8.2e-05 13
rVSVOmicron	337	C	165064	1.30229e-05	0.000210127	0.99977	6.51146e-06 0.00023 38
rVSVOmicron	338	A	164069	0.99949	8.00687e-05	5.57621e-05	0.000374071 0.00051 84
rVSVOmicron	339	G	164986	9.49127e-05	1.33274e-05	0	0.999892 0.000108 18
rVSVOmicron	340	T	165434	2.42016e-05	0.999804	0.000115136	5.64111e-05 0.000196 32
rVSVOmicron	341	C	166350	5.42217e-05	0.000127342	0.999818	0 0.000182 30
rVSVOmicron	342	C	166714	0.000129161	0.000925803	0.998938	6.62824e-06 0.001062 177
rVSVOmicron	343	C	166482	5.22001e-05	0.000164536	0.99971	7.3186e-05 0.00029 48
rVSVOmicron	344	T	166257	7.46416e-05	0.999481	0.000431302	1.30271e-05 0.000519 86
rVSVOmicron	345	C	168020	0	5.31874e-05	0.999934	1.29045e-05 6.6e-05 11
rVSVOmicron	346	C	166795	3.24134e-05	4.69556e-05	0.999888	3.27638e-05 0.000112 19
rVSVOmicron	347	T	166885	1.18058e-05	0.999811	0.000164577	1.30393e-05 0.000189 32
rVSVOmicron	348	G	167124	7.40323e-05	5.42553e-06	1.29513e-05	0.999908 9.2e-05 15
rVSVOmicron	349	A	163749	0.999935	1.31598e-05	5.33505e-06	4.60593e-05 6.5e-05 11
rVSVOmicron	350	T	164154	1.3561e-05	0.999951	2.8588e-05	6.78048e-06 4.9e-05 8
rVSVOmicron	351	T	164442	1.31876e-05	0.999894	5.93444e-05	3.29691e-05 0.000106 17
rVSVOmicron	352	G	162555	0.000286368	6.66391e-06	5.40317e-06	0.999702 0.000298 48
rVSVOmicron	353	T	162816	0.00301876	0.996894	8.09076e-05	6.60835e-06 0.003106 506
rVSVOmicron	354	G	163961	8.14239e-05	1.97337e-05	1.84893e-05	0.99988 0.00012 20
rVSVOmicron	355	A	164290	0.99973	2.66569e-05	0.000176512	6.66422e-05 0.00027 44
rVSVOmicron	356	A	164971	0.999839	1.46095e-05	6.59209e-06	0.000140037 0.000161 27
rVSVOmicron	357	C	166147	7.56989e-05	7.93787e-05	0.999838	6.48347e-06 0.000162 27
rVSVOmicron	358	A	164476	0.999474	2.64419e-05	1.84022e-05	0.000481136 0.000526 87
rVSVOmicron	359	A	164602	0.999898	0	2.6505e-05	7.52168e-05 0.000102 17
rVSVOmicron	360	C	165524	2.60334e-05	0.00029569	0.999237	0.00044116 0.000763 126
rVSVOmicron	361	G	165184	0.000334558	5.86412e-05	2.13889e-05	0.999585 0.000415 69
rVSVOmicron	362	C	164940	5.54948e-05	0.00012145	0.999816	6.56009e-06 0.000184 30
rVSVOmicron	363	C	165361	2.60104e-05	9.57815e-05	0.999865	1.30052e-05 0.000135 22
rVSVOmicron	364	A	164757	0.999882	6.58518e-06	1.31704e-05	9.80658e-05 0.000118 19
rVSVOmicron	365	C	165780	6.46011e-06	6.77438e-05	0.999926	0 7.4e-05 12
rVSVOmicron	366	A	165671	0.999786	0	9.89586e-05	0.000115363 0.000214 35
rVSVOmicron	367	A	166046	0.999926	0	3.24592e-05	4.12617e-05 7.4e-05 12
rVSVOmicron	368	A	165911	0.999917	2.08043e-05	2.7739e-05	3.46738e-05 8.3e-05 14
rVSVOmicron	369	C	166873	6.5164e-06	0.000110779	0.999811	7.16804e-05 0.000189 32
rVSVOmicron	370	G	165899	0.000129602	5.24075e-05	0	0.999818 0.000182 30
rVSVOmicron	371	T	165030	2.74968e-05	0.999924	3.4371e-05	1.37484e-05 7.6e-05 13
rVSVOmicron	372	G	164783	0.000108622	0.000100074	0	0.999791 0.000209 34
rVSVOmicron	373	G	164239	1.97242e-05	1.97242e-05	1.31495e-05	0.999947 5.3e-05 9
rVSVOmicron	374	T	164179	0.000704874	0.999207	8.15436e-05	6.7953e-06 0.000793 130
rVSVOmicron	375	G	165525	8.66796e-05	1.95161e-05	0.000681305	0.999213 0.000787 130
rVSVOmicron	376	A	165974	0.999941	1.96471e-05	6.54905e-06	3.27452e-05 5.9e-05 10
rVSVOmicron	377	T	166401	0	0.999945	4.83947e-05	6.68135e-06 5.5e-05 9
rVSVOmicron	378	T	166666	1.94119e-05	0.999903	7.79974e-05	0 9.7e-05 16
rVSVOmicron	379	A	168149	0.999837	4.68645e-05	1.15413e-05	0.000105095 0.000163 27
rVSVOmicron	380	A	168557	0.999587	4.65549e-05	5.14188e-05	0.00031494 0.000413 70
rVSVOmicron	381	G	169918	0.000103382	7.08259e-05	1.92217e-05	0.999807 0.000193 33
rVSVOmicron	382	G	168392	6.67079e-05	1.94346e-05	6.4782e-06	0.999907 9.3e-05 16
rVSVOmicron	383	T	168215	0	0.999954	3.99216e-05	6.42218e-06 4.6e-05 8
rVSVOmicron	384	G	169578	8.97995e-05	1.27059e-05	0	0.999897 0.000103 17
rVSVOmicron	385	T	169609	1.27059e-05	0.999908	7.29732e-05	6.35296e-06 9.2e-05 16
rVSVOmicron	386	G	170010	6.7613e-05	4.58741e-05	6.33337e-06	0.99988 0.00012 20
rVSVOmicron	387	C	170654	3.16541e-05	0.000708368	0.999216	4.43158e-05 0.000784 134
rVSVOmicron	388	G	171309	0.0037679	1.88948e-05	3.14914e-05	0.996182 0.003818 654
rVSVOmicron	389	A	170357	0.999875	5.02737e-05	0	7.45614e-05 0.000125 21
rVSVOmicron	390	G	171623	0.000167351	1.87825e-05	1.52291e-05	0.999799 0.000201 34
rVSVOmicron	391	T	172106	2.21302e-05	0.99991	6.55262e-05	2.2476e-06 9e-05 15
rVSVOmicron	392	T	172394	1.87329e-05	0.999825	0.000100415	5.55237e-05 0.000175 30
rVSVOmicron	393	C	173004	1.25901e-05	8.04745e-05	0.999873	3.3687e-05 0.000127 22
rVSVOmicron	394	C	173501	5.48804e-05	0.000221717	0.999705	1.87438e-05 0.000295 51
rVSVOmicron	395	A	172712	0.99957	6.21327e-06	2.48531e-05	0.000398825 0.00043 74
rVSVOmicron	396	G	173727	9.77292e-05	6.21302e-06	0	0.999896 0.000104 18
rVSVOmicron	397	T	174416	6.37142e-06	0.999869	6.68138e-05	5.76872e-05 0.000131 23
rVSVOmicron	398	T	174895	6.22914e-06	0.999904	8.40092e-05	6.22914e-06 9.6e-05 17
rVSVOmicron	399	C	174617	1.97352e-05	0.000130453	0.999844	6.18817e-06 0.000156 27
rVSVOmicron	400	T	174523	1.99707e-05	0.999699	0.000275263	6.15763e-06 0.000301 53
rVSVOmicron	401	G	175983	0.000221638	2.59874e-05	0	0.999752 0.000248 44
rVSVOmicron	402	C	176199	1.9811e-05	9.922e-05	0.999863	1.83252e-05 0.000137 24
rVSVOmicron	403	A	175582	0.999761	3.21577e-05	4.29321e-05	0.000163606 0.000239 42
rVSVOmicron	404	A	176108	0.999719	0	0.000219521	6.18604e-05 0.000281 49
rVSVOmicron	405	C	177240	6.05747e-06	0.000198259	0.99979	6.05747e-06 0.00021 37
rVSVOmicron	406	G	177869	0.000357121	3.65013e-05	1.21671e-05	0.999594 0.000406 72
rVSVOmicron	407	A	177827	0.999927	1.21552e-05	1.21552e-05	4.86208e-05 7.3e-05 13
rVSVOmicron	408	C	179210	1.21638e-05	0.00104247	0.998945	0 0.001055 189
rVSVOmicron	409	C	180366	5.91756e-05	7.35563e-05	0.999867	0 0.000133 24
rVSVOmicron	410	C	178914	9.03658e-05	4.26316e-05	0.999861	6.09022e-06 0.000139 25
rVSVOmicron	411	T	179070	1.76564e-05	0.99983	0.000101062	5.12875e-05 0.00017 30
rVSVOmicron	412	T	180156	6.32514e-06	0.9997	0.000242748	5.06011e-05 0.0003 54
rVSVOmicron	413	T	180197	0	0.999928	6.63208e-05	6.02916e-06 7.2e-05 13
rVSVOmicron	414	C	181002	0	0.000205893	0.999782	1.20253e-05 0.000218 39
rVSVOmicron	415	C	180799	4.20262e-05	0.000210616	0.99971	3.73387e-05 0.00029 52
rVSVOmicron	416	T	180697	7.2766e-05	0.999611	0.000316573	0 0.000389 70
rVSVOmicron	417	G	182342	5.06658e-05	7.26103e-05	3.58211e-05	0.999841 0.000159 29
rVSVOmicron	418	G	181578	0.00011159	4.17655e-05	1.78995e-05	0.999829 0.000171 31
rVSVOmicron	419	A	181722	0.999881	2.34815e-05	5.87038e-06	8.94836e-05 0.000119 22
rVSVOmicron	420	T	182247	1.30707e-05	0.999794	0.000192554	0 0.000206 38
rVSVOmicron	421	C	186048	6.34297e-05	8.91445e-05	0.999823	2.4468e-05 0.000177 33
rVSVOmicron	422	A	185705	0.999633	0.000207532	0	0.000159258 0.000367 68
rVSVOmicron	423	C	186814	1.7219e-05	8.17514e-05	0.999901	0 9.9e-05 18
rVSVOmicron	424	A	186452	0.999766	1.16563e-05	2.91407e-05	0.000192959 0.000234 44
rVSVOmicron	425	A	185504	0.999864	1.75046e-05	2.94898e-05	8.89425e-05 0.000136 25
rVSVOmicron	426	G	186668	0.000127846	4.8766e-05	0	0.999823 0.000177 33
rVSVOmicron	427	A	187881	0.999905	1.7522e-05	0	7.73494e-05 9.5e-05 18
rVSVOmicron	428	A	187673	0.999875	5.29687e-06	1.15285e-05	0.000107963 0.000125 23
rVSVOmicron	429	C	188127	4.22669e-05	0.00010397	0.999854	0 0.000146 27
rVSVOmicron	430	A	187749	0.999893	3.08052e-05	1.15131e-05	6.4722e-05 0.000107 20
rVSVOmicron	431	A	187557	0.999923	5.81493e-06	1.16299e-05	5.95637e-05 7.7e-05 14
rVSVOmicron	432	C	188141	2.99952e-05	2.2883e-05	0.99993	1.71622e-05 7e-05 13
rVSVOmicron	433	A	187260	0.999893	1.17982e-05	1.32331e-05	8.14712e-05 0.000107 20
rVSVOmicron	434	A	186124	0.999935	1.19659e-05	1.11574e-05	4.18806e-05 6.5e-05 12
rVSVOmicron	435	G	186720	6.16715e-05	4.21449e-05	6.0207e-06	0.99989 0.00011 21
rVSVOmicron	436	T	190401	3.50074e-05	0.999895	7.00148e-05	0 0.000105 20
rVSVOmicron	437	C	189680	1.73493e-05	3.61052e-05	0.999947	0 5.3e-05 10
rVSVOmicron	438	T	189317	2.3433e-05	0.999917	5.41492e-05	5.54159e-06 8.3e-05 16
rVSVOmicron	439	T	190968	0.000118295	0.999756	9.18872e-05	3.4284e-05 0.000244 47
rVSVOmicron	440	G	191980	5.78821e-05	2.96283e-05	5.65076e-06	0.999907 9.3e-05 18
rVSVOmicron	441	G	192428	9.11884e-05	3.20146e-05	1.12279e-05	0.999866 0.000134 26
rVSVOmicron	442	A	192081	0.999839	1.97261e-05	5.61434e-06	0.000135806 0.000161 31
rVSVOmicron	443	T	192582	0	0.999902	4.49287e-05	5.32769e-05 9.8e-05 19
rVSVOmicron	444	G	193618	0.000172622	4.47819e-05	1.876e-05	0.999764 0.000236 46
rVSVOmicron	445	G	193605	0.000131118	3.89279e-05	1.11654e-05	0.999819 0.000181 35
rVSVOmicron	446	A	192693	0.999818	1.10768e-05	1.10768e-05	0.000159716 0.000182 35
rVSVOmicron	447	G	192934	6.23703e-05	1.10947e-05	1.66421e-05	0.99991 9e-05 17
rVSVOmicron	448	T	193032	3.35756e-05	0.999891	7.54694e-05	0 0.000109 21
rVSVOmicron	449	C	191152	2.80899e-05	9.26206e-05	0.999868	1.12359e-05 0.000132 25
rVSVOmicron	450	T	191040	0	0.999706	0.000282607	1.11894e-05 0.000294 56
rVSVOmicron	451	G	193242	7.8985e-05	4.99089e-05	3.59704e-05	0.999835 0.000165 32
rVSVOmicron	452	A	192408	0.999768	5.05602e-05	1.12356e-05	0.000169749 0.000232 45
rVSVOmicron	453	G	193501	4.98172e-05	1.10705e-05	1.10705e-05	0.999928 7.2e-05 14
rVSVOmicron	454	T	193997	1.68759e-05	0.999931	5.19959e-05	0 6.9e-05 13
rVSVOmicron	455	T	194161	1.1159e-05	0.999914	7.52477e-05	0 8.6e-05 17
rVSVOmicron	456	C	195178	2.74809e-05	8.24426e-05	0.999861	2.88178e-05 0.000139 27
rVSVOmicron	457	A	193834	0.999665	4.44223e-05	2.35618e-05	0.000266984 0.000335 65
rVSVOmicron	458	G	194907	8.31889e-05	5.54593e-06	3.32756e-05	0.999878 0.000122 24
rVSVOmicron	459	A	195134	0.999871	5.56352e-06	1.1127e-05	0.000112624 0.000129 25
rVSVOmicron	460	G	195840	0.00174551	2.74451e-05	2.1956e-05	0.998205 0.001795 352
rVSVOmicron	461	T	196481	0	0.998185	2.18711e-05	0.00179314 0.001815 357
rVSVOmicron	462	G	196899	6.65008e-05	1.6331e-05	0	0.999917 8.3e-05 16
rVSVOmicron	463	T	196270	1.09052e-05	0.999882	0.000107136	0 0.000118 23
rVSVOmicron	464	A	195934	0.998913	1.64223e-05	1.64223e-05	0.00105428 0.001087 213
rVSVOmicron	465	C	196196	0.00095076	0.000109783	0.998939	0 0.001061 208
rVSVOmicron	466	T	193980	0	0.998993	0.00100725	0 0.001007 195
rVSVOmicron	467	C	193531	1.65767e-05	5.52557e-05	0.999912	1.65767e-05 8.8e-05 17
rVSVOmicron	468	T	193477	1.68407e-05	0.999843	0.000140642	0 0.000157 30
rVSVOmicron	469	A	194633	0.999843	5.60741e-06	1.68222e-05	0.000135033 0.000157 31
rVSVOmicron	470	G	195650	5.02924e-05	1.71241e-05	1.71241e-05	0.999915 8.5e-05 17
rVSVOmicron	471	C	196327	3.40677e-05	0.000339196	0.999617	9.92407e-06 0.000383 75
rVSVOmicron	472	G	197117	0.000374529	4.38011e-05	1.64254e-05	0.999565 0.000435 86
rVSVOmicron	473	C	197848	1.09342e-05	8.46662e-05	0.999899	5.4671e-06 0.000101 20
rVSVOmicron	474	C	198430	1.62453e-05	7.08352e-05	0.999907	5.41509e-06 9.3e-05 18
rVSVOmicron	475	A	197987	0.998956	0.000951334	5.4785e-06	8.7656e-05 0.001044 207
rVSVOmicron	476	A	197482	0.999936	0	1.53317e-05	4.90908e-05 6.4e-05 13
rVSVOmicron	477	C	197258	5.43312e-06	6.24075e-05	0.999922	9.83836e-06 7.8e-05 15
rVSVOmicron	478	A	197791	0.999918	5.47509e-06	1.09502e-05	6.57011e-05 8.2e-05 16
rVSVOmicron	479	A	198130	0.999913	5.53176e-06	2.10805e-05	6.02514e-05 8.7e-05 17
rVSVOmicron	480	C	196509	2.72875e-05	8.76149e-05	0.999883	2.2125e-06 0.000117 23
rVSVOmicron	481	T	197924	3.32191e-05	0.999579	0.000321118	6.64383e-05 0.000421 83
rVSVOmicron	482	G	201246	0.000422027	6.06436e-05	1.61814e-05	0.999501 0.000499 100
rVSVOmicron	483	C	204271	0.000308407	0.000107204	0.999567	1.7039e-05 0.000433 88
rVSVOmicron	484	A	207005	0.999842	1.54488e-05	1.03928e-05	0.000132438 0.000158 33
rVSVOmicron	485	C	210249	0	7.94582e-05	0.999921	0 7.9e-05 17
rVSVOmicron	486	C	197354	3.83167e-05	0.000106665	0.99985	5.47381e-06 0.00015 30
rVSVOmicron	487	T	197096	0.000122212	0.999591	0.000248035	3.89813e-05 0.000409 81
rVSVOmicron	488	T	197441	1.09748e-05	0.999916	6.24379e-05	1.09748e-05 8.4e-05 17
rVSVOmicron	489	C	197846	4.09076e-05	0.000107474	0.999824	2.71251e-05 0.000176 35
rVSVOmicron	490	G	198180	7.20874e-05	3.81033e-05	2.17733e-05	0.999868 0.000132 26
rVSVOmicron	491	A	197664	0.99994	1.63221e-05	0	4.35255e-05 6e-05 12
rVSVOmicron	492	G	198579	4.9028e-05	5.44755e-06	1.08951e-05	0.999935 6.5e-05 13
rVSVOmicron	493	T	198997	5.45403e-06	0.999864	0.000114535	1.63621e-05 0.000136 27
rVSVOmicron	494	A	199137	0.999752	3.2221e-05	3.2221e-05	0.000183892 0.000248 49
rVSVOmicron	495	C	197800	1.63085e-05	0.000289293	0.999694	0 0.000306 61
rVSVOmicron	496	G	197178	0.000191406	1.64189e-05	5.47298e-06	0.999787 0.000213 42
rVSVOmicron	497	T	197420	3.43234e-05	0.999904	5.63141e-05	5.49768e-06 9.6e-05 19
rVSVOmicron	498	G	198923	0.00014421	5.40058e-06	1.62017e-05	0.999834 0.000166 33
rVSVOmicron	499	T	199084	0.000259677	0.9996	0.000118867	2.15065e-05 0.0004 80
rVSVOmicron	500	C	199948	2.70712e-05	8.79449e-05	0.999869	1.62427e-05 0.000131 26
rVSVOmicron	501	C	200463	5.08587e-05	0.00129867	0.998638	1.22711e-05 0.001362 273
rVSVOmicron	502	C	201076	0.000107824	7.77843e-05	0.999793	2.14777e-05 0.000207 42
rVSVOmicron	503	A	200289	0.999734	5.37095e-06	3.22257e-05	0.000228193 0.000266 53
rVSVOmicron	504	G	201401	9.10666e-05	9.70406e-05	2.28759e-05	0.999789 0.000211 42
rVSVOmicron	505	C	202212	4.31597e-05	0.000146976	0.99981	0 0.00019 38
rVSVOmicron	506	C	198006	6.19473e-05	6.56701e-05	0.999872	0 0.000128 25
rVSVOmicron	507	T	197836	3.38183e-05	0.999752	0.000176099	3.79314e-05 0.000248 49
rVSVOmicron	508	T	198588	1.78354e-05	0.999794	0.000170481	1.78354e-05 0.000206 41
rVSVOmicron	509	T	198438	4.50182e-05	0.999783	0.000171955	0 0.000217 43
rVSVOmicron	510	C	200039	1.08523e-05	0.000395962	0.999588	5.42615e-06 0.000412 82
rVSVOmicron	511	C	196152	4.57199e-05	0.000686248	0.999229	3.88244e-05 0.000771 151
rVSVOmicron	512	T	196572	2.76548e-05	0.999681	0.000285367	5.53095e-06 0.000319 63
rVSVOmicron	513	C	198865	1.0787e-05	8.62956e-05	0.999871	3.23609e-05 0.000129 26
rVSVOmicron	514	A	199022	0.99958	2.83868e-05	5.29375e-05	0.000338647 0.00042 84
rVSVOmicron	515	T	200954	1.63421e-05	0.999795	0.000146049	4.24012e-05 0.000205 41
rVSVOmicron	516	G	204123	0.000285727	0.000305493	1.29348e-05	0.999396 0.000604 123
rVSVOmicron	517	G	206958	6.91986e-05	0.000330459	2.49962e-05	0.999575 0.000425 88
rVSVOmicron	518	A	211381	0.999913	1.41569e-05	0	7.2434e-05 8.7e-05 18
rVSVOmicron	519	C	214944	1.01476e-05	0.000190199	0.99974	5.92401e-05 0.00026 56
rVSVOmicron	520	C	176858	3.05829e-05	0.000184985	0.999589	0.00019573 0.000411 73
rVSVOmicron	521	T	177432	6.86963e-05	0.99946	0.000447352	2.444e-05 0.00054 96
rVSVOmicron	522	G	176619	0.000123568	9.65115e-05	1.83124e-05	0.999762 0.000238 42
rVSVOmicron	523	G	177252	2.58115e-05	1.82489e-05	2.43319e-05	0.999932 6.8e-05 12
rVSVOmicron	524	A	176609	0.997785	6.15695e-05	5.80844e-06	0.00214746 0.002215 391
rVSVOmicron	525	G	176023	0.000286107	2.46185e-05	0	0.999689 0.000311 55
rVSVOmicron	526	G	175976	0.000114582	4.33872e-05	6.19817e-06	0.999836 0.000164 29
rVSVOmicron	527	G	174996	0.000220541	1.85174e-05	6.17247e-06	0.999755 0.000245 43
rVSVOmicron	528	C	175448	2.27083e-05	0.000204869	0.99976	1.21769e-05 0.00024 42
rVSVOmicron	529	A	175145	0.999796	2.40565e-05	0	0.000180256 0.000204 36
rVSVOmicron	530	A	174598	0.999519	0.000101562	6.72233e-05	0.000312316 0.000481 84
rVSVOmicron	531	G	173825	0.000138806	1.86531e-05	1.24354e-05	0.99983 0.00017 30
rVSVOmicron	532	C	174603	1.22835e-05	0.000216455	0.999754	1.70973e-05 0.000246 43
rVSVOmicron	533	A	173595	0.999718	5.66508e-05	1.25891e-05	0.000212823 0.000282 49
rVSVOmicron	534	G	172784	9.88956e-05	3.29652e-05	3.7723e-05	0.99983 0.00017 29
rVSVOmicron	535	G	173387	8.39329e-05	2.53512e-05	1.42172e-05	0.999876 0.000124 21
rVSVOmicron	536	G	173453	0.000196941	1.4043e-05	1.25203e-05	0.999776 0.000224 39
