rVSVOmicron	6	C	11796	0	0.000106395	0.999894	0 0.000106 1
rVSVOmicron	7	G	12862	9.65977e-05	0	0	0.999903 9.7e-05 1
rVSVOmicron	8	T	13734	0	0.999925	7.47525e-05	0 7.5e-05 1
rVSVOmicron	9	G	14822	5.59223e-05	0	4.47378e-05	0.999899 0.000101 1
rVSVOmicron	11	T	16325	0	0.999926	7.41278e-05	0 7.4e-05 1
rVSVOmicron	12	C	17490	0	0.000277051	0.999723	0 0.000277 5
rVSVOmicron	13	C	18442	0.000130494	0.000109333	0.99976	0 0.00024 4
rVSVOmicron	14	T	19221	0	0.999938	6.22936e-05	0 6.2e-05 1
rVSVOmicron	15	C	20557	0.000174808	0.000174808	0.999592	5.82693e-05 0.000408 8
rVSVOmicron	16	G	21908	0.000286364	5.46159e-05	0	0.999659 0.000341 7
rVSVOmicron	17	T	22891	0	0.999896	0.00010381	0 0.000104 2
rVSVOmicron	18	G	24346	4.88812e-05	0.000117579	0	0.999834 0.000166 4
rVSVOmicron	19	C	25226	4.69546e-05	0.000159899	0.999793	0 0.000207 5
rVSVOmicron	20	T	26268	0	0.999892	0.000107812	0 0.000108 3
rVSVOmicron	21	C	28094	0.000136895	9.35449e-05	0.999739	3.08014e-05 0.000261 7
rVSVOmicron	22	C	28821	4.10512e-05	0.000426045	0.999491	4.21607e-05 0.000509 15
rVSVOmicron	23	T	29832	0.000158095	0.999647	0.000194414	0 0.000353 11
rVSVOmicron	24	G	31382	0.000342415	3.77064e-05	0	0.99962 0.00038 12
rVSVOmicron	25	C	32498	0.000188086	0.00017036	0.999642	0 0.000358 12
rVSVOmicron	26	C	32796	3.60783e-05	0.000210619	0.999753	0 0.000247 8
rVSVOmicron	27	T	33776	3.49538e-05	0.999802	0.000163433	0 0.000198 7
rVSVOmicron	28	C	34728	4.11188e-05	0.000142545	0.999816	0 0.000184 6
rVSVOmicron	29	T	35670	8.84581e-05	0.99927	0.000641545	0 0.00073 26
rVSVOmicron	30	G	38369	9.81242e-05	0	3.07678e-05	0.999871 0.000129 5
rVSVOmicron	31	G	37821	0.000213992	0	0	0.999786 0.000214 8
rVSVOmicron	32	T	38777	0	0.999858	0.000141729	0 0.000142 6
rVSVOmicron	33	G	40140	0.000254484	3.97631e-05	2.94247e-05	0.999676 0.000324 13
rVSVOmicron	34	T	40779	0	0.999572	0.000254465	0.000173819 0.000428 17
rVSVOmicron	35	C	41461	0	7.81327e-05	0.999922	0 7.8e-05 3
rVSVOmicron	36	T	42393	2.79522e-05	0.999739	0.000233439	0 0.000261 11
rVSVOmicron	37	A	44035	0.999905	2.6738e-05	0	6.7929e-05 9.5e-05 4
rVSVOmicron	38	G	45216	0.000214797	5.36993e-05	0	0.999731 0.000269 12
rVSVOmicron	39	C	46413	0.000101941	0.000214903	0.999683	0 0.000317 15
rVSVOmicron	40	C	47592	0	0.000129362	0.999796	7.43997e-05 0.000204 10
rVSVOmicron	41	A	48910	0.999539	0	0	0.000460578 0.000461 23
rVSVOmicron	42	G	50082	0.000209268	0	0	0.999791 0.000209 10
rVSVOmicron	43	T	50995	5.22315e-05	0.999765	4.65678e-05	0.000136557 0.000235 12
rVSVOmicron	44	G	52276	2.08609e-05	0.000113508	5.09251e-05	0.999815 0.000185 10
rVSVOmicron	45	C	53193	7.19392e-05	0.0010277	0.9989	0 0.0011 59
rVSVOmicron	46	G	55463	0.00046862	0.000536226	4.27594e-05	0.998952 0.001048 58
rVSVOmicron	47	T	57695	2.56882e-05	0.999783	0.000190986	0 0.000217 13
rVSVOmicron	48	G	61158	7.73096e-05	0.000159321	1.93274e-05	0.999744 0.000256 16
rVSVOmicron	49	A	64279	0.99958	1.84056e-05	0	0.000401441 0.00042 27
rVSVOmicron	50	A	67380	0.999774	5.42077e-05	1.80692e-05	0.000153344 0.000226 15
rVSVOmicron	51	C	69898	0	8.80101e-05	0.999912	0 8.8e-05 6
rVSVOmicron	52	C	51845	0.000805269	0.000183353	0.999011	0 0.000989 51
rVSVOmicron	53	T	52855	2.24294e-05	0.999549	0.000406154	2.24294e-05 0.000451 24
rVSVOmicron	54	G	54442	0.000160886	4.37704e-05	4.85023e-05	0.999747 0.000253 14
rVSVOmicron	55	A	55281	0.999935	2.15783e-05	0	4.31566e-05 6.5e-05 4
rVSVOmicron	56	C	56394	0.000555225	0.000194986	0.999207	4.23138e-05 0.000793 45
rVSVOmicron	57	C	57503	4.5994e-05	0.000212021	0.999721	2.07534e-05 0.000279 16
rVSVOmicron	58	A	58709	0.999888	2.04467e-05	0	9.17337e-05 0.000112 7
rVSVOmicron	59	C	59856	8.06266e-06	0.000217692	0.999774	0 0.000226 14
rVSVOmicron	60	A	61070	0.999689	1.94767e-05	3.89534e-05	0.000252144 0.000311 19
rVSVOmicron	61	C	62262	4.2335e-05	0.000775969	0.999182	0 0.000818 51
rVSVOmicron	62	G	63668	0.000363845	7.88755e-05	0	0.999557 0.000443 28
rVSVOmicron	63	G	63316	0.000160312	0	0	0.99984 0.00016 10
rVSVOmicron	64	A	62326	0.9999	0	0	0.00010037 0.0001 6
rVSVOmicron	65	C	63367	6.0693e-05	0.000157598	0.999782	0 0.000218 14
rVSVOmicron	66	C	64595	7.50575e-05	0.000645596	0.999261	1.87644e-05 0.000739 48
rVSVOmicron	67	C	65842	0	9.15486e-05	0.999835	7.32389e-05 0.000165 11
rVSVOmicron	68	A	67125	0.998813	0.000688742	1.79209e-05	0.000480473 0.001187 80
rVSVOmicron	69	G	68219	0.000541194	0.000179606	8.79025e-05	0.999191 0.000809 55
rVSVOmicron	70	C	69021	3.88351e-05	0.00024424	0.999717	0 0.000283 20
rVSVOmicron	71	T	69941	0.000308868	0.999485	0.000175441	3.0933e-05 0.000515 36
rVSVOmicron	72	C	71030	1.68363e-05	0.000117854	0.99953	0.000334905 0.00047 33
rVSVOmicron	73	C	72172	0.000118694	0.000121412	0.999743	1.67621e-05 0.000257 19
rVSVOmicron	74	C	72690	0.00014543	0.000121266	0.999733	0 0.000267 19
rVSVOmicron	75	T	73500	2.02123e-05	0.999199	0.000753568	2.68033e-05 0.000801 59
rVSVOmicron	76	C	75325	9.53304e-05	9.87658e-05	0.999806	0 0.000194 15
rVSVOmicron	77	C	76639	6.69703e-05	0.000495666	0.999425	1.23703e-05 0.000575 44
rVSVOmicron	78	C	78150	5.01954e-05	0.000162299	0.999757	3.09538e-05 0.000243 19
rVSVOmicron	79	G	79694	0.00044251	0.00012351	4.53962e-05	0.999389 0.000611 49
rVSVOmicron	80	C	81447	5.90109e-05	0.00019338	0.999748	0 0.000252 21
rVSVOmicron	81	C	80246	0.000123482	0.000107692	0.999754	1.49798e-05 0.000246 20
rVSVOmicron	82	T	81170	3.12916e-05	0.999509	0.000427652	3.24951e-05 0.000491 40
rVSVOmicron	83	A	82921	0.999822	6.75187e-05	0	0.000110016 0.000178 15
rVSVOmicron	84	C	84022	3.2036e-05	0.000183724	0.999767	1.73689e-05 0.000233 20
rVSVOmicron	85	A	85187	0.999895	5.84383e-05	0	4.61355e-05 0.000105 9
rVSVOmicron	86	C	86324	0	6.24141e-05	0.999938	0 6.2e-05 5
rVSVOmicron	87	A	87491	0.999851	6.02763e-06	2.78778e-05	0.000114902 0.000149 13
rVSVOmicron	88	A	88265	0.999928	1.753e-05	2.13409e-05	3.31546e-05 7.2e-05 6
rVSVOmicron	89	A	85211	0.999808	2.25392e-05	2.97839e-05	0.000140065 0.000192 16
rVSVOmicron	90	C	85671	6.73314e-05	4.59078e-05	0.999887	0 0.000113 10
rVSVOmicron	91	T	86445	0	0.999922	7.79338e-05	0 7.8e-05 7
rVSVOmicron	92	C	87318	5.69384e-05	5.80548e-05	0.999871	1.37694e-05 0.000129 11
rVSVOmicron	93	T	88172	0.000293838	0.999557	0.000148788	0 0.000443 39
rVSVOmicron	94	T	89437	4.07371e-05	0.999735	0.000223867	0 0.000265 24
rVSVOmicron	95	T	90548	1.34153e-05	0.999871	0.000101884	1.34153e-05 0.000129 12
rVSVOmicron	96	C	91786	9.20279e-05	0.000173751	0.999734	0 0.000266 24
rVSVOmicron	97	A	92855	0.999864	1.5864e-05	0	0.000120567 0.000136 13
rVSVOmicron	98	C	93981	1.2861e-05	0.000176578	0.999798	1.2861e-05 0.000202 19
rVSVOmicron	99	C	95138	0.00023358	0.000226986	0.999524	1.56183e-05 0.000476 45
rVSVOmicron	100	C	96363	0.000107268	0.000227216	0.999612	5.34627e-05 0.000388 37
rVSVOmicron	101	G	97584	0.000376895	3.73196e-05	0.000488517	0.999097 0.000903 88
rVSVOmicron	102	G	98259	0.000633175	6.76239e-05	2.48964e-05	0.999274 0.000726 71
rVSVOmicron	103	G	99362	0.00017245	6.78437e-05	0	0.99976 0.00024 24
rVSVOmicron	104	G	100409	0.000121258	0.000111346	2.44498e-05	0.999743 0.000257 26
rVSVOmicron	105	C	101529	6.21923e-05	0.000329974	0.999531	7.66931e-05 0.000469 48
rVSVOmicron	106	G	102438	0.000561773	3.79619e-05	0	0.9994 0.0006 61
rVSVOmicron	107	T	103377	2.58741e-05	0.999488	0.000479149	7.34695e-06 0.000512 53
rVSVOmicron	108	G	104909	0.000243828	1.15514e-05	1.15514e-05	0.999733 0.000267 28
rVSVOmicron	109	T	105824	2.28639e-05	0.999778	0.000184765	1.39037e-05 0.000222 23
rVSVOmicron	110	A	107296	0.999844	2.5295e-05	1.14136e-05	0.00011938 0.000156 17
rVSVOmicron	111	C	107929	3.63116e-05	0.000259023	0.999693	1.11961e-05 0.000307 33
rVSVOmicron	112	T	108884	1.11403e-05	0.9997	0.000289046	0 0.0003 33
rVSVOmicron	113	A	110712	0.999882	0	0	0.000118152 0.000118 13
rVSVOmicron	114	C	110896	2.45664e-05	9.85614e-05	0.999864	1.33191e-05 0.000136 15
rVSVOmicron	115	C	112574	4.5829e-05	0.000208581	0.999724	2.17394e-05 0.000276 31
rVSVOmicron	116	C	113398	2.22222e-05	0.00015614	0.999811	1.08187e-05 0.000189 21
rVSVOmicron	117	C	114562	0.000144456	0.00027878	0.999521	5.61614e-05 0.000479 55
rVSVOmicron	118	G	115895	0.000521878	8.87761e-05	3.65882e-05	0.999353 0.000647 75
rVSVOmicron	119	A	117498	0.99993	0	0	6.97684e-05 7e-05 8
rVSVOmicron	120	C	119544	1.2615e-05	5.046e-05	0.999937	0 6.3e-05 8
rVSVOmicron	121	A	121999	0.999707	3.04496e-05	4.30684e-05	0.000219182 0.000293 36
rVSVOmicron	122	A	125244	0.99968	0.000187297	4.94999e-05	8.29458e-05 0.00032 40
rVSVOmicron	123	G	126059	0.000177083	0.000179182	2.15123e-05	0.999622 0.000378 48
rVSVOmicron	124	G	114960	0.000282003	4.5178e-05	0	0.999673 0.000327 38
rVSVOmicron	125	T	115881	1.27827e-05	0.99985	1.30668e-05	0.000124419 0.00015 17
rVSVOmicron	126	G	117341	3.37548e-05	4.83819e-05	0	0.999918 8.2e-05 10
rVSVOmicron	127	T	118217	0	0.999944	1.3102e-05	4.27238e-05 5.6e-05 7
rVSVOmicron	128	T	119347	2.87297e-05	0.999872	8.89516e-05	1.02211e-05 0.000128 15
rVSVOmicron	129	C	121055	4.26458e-05	0.000779107	0.999158	2.02294e-05 0.000842 102
rVSVOmicron	130	C	122327	3.41977e-05	0.00014819	0.999767	5.10252e-05 0.000233 29
rVSVOmicron	131	G	124309	0.000532167	0.000184325	3.20101e-05	0.999251 0.000749 93
rVSVOmicron	132	G	124066	0.000115808	3.95834e-05	0	0.999845 0.000155 19
rVSVOmicron	133	T	119084	0	0.999562	0.00041898	1.86523e-05 0.000438 52
rVSVOmicron	134	C	119570	3.88065e-05	0.000119447	0.999823	1.844e-05 0.000177 21
rVSVOmicron	135	T	120408	1.17776e-05	0.999909	7.94305e-05	0 9.1e-05 11
rVSVOmicron	136	A	122548	0.999831	0	1.01127e-05	0.00015907 0.000169 21
rVSVOmicron	137	G	120321	0.000431399	8.98632e-05	2.29557e-05	0.999456 0.000544 65
rVSVOmicron	138	C	121008	8.06282e-05	0.000285215	0.999315	0.000319496 0.000685 83
rVSVOmicron	139	G	121861	0.000137566	0	2.26099e-05	0.99984 0.00016 19
rVSVOmicron	140	T	122588	1.00174e-05	0.999861	6.01044e-05	6.90388e-05 0.000139 17
rVSVOmicron	141	G	124079	0.000158655	7.62509e-05	5.80577e-05	0.999707 0.000293 36
rVSVOmicron	142	C	124109	5.26193e-05	0.00012634	0.999821	0 0.000179 22
rVSVOmicron	143	T	124913	2.91813e-05	0.999818	0.000152539	0 0.000182 23
rVSVOmicron	144	C	126559	2.51693e-05	0.000223116	0.999721	3.11995e-05 0.000279 35
rVSVOmicron	145	C	127567	0.000235527	0.000230322	0.999458	7.65139e-05 0.000542 69
rVSVOmicron	146	A	127749	0.999795	9.57534e-06	0.000146218	4.96883e-05 0.000205 26
rVSVOmicron	147	C	127683	0.00021187	0.000237419	0.999538	1.23871e-05 0.000462 59
rVSVOmicron	148	T	128188	9.52779e-06	0.999931	5.99993e-05	0 6.9e-05 9
rVSVOmicron	149	C	128545	3.31103e-05	0.000127093	0.999821	1.88474e-05 0.000179 23
rVSVOmicron	150	T	128685	2.09573e-05	0.999844	0.000119354	1.55902e-05 0.000156 20
rVSVOmicron	151	A	129934	0.999847	1.89229e-05	0	0.00013425 0.000153 20
rVSVOmicron	152	C	130966	2.83257e-05	9.62572e-05	0.999866	9.27478e-06 0.000134 18
rVSVOmicron	153	A	131185	0.999874	2.19413e-05	2.47155e-05	7.91904e-05 0.000126 17
rVSVOmicron	154	C	127586	3.06907e-05	0.000175193	0.999772	2.22508e-05 0.000228 29
rVSVOmicron	155	A	128399	0.999462	4.63275e-05	7.21788e-05	0.000419507 0.000538 69
rVSVOmicron	156	G	129510	0.00017294	0.000197501	3.26636e-05	0.999597 0.000403 52
rVSVOmicron	157	G	130723	0.000104444	2.03365e-05	4.14262e-05	0.999834 0.000166 22
rVSVOmicron	158	A	131545	0.999894	9.18484e-06	2.03556e-05	7.62093e-05 0.000106 14
rVSVOmicron	159	C	132846	2.42617e-05	7.52609e-05	0.994877	0.00502392 0.005123 681
rVSVOmicron	160	C	119883	8.46469e-05	0.000139082	0.999756	2.01411e-05 0.000244 29
rVSVOmicron	161	T	120321	5.17524e-05	0.99937	0.000506742	7.11595e-05 0.00063 76
rVSVOmicron	162	G	121552	0.000277716	8.35297e-05	6.44602e-06	0.999632 0.000368 45
rVSVOmicron	163	T	121924	2.44479e-05	0.994805	0.000124513	0.00504649 0.005195 633
rVSVOmicron	164	T	122343	1.58583e-05	0.99474	0.000134661	0.00510907 0.00526 644
rVSVOmicron	165	C	124146	5.12748e-05	0.000171004	0.999778	0 0.000222 28
rVSVOmicron	166	C	120496	7.22712e-05	0.000189204	0.999718	2.00302e-05 0.000282 34
rVSVOmicron	167	T	120791	1.9784e-05	0.999682	0.000268955	2.9676e-05 0.000318 38
rVSVOmicron	168	C	122230	8.682e-05	3.94152e-05	0.999832	4.18121e-05 0.000168 21
rVSVOmicron	169	C	122958	3.22841e-05	0.000136938	0.999811	1.99085e-05 0.000189 23
rVSVOmicron	170	C	123323	0.000894808	7.36588e-05	0.999019	1.22321e-05 0.000981 121
rVSVOmicron	171	T	123667	4.40712e-05	0.999615	0.000289914	5.15049e-05 0.000385 48
rVSVOmicron	172	T	124507	0	0.999898	7.21844e-05	3.02357e-05 0.000102 13
rVSVOmicron	173	T	125157	0	0.99999	9.71265e-06	0 1e-05 1
rVSVOmicron	174	C	125114	3.0867e-05	9.83075e-05	0.999861	9.5973e-06 0.000139 17
rVSVOmicron	175	T	125261	1.93172e-05	0.999796	0.00018508	0 0.000204 26
rVSVOmicron	176	T	126908	0.000282143	0.999659	5.92501e-05	0 0.000341 43
rVSVOmicron	177	C	127821	3.24656e-05	0.000110586	0.999848	9.38459e-06 0.000152 19
rVSVOmicron	178	A	127610	0.999763	0	3.06593e-05	0.000206695 0.000237 30
rVSVOmicron	179	G	128486	0.000178203	3.02081e-05	9.39244e-06	0.999782 0.000218 28
rVSVOmicron	180	C	129549	4.65073e-05	8.59756e-05	0.99985	1.70946e-05 0.00015 19
rVSVOmicron	181	A	130036	0.999848	2.93564e-05	4.87615e-05	7.36398e-05 0.000152 20
rVSVOmicron	182	A	130502	0.999931	9.36815e-06	1.87363e-05	4.12705e-05 6.9e-05 9
rVSVOmicron	183	C	131507	5.15973e-05	0.000410803	0.999466	7.11005e-05 0.000534 70
rVSVOmicron	184	G	131294	0.000319284	9.63314e-05	0	0.999584 0.000416 55
rVSVOmicron	185	T	132018	1.11068e-05	0.99992	6.09642e-05	8.14502e-06 8e-05 11
rVSVOmicron	186	G	133354	7.84846e-05	3.82673e-05	6.92224e-05	0.999814 0.000186 25
rVSVOmicron	187	A	134092	0.999774	2.85611e-05	0	0.000197265 0.000226 30
rVSVOmicron	188	C	135315	5.31469e-05	0.000115192	0.999814	1.77958e-05 0.000186 25
rVSVOmicron	189	A	129950	0.999751	0	9.30937e-06	0.000239779 0.000249 32
rVSVOmicron	190	T	129829	3.55529e-05	0.999752	6.88524e-05	0.000143213 0.000248 32
rVSVOmicron	191	G	131321	0.000137685	6.44855e-05	2.06652e-05	0.999777 0.000223 29
rVSVOmicron	192	G	130485	0.000201083	1.85076e-05	9.25382e-06	0.999771 0.000229 30
rVSVOmicron	193	T	130775	0	0.999909	7.41724e-05	1.71364e-05 9.1e-05 12
rVSVOmicron	194	T	131496	2.96146e-05	0.999925	4.56558e-05	0 7.5e-05 10
rVSVOmicron	195	C	132465	9.92704e-05	0.000122918	0.999778	0 0.000222 29
rVSVOmicron	196	C	133290	2.71537e-05	0.000196925	0.999738	3.84066e-05 0.000262 35
rVSVOmicron	197	A	133503	0.999769	1.11947e-05	4.72123e-05	0.000172787 0.000231 31
rVSVOmicron	198	C	134379	4.86355e-05	0.000204946	0.997395	0.0023512 0.002605 350
rVSVOmicron	199	G	133259	0.000546284	1.12434e-05	9.04364e-06	0.999433 0.000567 76
rVSVOmicron	200	T	133690	3.62655e-05	0.998836	0.000152903	0.000975003 0.001164 156
rVSVOmicron	201	G	134645	0.000131075	3.42774e-05	3.78982e-05	0.999797 0.000203 27
rVSVOmicron	202	A	134735	0.999906	0	0	9.44407e-05 9.4e-05 13
rVSVOmicron	203	T	133722	0	0.998119	0.00188151	0 0.001881 252
rVSVOmicron	204	C	132367	5.85784e-05	0.000130825	0.999811	0 0.000189 25
rVSVOmicron	205	T	132866	2.74499e-05	0.999861	0.000111986	0 0.000139 18
rVSVOmicron	206	C	132919	2.01718e-05	0.00013221	0.999794	5.39535e-05 0.000206 27
rVSVOmicron	207	T	133368	4.73096e-05	0.999646	0.000295503	1.11602e-05 0.000354 47
rVSVOmicron	208	G	135056	0.000217733	1.78628e-05	9.34177e-05	0.999671 0.000329 44
rVSVOmicron	209	G	135639	0.000418262	5.56238e-05	8.90944e-06	0.999517 0.000483 66
rVSVOmicron	210	C	136512	3.02649e-05	0.000351979	0.999609	8.81735e-06 0.000391 53
rVSVOmicron	211	A	136600	0.999634	0.000268314	2.84683e-05	6.90356e-05 0.000366 50
rVSVOmicron	212	C	137448	8.72566e-06	0.000212482	0.999768	1.08481e-05 0.000232 32
rVSVOmicron	213	A	137508	0.999926	1.95748e-05	0	5.44792e-05 7.4e-05 10
rVSVOmicron	214	A	137428	0.999882	1.98279e-05	5.70948e-05	4.10891e-05 0.000118 16
rVSVOmicron	215	A	136259	0.999631	9.13567e-06	9.13567e-06	0.000350612 0.000369 50
rVSVOmicron	216	C	136232	2.63947e-05	0.000394732	0.999568	1.09384e-05 0.000432 59
rVSVOmicron	217	G	137360	0.000230743	7.66762e-05	1.97644e-05	0.999673 0.000327 45
rVSVOmicron	218	G	137628	0.000706594	0.00010301	4.39099e-05	0.999146 0.000854 118
rVSVOmicron	219	C	137987	3.69205e-05	0.000293248	0.999659	1.08175e-05 0.000341 47
rVSVOmicron	220	A	138057	0.999899	2.81246e-05	8.67175e-06	6.44522e-05 0.000101 14
rVSVOmicron	221	C	138916	3.4499e-05	7.34269e-05	0.999892	0 0.000108 15
rVSVOmicron	222	A	139157	0.999894	0	3.6477e-05	6.99142e-05 0.000106 15
rVSVOmicron	223	A	139614	0.999926	8.72544e-06	1.08478e-05	5.40034e-05 7.4e-05 10
rVSVOmicron	224	A	139703	0.999672	1.08399e-05	4.40665e-05	0.000273118 0.000328 46
rVSVOmicron	225	G	140483	6.25554e-05	3.8747e-05	8.63637e-06	0.99989 0.00011 15
rVSVOmicron	226	C	141430	6.06981e-05	0.000459374	0.999461	1.9313e-05 0.000539 76
rVSVOmicron	227	G	142104	0.00011492	3.60129e-05	8.48712e-06	0.999841 0.000159 23
rVSVOmicron	228	G	142542	0.000109568	1.50971e-05	1.6927e-05	0.999858 0.000142 20
rVSVOmicron	229	T	142486	2.53593e-05	0.9998	0.000174545	0 0.0002 28
rVSVOmicron	230	T	141140	7.15579e-05	0.999806	0.000122638	0 0.000194 27
rVSVOmicron	231	C	142003	4.20771e-05	0.000197421	0.999752	8.41543e-06 0.000248 35
rVSVOmicron	232	G	141950	0.000341684	0.000116639	3.77362e-05	0.999504 0.000496 70
rVSVOmicron	233	A	141952	0.999833	0	0	0.000167195 0.000167 24
rVSVOmicron	234	C	142946	3.34022e-05	6.88356e-05	0.999884	1.39928e-05 0.000116 17
rVSVOmicron	235	A	143094	0.999865	2.94167e-05	8.43736e-06	9.66875e-05 0.000135 19
rVSVOmicron	236	A	142679	0.999845	1.69991e-05	5.46728e-05	8.29281e-05 0.000155 22
rVSVOmicron	237	C	142675	5.51249e-05	0.000105238	0.999823	1.68564e-05 0.000177 25
rVSVOmicron	238	C	144543	6.23392e-05	8.24414e-05	0.999855	0 0.000145 21
rVSVOmicron	239	C	144722	0.00019941	0.000396332	0.999394	1.04e-05 0.000606 88
rVSVOmicron	240	C	145384	0.000164859	0.000146891	0.999613	7.54667e-05 0.000387 56
rVSVOmicron	241	G	145551	0.000308618	2.1123e-05	8.22684e-06	0.999662 0.000338 49
rVSVOmicron	242	T	145589	1.03443e-05	0.99987	0.000108165	1.14686e-05 0.00013 19
rVSVOmicron	243	G	146549	0.000423722	5.23602e-05	1.1e-05	0.999513 0.000487 71
rVSVOmicron	244	C	146263	5.0536e-05	9.57757e-05	0.999846	8.16521e-06 0.000154 23
rVSVOmicron	245	T	146470	1.5729e-05	0.999779	0.000205787	0 0.000221 32
rVSVOmicron	246	C	147876	2.4243e-05	0.000126238	0.999815	3.42897e-05 0.000185 27
rVSVOmicron	247	C	148216	7.64957e-05	0.000268394	0.999647	8.13317e-06 0.000353 52
rVSVOmicron	248	C	147835	0.000133896	0.000121603	0.999719	2.59011e-05 0.000281 42
rVSVOmicron	249	T	147757	8.09592e-06	0.999734	0.000233469	2.42878e-05 0.000266 39
rVSVOmicron	250	T	148513	7.73121e-06	0.999833	0.000159705	0 0.000167 25
rVSVOmicron	251	T	148845	1.0083e-05	0.999835	0.00013897	1.62204e-05 0.000165 25
rVSVOmicron	252	C	149761	1.59182e-05	0.000663831	0.999302	1.78542e-05 0.000698 105
rVSVOmicron	253	A	149637	0.999643	2.7631e-05	2.78485e-05	0.00030133 0.000357 53
rVSVOmicron	254	A	149794	0.99985	1.62032e-05	4.88286e-05	8.45195e-05 0.00015 22
rVSVOmicron	255	C	150779	4.25151e-05	0.000440243	0.999517	0 0.000483 73
rVSVOmicron	256	G	151332	0.000258875	7.46057e-05	2.56524e-05	0.999641 0.000359 54
rVSVOmicron	257	A	151030	0.999935	1.57911e-05	0	4.92939e-05 6.5e-05 10
rVSVOmicron	258	C	151690	3.92598e-05	0.000349961	0.999603	7.80974e-06 0.000397 60
rVSVOmicron	259	G	151690	0.000143399	7.37239e-05	0	0.999783 0.000217 33
rVSVOmicron	260	G	151655	0.000158349	4.90329e-05	1.57075e-05	0.999777 0.000223 34
rVSVOmicron	261	C	152007	9.15947e-05	0.000653193	0.999208	4.68526e-05 0.000792 120
rVSVOmicron	262	G	152200	0.000713304	4.88737e-05	2.50688e-05	0.999213 0.000787 120
rVSVOmicron	263	T	152344	7.94025e-06	0.999872	0.000112451	7.29644e-06 0.000128 20
rVSVOmicron	264	G	153156	0.000145708	0.000113258	7.74596e-06	0.999733 0.000267 41
rVSVOmicron	265	T	153009	7.7302e-06	0.99984	0.000105716	4.63812e-05 0.00016 24
rVSVOmicron	266	A	153388	0.999798	0	2.35093e-05	0.000178967 0.000202 31
rVSVOmicron	267	C	153234	2.78637e-05	0.000139109	0.999811	2.17882e-05 0.000189 29
rVSVOmicron	268	T	153293	6.38548e-05	0.999706	0.000196079	3.37549e-05 0.000294 45
rVSVOmicron	269	T	147938	3.21128e-05	0.999906	6.20557e-05	0 9.4e-05 14
rVSVOmicron	270	C	148133	6.7232e-05	0.000202126	0.999723	7.94756e-06 0.000277 41
rVSVOmicron	271	G	147983	0.000342334	6.80334e-05	8.01668e-06	0.999582 0.000418 62
rVSVOmicron	272	C	148534	4.96737e-05	0.000233531	0.999699	1.78481e-05 0.000301 45
rVSVOmicron	273	C	149284	6.71385e-05	0.000219376	0.999654	5.92273e-05 0.000346 52
rVSVOmicron	274	A	148913	0.999822	1.97908e-05	3.18373e-05	0.000126704 0.000178 27
rVSVOmicron	275	G	149622	0.000380211	4.90937e-05	0	0.999571 0.000429 64
rVSVOmicron	276	C	150573	6.63491e-05	0.000167887	0.999758	7.84319e-06 0.000242 36
rVSVOmicron	277	A	150686	0.999796	9.39912e-05	0	0.000109656 0.000204 31
rVSVOmicron	278	T	151219	0	0.999916	6.18862e-05	2.26001e-05 8.4e-05 13
rVSVOmicron	279	A	150810	0.999869	7.89498e-06	7.89498e-06	0.000115651 0.000131 20
rVSVOmicron	280	G	151157	8.22375e-05	0.000125913	1.76832e-05	0.999774 0.000226 34
rVSVOmicron	281	A	151272	0.99989	7.77171e-06	0	0.000101872 0.00011 17
rVSVOmicron	282	G	152239	0.00013404	4.1664e-05	1.55714e-05	0.999809 0.000191 29
rVSVOmicron	283	A	153236	0.999736	0	0	0.000264391 0.000264 40
rVSVOmicron	284	A	151561	0.999722	0.000102152	7.43906e-05	0.000101718 0.000278 42
rVSVOmicron	285	G	152473	8.10442e-05	0.000148476	9.63316e-06	0.999761 0.000239 36
rVSVOmicron	286	T	153127	7.76332e-06	0.99995	3.29416e-05	9.65169e-06 5e-05 8
rVSVOmicron	287	C	152743	5.41467e-05	4.64114e-05	0.999876	2.32057e-05 0.000124 19
rVSVOmicron	288	T	153151	0	0.999621	0.0003231	5.54776e-05 0.000379 58
rVSVOmicron	289	A	154479	0.999855	0	0.000114554	3.06581e-05 0.000145 22
rVSVOmicron	290	A	155008	0.999467	9.22687e-05	0.000255402	0.000185577 0.000533 83
rVSVOmicron	291	C	155664	4.24862e-05	5.4801e-05	0.999895	7.59414e-06 0.000105 16
rVSVOmicron	292	A	151361	0.999942	7.79832e-06	2.3395e-05	2.6978e-05 5.8e-05 9
rVSVOmicron	293	T	151817	1.58915e-05	0.999925	3.54337e-05	2.38372e-05 7.5e-05 11
rVSVOmicron	294	T	152345	2.35798e-05	0.999812	0.000156987	7.85995e-06 0.000188 29
rVSVOmicron	295	A	152728	0.999929	7.93973e-06	0	6.26595e-05 7.1e-05 11
rVSVOmicron	296	T	153091	4.08371e-05	0.999911	4.08371e-05	7.78853e-06 8.9e-05 14
rVSVOmicron	297	C	153176	5.42662e-05	0.000162175	0.999764	1.91283e-05 0.000236 36
rVSVOmicron	298	C	153711	6.16318e-05	0.000783724	0.999107	4.78896e-05 0.000893 137
rVSVOmicron	299	G	154400	0.000139944	8.33444e-05	0.000113821	0.999663 0.000337 52
rVSVOmicron	300	G	154983	0.000132129	3.84338e-05	0	0.999829 0.000171 27
rVSVOmicron	301	G	155024	0.00011781	4.79123e-05	0	0.999834 0.000166 26
rVSVOmicron	302	G	154823	0.000137327	7.99181e-05	8.05376e-06	0.999775 0.000225 35
rVSVOmicron	303	C	154824	7.72095e-05	0.000134079	0.999714	7.45113e-05 0.000286 44
rVSVOmicron	304	T	154942	1.5264e-05	0.999503	0.000435436	4.59982e-05 0.000497 77
rVSVOmicron	305	G	157390	0.000152054	6.95565e-05	5.41894e-05	0.999724 0.000276 43
rVSVOmicron	306	G	158081	0.000104604	6.58843e-05	2.1083e-05	0.999808 0.000192 30
rVSVOmicron	307	A	157119	0.99994	0	0	6.01099e-05 6e-05 9
rVSVOmicron	308	T	157507	2.26757e-05	0.999955	7.55858e-06	1.51172e-05 4.5e-05 7
rVSVOmicron	309	T	156984	9.4253e-06	0.999844	6.06498e-05	8.60571e-05 0.000156 24
rVSVOmicron	310	T	156770	7.57529e-06	0.999919	7.35008e-05	0 8.1e-05 13
rVSVOmicron	311	T	156330	0	0.999928	6.40983e-05	7.55299e-06 7.2e-05 11
rVSVOmicron	312	C	157002	5.81918e-05	0.000295188	0.999632	1.49003e-05 0.000368 58
rVSVOmicron	313	G	156591	0.000238124	7.47576e-05	6.55911e-05	0.999622 0.000378 59
rVSVOmicron	314	G	156884	0.000226083	6.83128e-05	0	0.999706 0.000294 46
rVSVOmicron	315	C	157340	9.68985e-05	0.000301977	0.999601	0 0.000399 63
rVSVOmicron	316	A	157040	0.999902	1.4835e-05	1.4835e-05	6.85616e-05 9.8e-05 15
rVSVOmicron	317	C	157460	3.72934e-05	0.000498047	0.999442	2.22557e-05 0.000558 88
rVSVOmicron	318	C	157886	7.3184e-05	0.000318471	0.99956	4.82532e-05 0.00044 69
rVSVOmicron	319	A	157884	0.999262	1.30657e-05	0.000633883	9.08658e-05 0.000738 117
rVSVOmicron	320	C	158665	0.00087971	0.000157744	0.998898	6.4369e-05 0.001102 175
rVSVOmicron	321	A	157861	0.998931	7.46313e-06	0.000949835	0.000111745 0.001069 169
rVSVOmicron	322	C	156506	1.48142e-05	8.32798e-05	0.999894	7.4071e-06 0.000106 17
rVSVOmicron	323	T	156759	0.00239483	0.997551	4.62877e-05	7.4788e-06 0.002449 384
rVSVOmicron	324	C	158451	0.000106095	0.00278847	0.997083	2.20535e-05 0.002917 462
rVSVOmicron	325	G	158391	0.000185246	5.36134e-05	3.70093e-05	0.999724 0.000276 44
rVSVOmicron	326	A	156399	0.999904	1.00356e-05	7.42632e-06	7.88795e-05 9.6e-05 15
rVSVOmicron	327	C	156767	0.000296973	6.33489e-05	0.999632	7.46468e-06 0.000368 58
rVSVOmicron	328	T	156691	7.4508e-06	0.999904	8.82014e-05	0 9.6e-05 15
rVSVOmicron	329	C	157008	8.07862e-05	9.19842e-06	0.999895	1.47975e-05 0.000105 16
rVSVOmicron	330	T	157062	2.98372e-05	0.999735	0.000216521	1.85474e-05 0.000265 42
rVSVOmicron	331	A	157839	0.999849	0	2.24481e-05	0.000129026 0.000151 24
rVSVOmicron	332	A	157217	0.999827	3.72319e-05	1.49737e-05	0.000120599 0.000173 27
rVSVOmicron	333	G	157892	0.0002598	0.000145771	2.24419e-05	0.999572 0.000428 68
rVSVOmicron	334	A	158088	0.999935	2.13241e-05	7.37376e-06	3.66695e-05 6.5e-05 10
rVSVOmicron	335	C	158870	5.26303e-05	8.52769e-05	0.999862	0 0.000138 22
rVSVOmicron	336	A	158735	0.999856	1.48268e-05	3.86698e-05	9.03631e-05 0.000144 23
rVSVOmicron	337	C	158842	2.54925e-05	0.000210659	0.999764	0 0.000236 37
rVSVOmicron	338	A	158487	0.999438	3.86841e-05	4.94519e-05	0.000474379 0.000562 89
rVSVOmicron	339	G	159415	0.000136608	3.73301e-05	0	0.999826 0.000174 28
rVSVOmicron	340	T	159648	9.53155e-05	0.99983	6.0241e-05	1.46639e-05 0.00017 27
rVSVOmicron	341	C	160681	0.000145135	9.82664e-05	0.998064	0.00169219 0.001936 311
rVSVOmicron	342	C	161571	0.000109772	0.000245502	0.999637	7.33137e-06 0.000363 59
rVSVOmicron	343	C	160575	5.07743e-05	9.82031e-05	0.999836	1.45632e-05 0.000164 26
rVSVOmicron	344	T	160544	2.16973e-05	0.999778	0.000200163	0 0.000222 36
rVSVOmicron	345	C	162831	8.04901e-05	2.87742e-05	0.999848	4.31613e-05 0.000152 25
rVSVOmicron	346	C	161099	9.21353e-05	0.00021642	0.999668	2.35239e-05 0.000332 53
rVSVOmicron	347	T	161204	2.34025e-05	0.999866	8.18105e-05	2.91057e-05 0.000134 22
rVSVOmicron	348	G	162531	7.41529e-05	4.96299e-05	2.88048e-05	0.999847 0.000153 25
rVSVOmicron	349	A	157293	0.999913	1.4793e-05	7.39651e-06	6.45695e-05 8.7e-05 14
rVSVOmicron	350	T	157599	0.000137169	0.999806	4.18099e-05	1.5241e-05 0.000194 31
rVSVOmicron	351	T	157699	1.48441e-05	0.999791	4.75412e-05	0.000146635 0.000209 33
rVSVOmicron	352	G	154663	0.00113998	9.21483e-06	7.57664e-06	0.998843 0.001157 179
rVSVOmicron	353	T	154949	7.69225e-05	0.99982	0.000102699	0 0.00018 28
rVSVOmicron	354	G	156174	9.48197e-05	2.42609e-05	1.49609e-05	0.999866 0.000134 21
rVSVOmicron	355	A	156390	0.999778	1.60871e-05	6.02756e-05	0.000145802 0.000222 35
rVSVOmicron	356	A	156480	0.999896	0	3.18013e-05	7.25151e-05 0.000104 16
rVSVOmicron	357	C	157232	2.22868e-05	9.65763e-05	0.999864	1.70665e-05 0.000136 21
rVSVOmicron	358	A	154951	0.999925	0	4.2511e-05	3.20876e-05 7.5e-05 12
rVSVOmicron	359	A	155293	0.999851	0	2.47495e-05	0.00012416 0.000149 23
rVSVOmicron	360	C	155950	3.75121e-05	0.000562478	0.999349	5.13003e-05 0.000651 102
rVSVOmicron	361	G	155991	0.000510067	7.49378e-05	5.4723e-05	0.99936 0.00064 100
rVSVOmicron	362	C	156064	3.00907e-05	8.64092e-05	0.999861	2.25681e-05 0.000139 22
rVSVOmicron	363	C	156456	5.56134e-05	0.000388689	0.999526	2.98217e-05 0.000474 74
rVSVOmicron	364	A	156320	0.999872	2.25083e-05	1.50056e-05	9.08445e-05 0.000128 20
rVSVOmicron	365	C	157132	2.96102e-05	9.10313e-05	0.999879	0 0.000121 19
rVSVOmicron	366	A	157570	0.9997	7.46101e-06	0.000129257	0.000162932 0.0003 47
rVSVOmicron	367	A	157891	0.999847	7.66448e-06	4.59869e-05	9.90168e-05 0.000153 24
rVSVOmicron	368	A	156976	0.99995	7.76263e-06	2.51761e-05	1.74135e-05 5e-05 8
rVSVOmicron	369	C	157793	2.2449e-05	0.000166042	0.999691	0.000120335 0.000309 49
rVSVOmicron	370	G	156774	8.23016e-05	4.14541e-05	1.67839e-05	0.999859 0.000141 22
rVSVOmicron	371	T	156192	1.55426e-05	0.999938	3.88566e-05	7.77131e-06 6.2e-05 10
rVSVOmicron	372	G	156773	5.75014e-05	9.96151e-05	4.49483e-05	0.999798 0.000202 32
rVSVOmicron	373	G	154691	0.000725417	3.96202e-05	1.69509e-05	0.999218 0.000782 121
rVSVOmicron	374	T	154835	0.00623658	0.993676	8.74151e-05	0 0.006324 979
rVSVOmicron	375	G	156050	4.83437e-05	9.16306e-05	0.00603306	0.993827 0.006173 963
rVSVOmicron	376	A	155906	0.999929	7.51857e-06	7.11216e-06	5.58813e-05 7.1e-05 11
rVSVOmicron	377	T	156387	1.37578e-05	0.999879	5.33635e-05	5.39888e-05 0.000121 19
rVSVOmicron	378	T	158579	9.87308e-05	0.999802	9.35449e-05	5.78423e-06 0.000198 31
rVSVOmicron	379	A	159963	0.999821	7.02929e-05	5.79117e-06	0.000103243 0.000179 29
rVSVOmicron	380	A	160584	0.999556	8.04729e-05	5.29896e-05	0.000310819 0.000444 71
rVSVOmicron	381	G	159429	0.000135101	0.000143921	1.48331e-05	0.999706 0.000294 47
rVSVOmicron	382	G	157881	4.6875e-05	5.43831e-05	0	0.999899 0.000101 16
rVSVOmicron	383	T	157553	0	0.999922	7.058e-05	7.44006e-06 7.8e-05 12
rVSVOmicron	384	G	158464	0.000142123	2.40208e-05	1.48128e-05	0.999819 0.000181 29
rVSVOmicron	385	T	158611	2.25082e-05	0.999904	6.63295e-05	7.36994e-06 9.6e-05 15
rVSVOmicron	386	G	158014	0.000260145	5.00201e-05	1.66734e-05	0.999673 0.000327 52
rVSVOmicron	387	C	157845	0.000108513	0.000889965	0.998994	7.4906e-06 0.001006 159
rVSVOmicron	388	G	158210	0.000134937	6.87754e-05	3.31811e-05	0.999763 0.000237 37
rVSVOmicron	389	A	157747	0.999878	2.21693e-05	0	9.98617e-05 0.000122 19
rVSVOmicron	390	G	158878	0.000323655	2.21764e-05	1.47842e-05	0.999639 0.000361 57
rVSVOmicron	391	T	159230	7.48229e-06	0.999851	0.00013367	7.48229e-06 0.000149 24
rVSVOmicron	392	T	159782	7.32524e-06	0.999821	8.41413e-05	8.7309e-05 0.000179 29
rVSVOmicron	393	C	160113	7.85879e-05	0.000173615	0.999719	2.927e-05 0.000281 45
rVSVOmicron	394	C	160705	4.59924e-05	0.000163263	0.999776	1.47335e-05 0.000224 36
rVSVOmicron	395	A	160419	0.999481	3.10417e-05	3.32166e-05	0.000455146 0.000519 83
rVSVOmicron	396	G	161378	0.000141965	5.47691e-05	8.89751e-06	0.999794 0.000206 33
rVSVOmicron	397	T	161312	7.46157e-06	0.999767	0.000202672	2.23847e-05 0.000233 38
rVSVOmicron	398	T	161867	1.46503e-05	0.999764	0.000212231	9.10694e-06 0.000236 38
rVSVOmicron	399	C	160954	0.000116993	0.00012433	0.999729	2.93475e-05 0.000271 44
rVSVOmicron	400	T	161057	2.36502e-05	0.999648	0.000328344	0 0.000352 57
rVSVOmicron	401	G	162965	0.000335588	5.79883e-05	9.01169e-06	0.999597 0.000403 66
rVSVOmicron	402	C	163519	5.95773e-05	0.000152557	0.999772	1.60175e-05 0.000228 37
rVSVOmicron	403	A	163459	0.999786	1.44237e-05	5.84745e-06	0.000194135 0.000214 35
rVSVOmicron	404	A	164151	0.999909	7.28646e-06	0	8.40897e-05 9.1e-05 15
rVSVOmicron	405	C	164084	2.52718e-05	0.000358277	0.999602	1.43855e-05 0.000398 65
rVSVOmicron	406	G	165325	0.000146653	2.9021e-05	7.15852e-06	0.999817 0.000183 30
rVSVOmicron	407	A	165341	0.999954	2.13841e-05	0	2.46591e-05 4.6e-05 8
rVSVOmicron	408	C	166289	2.92082e-05	0.000174862	0.999774	2.14709e-05 0.000226 38
rVSVOmicron	409	C	166932	5.20873e-05	0.000145378	0.999781	2.15735e-05 0.000219 37
rVSVOmicron	410	C	166648	0.000361736	0.000113319	0.999525	0 0.000475 79
rVSVOmicron	411	T	166547	2.89294e-05	0.999748	0.00019371	2.89294e-05 0.000252 42
rVSVOmicron	412	T	167740	2.53309e-05	0.999844	7.71896e-05	5.32548e-05 0.000156 26
rVSVOmicron	413	T	168187	1.40837e-05	0.999923	5.6335e-05	7.04187e-06 7.7e-05 13
rVSVOmicron	414	C	169790	4.11958e-05	0.00021661	0.999691	5.10676e-05 0.000309 52
rVSVOmicron	415	C	169207	6.73052e-05	0.000355296	0.999532	4.56917e-05 0.000468 79
rVSVOmicron	416	T	169199	7.05869e-06	0.999686	0.000280249	2.6327e-05 0.000314 53
rVSVOmicron	417	G	170822	0.000219559	4.34563e-05	2.1064e-05	0.999716 0.000284 49
rVSVOmicron	418	G	171341	7.62024e-05	5.21187e-05	7.39446e-05	0.999798 0.000202 35
rVSVOmicron	419	A	171435	0.999918	0	0	8.16218e-05 8.2e-05 14
rVSVOmicron	420	T	171818	4.96629e-05	0.999858	8.54276e-05	6.85645e-06 0.000142 24
rVSVOmicron	421	C	172867	1.53302e-05	8.16381e-05	0.999872	3.06605e-05 0.000128 22
rVSVOmicron	422	A	172440	0.999713	0.000205346	4.08484e-05	4.08484e-05 0.000287 49
rVSVOmicron	423	C	172711	4.78761e-05	0.000122186	0.99983	0 0.00017 29
rVSVOmicron	424	A	172625	0.999728	6.86866e-06	0	0.000264722 0.000272 47
rVSVOmicron	425	A	172035	0.999856	6.87772e-06	2.75109e-05	0.000109486 0.000144 25
rVSVOmicron	426	G	172081	0.000255885	7.85143e-05	1.82503e-05	0.999647 0.000353 61
rVSVOmicron	427	A	172685	0.999904	1.38098e-05	2.23943e-05	5.97181e-05 9.6e-05 17
rVSVOmicron	428	A	173113	0.999942	0	0	5.81557e-05 5.8e-05 10
rVSVOmicron	429	C	172290	2.7441e-05	8.64021e-05	0.999879	6.86025e-06 0.000121 21
rVSVOmicron	430	A	172185	0.999803	0	1.37287e-05	0.000183111 0.000197 34
rVSVOmicron	431	A	172155	0.999846	1.38839e-05	2.77678e-05	0.000112385 0.000154 27
rVSVOmicron	432	C	173120	3.58628e-05	2.25529e-05	0.999942	0 5.8e-05 10
rVSVOmicron	433	A	172996	0.998609	1.40267e-05	0.00116384	0.000213055 0.001391 241
rVSVOmicron	434	A	171452	0.999892	7.18841e-06	6.353e-05	3.74963e-05 0.000108 19
rVSVOmicron	435	G	171988	2.14081e-05	4.10805e-05	7.13604e-06	0.99993 7e-05 12
rVSVOmicron	436	T	172314	0	0.999939	6.12736e-05	0 6.1e-05 11
rVSVOmicron	437	C	171338	5.03119e-05	5.59862e-05	0.999864	2.95062e-05 0.000136 23
rVSVOmicron	438	T	171247	1.40736e-05	0.999869	9.60425e-05	2.11103e-05 0.000131 22
rVSVOmicron	439	T	172930	4.13776e-05	0.999749	0.000168492	4.13776e-05 0.000251 43
rVSVOmicron	440	G	173524	0.000157604	6.44154e-05	1.54077e-05	0.999763 0.000237 41
rVSVOmicron	441	G	173960	7.93019e-05	9.60844e-05	1.69669e-05	0.999808 0.000192 33
rVSVOmicron	442	A	173215	0.99975	3.73676e-05	5.09892e-05	0.000161435 0.00025 43
rVSVOmicron	443	T	173241	2.03071e-05	0.99993	4.26448e-05	6.83056e-06 7e-05 12
rVSVOmicron	444	G	174223	0.000127056	0.000131673	4.24752e-05	0.999699 0.000301 52
rVSVOmicron	445	G	173885	4.88128e-05	7.62585e-05	5.93122e-05	0.999816 0.000184 32
rVSVOmicron	446	A	172099	0.999855	0	2.189e-05	0.000123246 0.000145 25
rVSVOmicron	447	G	172967	0.000178843	3.63934e-05	6.80079e-06	0.999778 0.000222 38
rVSVOmicron	448	T	173080	6.83765e-06	0.997572	0.00242164	0 0.002428 420
rVSVOmicron	449	C	170613	9.99138e-05	0.000292444	0.999601	6.92287e-06 0.000399 68
rVSVOmicron	450	T	170481	3.43195e-05	0.999604	0.000355067	6.86389e-06 0.000396 68
rVSVOmicron	451	G	172450	6.12345e-05	7.83876e-05	3.57816e-05	0.999825 0.000175 30
rVSVOmicron	452	A	171862	0.999741	1.37127e-05	2.39046e-05	0.000221627 0.000259 45
rVSVOmicron	453	G	171965	0.000162793	2.38369e-05	1.36739e-05	0.9998 0.0002 34
rVSVOmicron	454	T	172344	8.97874e-05	0.999751	0.000152321	6.90672e-06 0.000249 43
rVSVOmicron	455	T	172525	6.88439e-06	0.999838	0.000105499	4.96793e-05 0.000162 28
rVSVOmicron	456	C	173432	9.16439e-05	0.000115152	0.999785	8.26448e-06 0.000215 37
rVSVOmicron	457	A	172517	0.999468	5.60091e-05	0	0.000476078 0.000532 92
rVSVOmicron	458	G	173325	0.000120914	8.37379e-05	2.04284e-05	0.999775 0.000225 39
rVSVOmicron	459	A	173702	0.999861	1.3631e-05	1.60256e-05	0.000109048 0.000139 24
rVSVOmicron	460	G	174244	0.0010354	3.02213e-05	1.35538e-05	0.998921 0.001079 188
rVSVOmicron	461	T	174468	2.02259e-05	0.998975	2.02259e-05	0.000984872 0.001025 179
rVSVOmicron	462	G	174764	0.00028485	5.04498e-05	1.34776e-05	0.999651 0.000349 61
rVSVOmicron	463	T	170803	1.8228e-05	0.999922	5.394e-05	5.766e-06 7.8e-05 13
rVSVOmicron	464	A	170657	0.999593	2.23819e-05	6.9011e-06	0.000378068 0.000407 69
rVSVOmicron	465	C	170656	0.000367772	0.000100267	0.999503	2.93694e-05 0.000497 85
rVSVOmicron	466	T	165695	7.10219e-06	0.999513	0.000473159	7.10219e-06 0.000487 81
rVSVOmicron	467	C	165777	0.000109619	3.88355e-05	0.99983	2.12352e-05 0.00017 28
rVSVOmicron	468	T	165681	0	0.99971	0.000245504	4.40748e-05 0.00029 48
rVSVOmicron	469	A	166535	0.999818	0	1.43179e-05	0.000167752 0.000182 30
rVSVOmicron	470	G	167240	6.64662e-05	0.000749785	7.19079e-06	0.999177 0.000823 138
rVSVOmicron	471	C	166742	4.49492e-05	0.000205345	0.999743	7.10735e-06 0.000257 43
rVSVOmicron	472	G	166900	0.000464209	7.56091e-05	1.59278e-05	0.999444 0.000556 93
rVSVOmicron	473	C	167324	7.98666e-05	7.4491e-05	0.999846	0 0.000154 26
rVSVOmicron	474	C	167861	6.32302e-05	7.67117e-05	0.999825	3.51279e-05 0.000175 29
rVSVOmicron	475	A	167666	0.999889	1.41029e-05	7.05145e-06	8.93819e-05 0.000111 19
rVSVOmicron	476	A	167565	0.999895	7.04001e-06	4.5665e-05	5.25147e-05 0.000105 18
rVSVOmicron	477	C	168391	2.70006e-05	0.000113478	0.999854	5.28682e-06 0.000146 25
rVSVOmicron	478	A	168428	0.999931	7.0461e-06	2.3614e-05	3.86584e-05 6.9e-05 12
rVSVOmicron	479	A	168772	0.999649	2.49934e-06	2.84541e-05	0.000320493 0.000351 59
rVSVOmicron	480	C	167431	4.70066e-05	0.000137039	0.999802	1.40262e-05 0.000198 33
rVSVOmicron	481	T	168510	2.54849e-05	0.9995	0.000379207	9.50413e-05 0.0005 84
rVSVOmicron	482	G	171064	0.000907079	8.62813e-05	2.082e-05	0.998986 0.001014 173
rVSVOmicron	483	C	174316	6.39457e-05	0.000328109	0.999554	5.39257e-05 0.000446 78
rVSVOmicron	484	A	176688	0.999861	8.98152e-06	6.64632e-06	0.000123586 0.000139 25
rVSVOmicron	485	C	179334	3.42857e-05	0.000112095	0.999854	0 0.000146 26
rVSVOmicron	486	C	166191	9.87789e-05	0.000120261	0.999781	0 0.000219 36
rVSVOmicron	487	T	166501	5.18007e-05	0.99969	0.000228271	3.03459e-05 0.00031 52
rVSVOmicron	488	T	167343	7.04847e-06	0.99966	0.000333373	0 0.00034 57
rVSVOmicron	489	C	168077	6.3619e-05	0.000150338	0.999758	2.80227e-05 0.000242 41
rVSVOmicron	490	G	168893	0.000265615	4.80709e-05	7.14466e-05	0.999615 0.000385 65
rVSVOmicron	491	A	168691	0.999936	0	0	6.40877e-05 6.4e-05 11
rVSVOmicron	492	G	169568	8.69641e-05	5.59595e-05	8.69641e-06	0.999848 0.000152 26
rVSVOmicron	493	T	169829	1.39596e-05	0.999899	6.58365e-05	2.09394e-05 0.000101 17
rVSVOmicron	494	A	169898	0.999882	6.91537e-06	6.91537e-06	0.000104104 0.000118 20
rVSVOmicron	495	C	169260	2.24358e-05	0.000362743	0.999594	2.09275e-05 0.000406 69
rVSVOmicron	496	G	167002	0.000307052	3.43288e-05	7.05648e-06	0.999652 0.000348 58
rVSVOmicron	497	T	167352	7.07837e-06	0.999838	9.83319e-05	5.66269e-05 0.000162 27
rVSVOmicron	498	G	168598	0.00014505	2.94249e-05	2.09369e-05	0.999805 0.000195 33
rVSVOmicron	499	T	168747	8.63166e-05	0.999728	0.000164564	2.10162e-05 0.000272 46
rVSVOmicron	500	C	170033	7.02182e-05	0.000152485	0.99977	6.96535e-06 0.00023 39
rVSVOmicron	501	C	171028	7.17196e-05	0.000135113	0.999771	2.25188e-05 0.000229 39
rVSVOmicron	502	C	171592	0.000100069	0.000100069	0.999793	6.90778e-06 0.000207 36
rVSVOmicron	503	A	171144	0.999673	2.58493e-05	1.50633e-05	0.000285831 0.000327 56
rVSVOmicron	504	G	172269	0.000188834	6.07099e-05	2.06712e-05	0.99973 0.00027 47
rVSVOmicron	505	C	174101	7.04377e-05	0.000153262	0.999756	2.05212e-05 0.000244 42
rVSVOmicron	506	C	168760	0.000199684	0.000196267	0.999604	0 0.000396 67
rVSVOmicron	507	T	168652	8.68741e-05	0.999707	0.000151119	5.50395e-05 0.000293 49
rVSVOmicron	508	T	169385	1.50571e-05	0.99983	8.50522e-05	6.93847e-05 0.00017 29
rVSVOmicron	509	T	169289	4.06914e-05	0.999862	8.36434e-05	1.39406e-05 0.000138 23
rVSVOmicron	510	C	170994	4.32985e-05	0.000116213	0.99982	2.08058e-05 0.00018 31
rVSVOmicron	511	C	166675	0.000710949	0.000150906	0.999117	2.13112e-05 0.000883 147
rVSVOmicron	512	T	166984	2.71127e-05	0.999719	0.000246879	7.06459e-06 0.000281 47
rVSVOmicron	513	C	169038	0.000103495	6.24736e-05	0.999777	5.7393e-05 0.000223 38
rVSVOmicron	514	A	169705	0.999707	7.26085e-06	2.17826e-05	0.000264334 0.000293 50
rVSVOmicron	515	T	172223	0	0.999811	0.000182149	6.92653e-06 0.000189 33
rVSVOmicron	516	G	175201	0.000103857	0.00231363	4.09525e-05	0.997542 0.002458 431
rVSVOmicron	517	G	177589	7.16447e-05	1.32543e-05	1.98814e-05	0.999895 0.000105 19
rVSVOmicron	518	A	179591	0.999865	0	7.8956e-06	0.00012668 0.000135 24
rVSVOmicron	519	C	181696	6.02133e-05	0.000152998	0.999774	1.30286e-05 0.000226 41
rVSVOmicron	520	C	142033	3.18315e-05	0.000308452	0.999651	8.29412e-06 0.000349 50
rVSVOmicron	521	T	142335	4.31783e-05	0.999334	0.000612998	9.84376e-06 0.000666 95
rVSVOmicron	522	G	140917	0.000425618	8.3278e-05	5.19925e-05	0.999439 0.000561 79
rVSVOmicron	523	G	141909	0.000100598	7.62846e-05	8.1861e-05	0.999741 0.000259 37
