rVSVOmicron	9	G	10534	0.000271618	0	0	0.999728 0.000272 3
rVSVOmicron	10	T	11038	0	0.99978	0.000110042	0.000110042 0.00022 2
rVSVOmicron	12	C	12255	0	9.55241e-05	0.999904	0 9.6e-05 1
rVSVOmicron	13	C	12960	8.94738e-05	8.94738e-05	0.999821	0 0.000179 2
rVSVOmicron	14	T	13496	8.56618e-05	0.999866	4.86189e-05	0 0.000134 2
rVSVOmicron	15	C	14385	8.02591e-05	0	0.99992	0 8e-05 1
rVSVOmicron	16	G	15350	0.00022578	9.35665e-05	0	0.999681 0.000319 5
rVSVOmicron	17	T	16038	5.4179e-05	0.999731	0.000214781	0 0.000269 4
rVSVOmicron	18	G	16930	0.00019249	6.78298e-05	5.13307e-05	0.999688 0.000312 5
rVSVOmicron	19	C	17588	0	0.000275546	0.999649	7.54681e-05 0.000351 6
rVSVOmicron	20	T	18357	7.1782e-05	0.999805	0.000123532	0 0.000195 4
rVSVOmicron	21	C	19381	5.90254e-05	0.000191434	0.99975	0 0.00025 5
rVSVOmicron	22	C	20039	0	5.67869e-05	0.999943	0 5.7e-05 1
rVSVOmicron	23	T	20813	0.000185866	0.999192	0.000622505	0 0.000808 17
rVSVOmicron	24	G	21777	0.000276349	4.39324e-05	0	0.99968 0.00032 7
rVSVOmicron	25	C	22591	5.06763e-05	0.000172573	0.999777	0 0.000223 5
rVSVOmicron	26	C	23149	3.3365e-05	0.000420399	0.999497	4.93802e-05 0.000503 12
rVSVOmicron	27	T	23761	0	0.999808	0.000191511	0 0.000192 5
rVSVOmicron	28	C	24493	0	4.62475e-05	0.999954	0 4.6e-05 1
rVSVOmicron	29	T	25249	0.00329195	0.996618	8.98908e-05	0 0.003382 85
rVSVOmicron	30	G	26549	0.000122093	0	4.30232e-05	0.999835 0.000165 4
rVSVOmicron	31	G	26612	0.000214552	8.5821e-05	0	0.9997 0.0003 8
rVSVOmicron	32	T	27289	0	0.999912	8.79694e-05	0 8.8e-05 2
rVSVOmicron	33	G	28179	4.48028e-05	0	4.04318e-05	0.999915 8.5e-05 2
rVSVOmicron	34	T	28704	0	0.999956	4.38919e-05	0 4.4e-05 1
rVSVOmicron	35	C	29352	3.43035e-05	0.000158004	0.999808	0 0.000192 6
rVSVOmicron	36	T	30101	3.77156e-05	0.999813	0.000148824	0 0.000187 6
rVSVOmicron	37	A	31403	0.999667	0	0	0.000333087 0.000333 10
rVSVOmicron	38	G	32199	0.000140733	0.000110009	5.1536e-05	0.999698 0.000302 10
rVSVOmicron	39	C	32964	0	0.000103748	0.999896	0 0.000104 3
rVSVOmicron	40	C	33790	0	0.000100105	0.9999	0 0.0001 3
rVSVOmicron	41	A	34728	0.999966	0	0	3.36004e-05 3.4e-05 1
rVSVOmicron	42	G	35446	0.000231906	0	0	0.999768 0.000232 8
rVSVOmicron	43	T	36062	0	0.999904	6.37204e-05	3.18602e-05 9.6e-05 3
rVSVOmicron	44	G	36874	6.87742e-05	0.000186194	0	0.999745 0.000255 9
rVSVOmicron	45	C	37699	0	0.000692956	0.999307	0 0.000693 26
rVSVOmicron	46	G	39427	0.000505069	0.00011041	2.8973e-05	0.999356 0.000644 25
rVSVOmicron	47	T	41075	2.79448e-05	0.999893	7.85474e-05	0 0.000107 4
rVSVOmicron	48	G	43508	0.000345695	9.98833e-05	0	0.999554 0.000446 19
rVSVOmicron	49	A	46004	0.999785	2.47912e-05	0	0.000190289 0.000215 10
rVSVOmicron	50	A	48435	0.999296	0	0	0.000704359 0.000704 34
rVSVOmicron	51	C	50442	5.05404e-05	4.50602e-05	0.999904	0 9.6e-05 5
rVSVOmicron	52	C	38118	3.013e-05	0.000115634	0.9998	5.45597e-05 0.0002 8
rVSVOmicron	53	T	38894	2.93793e-05	0.999458	0.000424015	8.81379e-05 0.000542 21
rVSVOmicron	54	G	39927	8.17946e-05	0	5.76457e-05	0.999861 0.000139 6
rVSVOmicron	55	A	40597	0.999647	0	0.000239662	0.000113322 0.000353 14
rVSVOmicron	56	C	41353	0.000117979	8.34117e-05	0.999799	0 0.000201 8
rVSVOmicron	57	C	42212	2.7257e-05	0.000109028	0.999864	0 0.000136 6
rVSVOmicron	59	C	43709	0.000111212	0.000162214	0.9997	2.62093e-05 0.0003 13
rVSVOmicron	60	A	44523	0.999794	0	2.57219e-05	0.000180053 0.000206 9
rVSVOmicron	61	C	45289	0	0.000969029	0.999006	2.52671e-05 0.000994 45
rVSVOmicron	62	G	46311	0.000305899	3.03874e-05	2.49852e-05	0.999639 0.000361 17
rVSVOmicron	63	G	46768	7.40759e-05	0.000153491	2.4692e-05	0.999748 0.000252 12
rVSVOmicron	64	A	47331	0.999736	4.84617e-05	3.01248e-05	0.000185333 0.000264 12
rVSVOmicron	65	C	48057	4.39995e-05	9.89989e-05	0.999833	2.39409e-05 0.000167 8
rVSVOmicron	66	C	48960	8.91439e-05	0.000260972	0.99965	0 0.00035 17
rVSVOmicron	67	C	49916	0	0.000168835	0.999831	0 0.000169 8
rVSVOmicron	68	A	50938	0.999791	2.2704e-05	2.2704e-05	0.000163223 0.000209 11
rVSVOmicron	69	G	51691	0.000483555	8.93459e-05	0.000249323	0.999178 0.000822 42
rVSVOmicron	70	C	52276	0.00014085	0.000150953	0.999708	0 0.000292 15
rVSVOmicron	71	T	53071	4.33284e-05	0.999909	4.80125e-05	0 9.1e-05 5
rVSVOmicron	72	C	54301	2.12311e-05	0.000153782	0.999783	4.24623e-05 0.000217 12
rVSVOmicron	73	C	55207	9.87041e-05	0.000109544	0.999792	0 0.000208 11
rVSVOmicron	74	C	55548	8.51398e-05	0.000125172	0.999769	2.08621e-05 0.000231 13
rVSVOmicron	75	T	56185	7.07032e-05	0.99944	0.000468961	2.04377e-05 0.00056 31
rVSVOmicron	76	C	57264	8.53344e-05	7.93556e-05	0.999835	0 0.000165 9
rVSVOmicron	77	C	58088	8.52176e-05	0.000604122	0.99927	4.01662e-05 0.00073 42
rVSVOmicron	78	C	59068	0.00071957	0.00018616	0.999055	3.94724e-05 0.000945 56
rVSVOmicron	79	G	60020	0.000473955	0.000129213	1.93558e-05	0.999377 0.000623 37
rVSVOmicron	80	C	61001	9.95506e-05	9.80111e-05	0.999802	0 0.000198 12
rVSVOmicron	81	C	61319	9.89692e-05	0.000918781	0.998982	0 0.001018 62
rVSVOmicron	82	T	62016	3.74726e-05	0.999621	0.000341811	0 0.000379 24
rVSVOmicron	83	A	63190	0.999907	3.70654e-05	0	5.5598e-05 9.3e-05 6
rVSVOmicron	84	C	63820	3.62406e-05	0.000264459	0.999699	0 0.000301 19
rVSVOmicron	85	A	64680	0.999931	1.50633e-05	0	5.39364e-05 6.9e-05 4
rVSVOmicron	86	C	65502	3.53622e-05	9.27064e-05	0.999872	0 0.000128 8
rVSVOmicron	87	A	66430	0.999487	0	1.71683e-05	0.000495973 0.000513 34
rVSVOmicron	88	A	67186	0.999899	0	1.77552e-05	8.34974e-05 0.000101 7
rVSVOmicron	89	A	65603	0.999783	0	5.64351e-05	0.000160584 0.000217 14
rVSVOmicron	90	C	66115	7.19758e-05	5.32621e-05	0.999804	7.10161e-05 0.000196 13
rVSVOmicron	91	T	66669	0	0.999815	0.000184943	0 0.000185 12
rVSVOmicron	92	C	67385	4.61121e-05	1.72338e-05	0.999901	3.53992e-05 9.9e-05 7
rVSVOmicron	93	T	68010	1.73313e-05	0.999737	0.000245917	0 0.000263 18
rVSVOmicron	94	T	69179	3.46753e-05	0.999888	7.77851e-05	0 0.000112 8
rVSVOmicron	95	T	70146	3.35238e-05	0.999831	0.000135001	0 0.000169 12
rVSVOmicron	96	C	71376	1.63748e-05	0.000168616	0.999795	2.03579e-05 0.000205 15
rVSVOmicron	97	A	72333	0.999833	0	0	0.000167305 0.000167 12
rVSVOmicron	98	C	73156	3.2005e-05	0.000114613	0.999814	3.979e-05 0.000186 14
rVSVOmicron	99	C	73903	3.21411e-05	8.03528e-05	0.999848	3.99592e-05 0.000152 11
rVSVOmicron	100	C	74923	0.000162614	0.000178876	0.999643	1.58335e-05 0.000357 27
rVSVOmicron	101	G	76002	0.000298252	5.03379e-05	0.00066488	0.998987 0.001013 77
rVSVOmicron	102	G	76671	0.000218959	0.000124399	1.55499e-05	0.999641 0.000359 28
rVSVOmicron	103	G	77370	0.000125736	3.09119e-05	4.63678e-05	0.999797 0.000203 16
rVSVOmicron	104	G	77919	8.45348e-05	6.13291e-05	0	0.999854 0.000146 11
rVSVOmicron	105	C	78766	1.49152e-05	0.000431734	0.998905	0.000648609 0.001095 86
rVSVOmicron	106	G	79575	0.00120418	1.47776e-05	1.47776e-05	0.998766 0.001234 98
rVSVOmicron	107	T	80277	0	0.999916	6.96499e-05	1.401e-05 8.4e-05 7
rVSVOmicron	108	G	81372	0.000184208	0	2.89413e-05	0.999787 0.000213 17
rVSVOmicron	109	T	82032	4.6446e-05	0.999717	0.000236101	0 0.000283 23
rVSVOmicron	110	A	83026	0.999911	0	0	8.91304e-05 8.9e-05 7
rVSVOmicron	111	C	83505	2.35329e-05	0.000189402	0.999787	0 0.000213 18
rVSVOmicron	112	T	84484	0	0.999787	0.000213107	0 0.000213 18
rVSVOmicron	113	A	85727	0.999956	0	0	4.42149e-05 4.4e-05 4
rVSVOmicron	114	C	86143	1.36873e-05	0.000119117	0.999867	0 0.000133 11
rVSVOmicron	115	C	87050	1.36756e-05	0.000131951	0.999854	0 0.000146 13
rVSVOmicron	116	C	87804	5.51037e-05	0.000117554	0.999797	3.01233e-05 0.000203 18
rVSVOmicron	117	C	88541	3.56709e-05	0.000234409	0.99973	0 0.00027 24
rVSVOmicron	118	G	89668	0.000542854	0	4.41114e-05	0.999413 0.000587 53
rVSVOmicron	119	A	90753	0.999938	1.68262e-05	2.87448e-05	1.61251e-05 6.2e-05 6
rVSVOmicron	120	C	92542	2.77903e-05	5.66098e-05	0.999899	1.64683e-05 0.000101 9
rVSVOmicron	121	A	94783	0.999787	1.26468e-05	2.90534e-05	0.000171586 0.000213 20
rVSVOmicron	122	A	97589	0.99975	2.76232e-05	2.76232e-05	0.000194361 0.00025 24
rVSVOmicron	123	G	98950	0.000126122	6.3711e-05	1.20271e-05	0.999798 0.000202 20
rVSVOmicron	124	G	91992	3.89234e-05	0	0	0.999961 3.9e-05 4
rVSVOmicron	125	T	92636	0	0.999949	5.11683e-05	0 5.1e-05 5
rVSVOmicron	126	G	93875	0.000126556	5.02803e-05	0	0.999823 0.000177 17
rVSVOmicron	127	T	94506	1.28174e-05	0.999939	2.52884e-05	2.32099e-05 6.1e-05 6
rVSVOmicron	128	T	95411	0	0.999917	8.33156e-05	0 8.3e-05 8
rVSVOmicron	129	C	96679	3.70041e-05	0.000123014	0.99984	0 0.00016 15
rVSVOmicron	130	C	97593	6.72503e-05	0.000275296	0.999603	5.46616e-05 0.000397 39
rVSVOmicron	131	G	98940	0.000224037	5.48663e-05	3.62509e-05	0.999685 0.000315 31
rVSVOmicron	132	G	99292	0.000133856	4.82011e-05	0	0.999818 0.000182 18
rVSVOmicron	133	T	97160	0	0.999896	0.000104359	0 0.000104 10
rVSVOmicron	134	C	97766	2.72683e-05	3.94241e-05	0.999933	0 6.7e-05 7
rVSVOmicron	135	T	98528	0	0.999948	3.98173e-05	1.20757e-05 5.2e-05 5
rVSVOmicron	136	A	100409	0.999854	1.20745e-05	0	0.000133799 0.000146 15
rVSVOmicron	137	G	99313	0.000122709	5.42046e-05	0	0.999823 0.000177 18
rVSVOmicron	138	C	99930	4.31819e-05	0.000261689	0.999683	1.2013e-05 0.000317 32
rVSVOmicron	139	G	100274	8.63141e-05	4.55816e-05	1.19611e-05	0.999856 0.000144 14
rVSVOmicron	140	T	100953	3.7884e-05	0.999806	0.000146078	9.63152e-06 0.000194 20
rVSVOmicron	141	G	102110	9.6863e-05	5.8753e-05	3.30287e-05	0.999811 0.000189 19
rVSVOmicron	142	C	102631	3.51509e-05	0.00023149	0.999722	1.1717e-05 0.000278 29
rVSVOmicron	143	T	103255	1.16243e-05	0.999853	0.000135407	0 0.000147 15
rVSVOmicron	144	C	104708	3.44735e-05	7.42267e-05	0.99984	5.1555e-05 0.00016 17
rVSVOmicron	145	C	105527	5.83146e-05	0.000137302	0.999804	0 0.000196 21
rVSVOmicron	146	A	105077	0.999928	0	2.34173e-05	4.83753e-05 7.2e-05 8
rVSVOmicron	147	C	105320	9.8575e-05	0.000104085	0.999772	2.54091e-05 0.000228 24
rVSVOmicron	148	T	105513	2.48066e-05	0.99987	9.34077e-05	1.13314e-05 0.00013 14
rVSVOmicron	149	C	105786	4.47324e-05	1.11831e-05	0.999933	1.11831e-05 6.7e-05 7
rVSVOmicron	150	T	105880	1.12477e-05	0.999763	0.000225561	0 0.000237 25
rVSVOmicron	151	A	106767	0.999977	0	0	2.2549e-05 2.3e-05 2
rVSVOmicron	152	C	107591	2.20601e-05	7.15464e-05	0.999895	1.10301e-05 0.000105 11
rVSVOmicron	153	A	107232	0.999902	0	1.08705e-05	8.75682e-05 9.8e-05 11
rVSVOmicron	154	C	104651	2.52538e-05	0.000167953	0.999807	0 0.000193 20
rVSVOmicron	155	A	105683	0.999422	7.62745e-05	2.24873e-05	0.000478919 0.000578 61
rVSVOmicron	156	G	107011	0.000374763	0.00017435	3.59485e-05	0.999415 0.000585 63
rVSVOmicron	157	G	108900	7.0631e-05	0	2.44266e-05	0.999905 9.5e-05 10
rVSVOmicron	158	A	109604	0.999914	1.07452e-05	1.07452e-05	6.44715e-05 8.6e-05 9
rVSVOmicron	159	C	110741	4.55408e-05	0.000176362	0.993711	0.00606708 0.006289 696
rVSVOmicron	160	C	100076	6.47412e-05	0.00018944	0.999734	1.18001e-05 0.000266 27
rVSVOmicron	161	T	100024	7.29134e-05	0.999162	0.000712332	5.23074e-05 0.000838 84
rVSVOmicron	162	G	101075	8.16047e-05	6.64224e-05	3.57416e-05	0.999816 0.000184 19
rVSVOmicron	163	T	101349	0	0.992813	8.21837e-05	0.00710512 0.007187 728
rVSVOmicron	164	T	101882	1.18359e-05	0.992957	9.75658e-05	0.00693389 0.007043 718
rVSVOmicron	165	C	103522	0.000281086	0.000251482	0.999456	1.15301e-05 0.000544 56
rVSVOmicron	166	C	101764	3.49173e-05	0.000185282	0.99978	0 0.00022 22
rVSVOmicron	167	T	101740	3.19963e-05	0.999245	0.00069988	2.36089e-05 0.000755 77
rVSVOmicron	168	C	102724	0.000358388	4.6003e-05	0.999535	6.03012e-05 0.000465 48
rVSVOmicron	169	C	103196	8.22711e-05	0.000136803	0.999769	1.16629e-05 0.000231 24
rVSVOmicron	170	C	102735	0.000123923	9.80146e-05	0.999778	0 0.000222 23
rVSVOmicron	171	T	103010	1.15441e-05	0.999807	0.000121057	5.99044e-05 0.000193 20
rVSVOmicron	172	T	103584	0	0.999867	9.51482e-05	3.82521e-05 0.000133 14
rVSVOmicron	173	T	104039	0	0.999917	8.28353e-05	0 8.3e-05 9
rVSVOmicron	174	C	103929	5.92024e-05	0.000549301	0.99938	1.12912e-05 0.00062 64
rVSVOmicron	175	T	103941	0	0.999845	0.00010662	4.83794e-05 0.000155 16
rVSVOmicron	176	T	105184	0	0.99988	0.000120301	0 0.00012 13
rVSVOmicron	177	C	106083	6.903e-05	0.000254007	0.999633	4.4227e-05 0.000367 39
rVSVOmicron	178	A	105784	0.999745	0	1.11544e-05	0.00024419 0.000255 27
rVSVOmicron	179	G	106408	0.000127895	6.58943e-05	4.40294e-05	0.999762 0.000238 25
rVSVOmicron	180	C	107229	9.86475e-05	0.000167582	0.999734	0 0.000266 29
rVSVOmicron	181	A	107556	0.999913	0	0	8.6612e-05 8.7e-05 9
rVSVOmicron	182	A	107664	0.999884	1.1097e-05	2.2194e-05	8.30775e-05 0.000116 12
rVSVOmicron	183	C	108436	3.51276e-05	0.000262871	0.99968	2.22474e-05 0.00032 35
rVSVOmicron	184	G	107961	0.000267449	4.36892e-05	0	0.999689 0.000311 34
rVSVOmicron	185	T	108319	2.44156e-05	0.999859	8.97198e-05	2.7063e-05 0.000141 15
rVSVOmicron	186	G	109284	0.000117292	2.14842e-05	4.73233e-05	0.999814 0.000186 20
rVSVOmicron	187	A	109424	0.999864	3.2078e-05	0	0.000104037 0.000136 15
rVSVOmicron	188	C	110241	3.45862e-05	0.000224811	0.999392	0.000349033 0.000608 67
rVSVOmicron	189	A	108811	0.999838	0	3.25555e-05	0.000129635 0.000162 18
rVSVOmicron	190	T	108784	2.16113e-05	0.999889	8.08964e-05	8.4693e-06 0.000111 12
rVSVOmicron	191	G	109853	7.78328e-05	6.47149e-05	2.41952e-05	0.999833 0.000167 18
rVSVOmicron	192	G	109131	9.24427e-05	1.0824e-05	0	0.999897 0.000103 11
rVSVOmicron	193	T	109272	2.49402e-05	0.999831	0.000117189	2.70436e-05 0.000169 18
rVSVOmicron	194	T	109847	9.53382e-06	0.999868	0.000111806	1.06894e-05 0.000132 14
rVSVOmicron	195	C	110937	1.06672e-05	0.000117916	0.99985	2.13345e-05 0.00015 17
rVSVOmicron	196	C	111524	3.43923e-05	0.000272846	0.999672	2.12086e-05 0.000328 37
rVSVOmicron	197	A	111421	0.999861	8.28344e-06	0	0.000131107 0.000139 15
rVSVOmicron	198	C	112133	2.35933e-05	0.000712631	0.999253	1.05175e-05 0.000747 84
rVSVOmicron	199	G	112596	0.00044451	2.10183e-05	0	0.999534 0.000466 52
rVSVOmicron	200	T	112732	0	0.9999	7.64595e-05	2.37683e-05 0.0001 11
rVSVOmicron	201	G	113426	6.2332e-05	0.000129156	1.03887e-05	0.999798 0.000202 23
rVSVOmicron	202	A	113143	0.999894	0	1.03321e-05	9.55022e-05 0.000106 12
rVSVOmicron	203	T	113007	1.04322e-05	0.999851	0.000138156	0 0.000149 17
rVSVOmicron	204	C	112232	3.95121e-05	0.000100474	0.999837	2.3425e-05 0.000163 18
rVSVOmicron	205	T	112424	2.08106e-05	0.999846	0.000133019	0 0.000154 17
rVSVOmicron	206	C	111862	3.36446e-05	0.00016794	0.999775	2.34664e-05 0.000225 25
rVSVOmicron	207	T	112147	2.09339e-05	0.99959	0.000379073	1.0467e-05 0.00041 46
rVSVOmicron	208	G	113824	0.000106923	5.66887e-05	2.32929e-05	0.999813 0.000187 21
rVSVOmicron	209	G	114114	0.000431485	4.15754e-05	1.03938e-05	0.999517 0.000483 55
rVSVOmicron	210	C	114732	2.27684e-05	0.000217688	0.99976	0 0.00024 28
rVSVOmicron	211	A	114658	0.999926	0	0	7.40446e-05 7.4e-05 8
rVSVOmicron	212	C	115360	3.05555e-05	4.32181e-05	0.999914	1.26626e-05 8.6e-05 10
rVSVOmicron	213	A	115357	0.999639	0	0.000317909	4.31763e-05 0.000361 42
rVSVOmicron	214	A	115672	0.999917	1.02717e-05	0	7.24573e-05 8.3e-05 10
rVSVOmicron	215	A	115928	0.99991	3.17052e-05	0	5.79834e-05 9e-05 10
rVSVOmicron	216	C	116455	3.27201e-05	0.000271576	0.999696	0 0.000304 35
rVSVOmicron	217	G	116808	0.000295307	7.10721e-05	2.86492e-05	0.999605 0.000395 46
rVSVOmicron	218	G	116902	0.000545115	7.60307e-05	5.32489e-05	0.999326 0.000674 79
rVSVOmicron	219	C	117134	4.99028e-05	0.000211273	0.999729	1.00348e-05 0.000271 32
rVSVOmicron	220	A	117092	0.999871	1.00067e-05	0	0.000119269 0.000129 15
rVSVOmicron	221	C	117861	9.95867e-06	5.40998e-05	0.999936	0 6.4e-05 8
rVSVOmicron	222	A	117890	0.999796	6.00485e-05	3.00243e-05	0.000113876 0.000204 24
rVSVOmicron	223	A	118022	0.999898	0	3.84521e-05	6.3446e-05 0.000102 12
rVSVOmicron	224	A	118012	0.999723	1.0156e-05	3.0468e-05	0.000236333 0.000277 33
rVSVOmicron	225	G	118566	8.27276e-05	4.25844e-05	0	0.999875 0.000125 15
rVSVOmicron	226	C	119289	0.000103728	0.000508483	0.999378	9.89162e-06 0.000622 74
rVSVOmicron	227	G	120109	0.000181888	0.000122056	5.1588e-05	0.999644 0.000356 43
rVSVOmicron	228	G	120057	0.000159985	4.52536e-05	9.8493e-06	0.999785 0.000215 26
rVSVOmicron	229	T	119909	0	0.997668	0.00232217	9.83293e-06 0.002332 280
rVSVOmicron	230	T	119839	0.00221107	0.997779	9.81991e-06	0 0.002221 266
rVSVOmicron	231	C	120549	7.02644e-05	0.0023549	0.997565	9.70068e-06 0.002435 294
rVSVOmicron	232	G	120409	0.000222153	6.04911e-05	2.9321e-05	0.999688 0.000312 38
rVSVOmicron	233	A	120299	0.99987	0	0	0.000130293 0.00013 16
rVSVOmicron	234	C	121149	3.8047e-05	8.15666e-05	0.999848	3.20533e-05 0.000152 18
rVSVOmicron	235	A	121226	0.999901	9.71597e-06	1.94319e-05	7.01126e-05 9.9e-05 12
rVSVOmicron	236	A	120980	0.999889	0	3.20579e-05	7.84226e-05 0.000111 13
rVSVOmicron	237	C	121046	7.04174e-05	7.90882e-05	0.999831	1.94436e-05 0.000169 20
rVSVOmicron	238	C	122597	8.39311e-05	0.000130067	0.999786	0 0.000214 26
rVSVOmicron	239	C	122814	0.000119475	0.000206863	0.999664	9.65187e-06 0.000336 41
rVSVOmicron	240	C	122984	0.0001178	0.0060299	0.993764	8.8415e-05 0.006236 767
rVSVOmicron	241	G	122701	0.000192159	1.62279e-05	1.90614e-05	0.999773 0.000227 28
rVSVOmicron	242	T	122657	2.89967e-05	0.999812	0.000149163	9.66557e-06 0.000188 23
rVSVOmicron	243	G	123454	0.000635273	5.66161e-05	2.21874e-05	0.999286 0.000714 88
rVSVOmicron	244	C	122945	7.58324e-05	0.000108881	0.999803	1.17848e-05 0.000197 24
rVSVOmicron	245	T	123007	2.81618e-05	0.999775	0.000178104	1.87745e-05 0.000225 28
rVSVOmicron	246	C	124174	5.86917e-05	0.000194115	0.999736	1.16875e-05 0.000264 33
rVSVOmicron	247	C	124889	5.89339e-05	0.000178588	0.99975	1.27563e-05 0.00025 31
rVSVOmicron	248	C	124168	7.49067e-05	0.000397287	0.999509	1.89184e-05 0.000491 61
rVSVOmicron	249	T	123987	1.70729e-05	0.99975	0.000204365	2.8285e-05 0.00025 31
rVSVOmicron	250	T	124488	3.8177e-05	0.999807	0.000126139	2.86328e-05 0.000193 24
rVSVOmicron	251	T	124669	0	0.999887	0.000103966	9.49812e-06 0.000113 14
rVSVOmicron	252	C	125160	7.18794e-05	5.80564e-05	0.999861	9.29908e-06 0.000139 17
rVSVOmicron	253	A	125125	0.99976	0	1.88082e-05	0.00022087 0.00024 30
rVSVOmicron	254	A	125430	0.999835	1.81862e-05	2.84319e-05	0.000118338 0.000165 21
rVSVOmicron	255	C	126153	6.64122e-05	0.000490905	0.999406	3.66754e-05 0.000594 75
rVSVOmicron	256	G	126540	0.00017319	3.69872e-05	0	0.99979 0.00021 27
rVSVOmicron	257	A	125853	0.999979	0	0	2.0744e-05 2.1e-05 3
rVSVOmicron	258	C	126570	6.58816e-05	0.000978354	0.998956	0 0.001044 132
rVSVOmicron	259	G	126941	0.000134831	1.84087e-05	2.7613e-05	0.999819 0.000181 23
rVSVOmicron	260	G	127050	0.000105648	2.96902e-05	9.15447e-06	0.999856 0.000144 18
rVSVOmicron	261	C	127271	5.06495e-05	0.000494202	0.999446	9.09725e-06 0.000554 71
rVSVOmicron	262	G	127361	0.00064585	6.35303e-05	0	0.999291 0.000709 90
rVSVOmicron	263	T	127156	1.86588e-05	0.999871	8.24518e-05	2.79882e-05 0.000129 16
rVSVOmicron	264	G	127863	0.000147025	1.81029e-05	1.76136e-05	0.999817 0.000183 23
rVSVOmicron	265	T	127812	1.92377e-05	0.99985	7.06195e-05	5.96613e-05 0.00015 19
rVSVOmicron	266	A	127949	0.999826	9.15155e-06	4.57578e-05	0.00011897 0.000174 22
rVSVOmicron	267	C	126420	4.40651e-05	0.000152495	0.999803	0 0.000197 25
rVSVOmicron	268	T	126695	0	0.999758	0.000192647	4.93707e-05 0.000242 31
rVSVOmicron	269	T	123976	6.08055e-05	0.999841	7.95538e-05	1.87484e-05 0.000159 20
rVSVOmicron	270	C	124920	8.5088e-05	0.000147784	0.999758	9.20543e-06 0.000242 30
rVSVOmicron	271	G	125630	0.000316091	7.61515e-05	2.07232e-05	0.999587 0.000413 52
rVSVOmicron	272	C	126281	3.66235e-05	0.000302392	0.999661	0 0.000339 43
rVSVOmicron	273	C	126885	5.22042e-05	0.000105393	0.9998	4.23543e-05 0.0002 25
rVSVOmicron	274	A	126415	0.999598	9.15549e-06	3.6622e-05	0.000356075 0.000402 51
rVSVOmicron	275	G	126820	0.000998685	7.24219e-05	9.08342e-06	0.99892 0.00108 137
rVSVOmicron	276	C	127646	5.26756e-05	0.000215358	0.999714	1.81302e-05 0.000286 37
rVSVOmicron	277	A	127288	0.99983	9.0503e-06	8.34095e-05	7.72944e-05 0.00017 22
rVSVOmicron	278	T	127716	1.80572e-05	0.999937	4.48991e-05	0 6.3e-05 8
rVSVOmicron	279	A	127212	0.999806	3.47482e-05	3.64733e-05	0.000122974 0.000194 25
rVSVOmicron	280	G	127911	9.19701e-05	6.84831e-05	3.65903e-05	0.999803 0.000197 25
rVSVOmicron	281	A	127834	0.999382	7.28477e-06	0	0.000610706 0.000618 79
rVSVOmicron	282	G	127986	0.000116264	7.62831e-05	3.85095e-05	0.999769 0.000231 30
rVSVOmicron	283	A	129199	0.999835	9.02027e-06	9.02027e-06	0.000146518 0.000165 21
rVSVOmicron	284	A	127671	0.999721	2.57191e-05	9.55642e-05	0.000158097 0.000279 36
rVSVOmicron	285	G	128479	6.33187e-05	8.10966e-05	1.80215e-05	0.999838 0.000162 21
rVSVOmicron	286	T	128900	9.02427e-06	0.999944	4.73165e-05	0 5.6e-05 7
rVSVOmicron	287	C	128768	1.7961e-05	2.06309e-05	0.999952	8.9805e-06 4.8e-05 6
rVSVOmicron	288	T	129064	8.89336e-06	0.999667	0.000269926	5.38409e-05 0.000333 43
rVSVOmicron	289	A	130110	0.999607	8.87762e-06	0.000230818	0.000152839 0.000393 51
rVSVOmicron	290	A	130461	0.999638	0.00020563	0	0.000156095 0.000362 47
rVSVOmicron	291	C	130988	5.30134e-05	0.000136832	0.999801	8.83556e-06 0.000199 26
rVSVOmicron	292	A	127802	0.999795	8.793e-06	9.03725e-06	0.000187095 0.000205 26
rVSVOmicron	293	T	128142	1.67129e-05	0.999898	6.68515e-05	1.8459e-05 0.000102 13
rVSVOmicron	294	T	128443	9.1567e-06	0.999936	5.49402e-05	0 6.4e-05 8
rVSVOmicron	295	A	128642	0.999855	0	4.62021e-05	9.88974e-05 0.000145 19
rVSVOmicron	296	T	128950	1.12742e-05	0.999903	7.69586e-05	9.06837e-06 9.7e-05 13
rVSVOmicron	297	C	129364	3.42367e-05	0.000132125	0.999825	8.92083e-06 0.000175 23
rVSVOmicron	298	C	129733	3.80208e-05	0.000167582	0.999765	2.95448e-05 0.000235 30
rVSVOmicron	299	G	130153	0.000124472	6.50045e-05	9.99143e-05	0.999711 0.000289 38
rVSVOmicron	300	G	130179	0.00016136	1.79559e-05	1.79559e-05	0.999803 0.000197 26
rVSVOmicron	301	G	130144	7.38058e-05	4.47674e-05	1.11314e-05	0.99987 0.00013 17
rVSVOmicron	302	G	129873	0.000158445	7.1168e-05	0.000806891	0.998963 0.001037 135
rVSVOmicron	303	C	129657	6.26575e-05	0.000134301	0.999776	2.69573e-05 0.000224 29
rVSVOmicron	304	T	129526	0	0.999646	0.000318371	3.56691e-05 0.000354 46
rVSVOmicron	305	G	130809	0.000124255	6.15337e-05	3.51621e-05	0.999779 0.000221 29
rVSVOmicron	306	G	131027	0.000185916	6.02972e-05	8.85316e-06	0.999745 0.000255 33
rVSVOmicron	307	A	130837	0.999939	8.75197e-06	0	5.25118e-05 6.1e-05 8
rVSVOmicron	308	T	131040	0	0.99998	1.07649e-05	8.85112e-06 2e-05 3
rVSVOmicron	309	T	130848	0	0.999947	2.65927e-05	2.65927e-05 5.3e-05 7
rVSVOmicron	310	T	131391	8.8082e-06	0.99991	7.26082e-05	8.8082e-06 9e-05 12
rVSVOmicron	311	T	130855	5.2382e-06	0.999968	1.76194e-05	8.80971e-06 3.2e-05 4
rVSVOmicron	312	C	130513	4.58631e-05	0.000872344	0.999066	1.58393e-05 0.000934 122
rVSVOmicron	313	G	129713	0.000368911	9.45123e-05	1.77962e-05	0.999519 0.000481 62
rVSVOmicron	314	G	129351	0.000263149	2.67977e-05	8.93258e-06	0.999701 0.000299 39
rVSVOmicron	315	C	129427	7.27572e-05	0.000241008	0.999669	1.77106e-05 0.000331 43
rVSVOmicron	316	A	128672	0.999855	8.81904e-06	0	0.000136338 0.000145 19
rVSVOmicron	317	C	129249	4.58295e-05	0.000130566	0.999806	1.76634e-05 0.000194 25
rVSVOmicron	318	C	129518	6.21284e-05	0.000172472	0.999721	4.48572e-05 0.000279 36
rVSVOmicron	319	A	129333	0.999889	1.08282e-05	0	0.000100514 0.000111 14
rVSVOmicron	320	C	129876	4.33277e-05	0.000109385	0.999796	5.16144e-05 0.000204 26
rVSVOmicron	321	A	128829	0.999854	0	7.40289e-05	7.23354e-05 0.000146 19
rVSVOmicron	322	C	127934	3.54002e-05	4.68813e-05	0.999918	0 8.2e-05 10
rVSVOmicron	323	T	128257	0.00239361	0.997513	9.36303e-05	0 0.002487 319
rVSVOmicron	324	C	129481	5.24358e-05	0.00283248	0.997085	3.037e-05 0.002915 377
rVSVOmicron	325	G	129539	0.000121523	2.70317e-05	8.8511e-06	0.999843 0.000157 20
rVSVOmicron	326	A	128597	0.999919	8.81649e-06	3.74105e-05	3.5266e-05 8.1e-05 10
rVSVOmicron	327	C	128247	2.67012e-05	4.6667e-05	0.999918	8.9004e-06 8.2e-05 11
rVSVOmicron	328	T	128001	1.77677e-05	0.999897	8.57173e-05	0 0.000103 13
rVSVOmicron	329	C	128153	9.05694e-05	6.69114e-05	0.999803	3.94299e-05 0.000197 25
rVSVOmicron	330	T	128141	3.5715e-05	0.999679	0.00028572	0 0.000321 41
rVSVOmicron	331	A	129268	0.999791	4.46298e-05	3.76338e-05	0.000127135 0.000209 27
rVSVOmicron	332	A	128567	0.998968	0.000170066	3.79806e-05	0.00082372 0.001032 133
rVSVOmicron	333	G	129056	5.37855e-05	4.48212e-05	8.96424e-06	0.999892 0.000108 14
rVSVOmicron	334	A	129086	0.999872	1.764e-05	8.3909e-05	2.646e-05 0.000128 17
rVSVOmicron	335	C	129617	5.26328e-05	8.9855e-05	0.999857	0 0.000143 19
rVSVOmicron	336	A	129072	0.99988	5.81629e-05	1.76178e-05	4.46479e-05 0.00012 15
rVSVOmicron	337	C	129613	0.000100802	0.000190009	0.999709	0 0.000291 38
rVSVOmicron	338	A	129031	0.999409	6.20492e-05	3.37797e-05	0.000494717 0.000591 76
rVSVOmicron	339	G	129502	0.000169978	1.59808e-05	1.76757e-05	0.999796 0.000204 26
rVSVOmicron	340	T	129614	0.00097474	0.998999	2.64215e-05	0 0.001001 130
rVSVOmicron	341	C	130156	0.000938095	7.03511e-05	0.998974	1.75878e-05 0.001026 134
rVSVOmicron	342	C	131020	6.63849e-05	0.000135166	0.999798	0 0.000202 26
rVSVOmicron	343	C	128114	0.000169165	0.000119042	0.999694	1.78322e-05 0.000306 39
rVSVOmicron	344	T	128187	8.8531e-06	0.999764	0.000226831	0 0.000236 30
rVSVOmicron	345	C	129483	7.07102e-05	0.000224075	0.999652	5.30327e-05 0.000348 45
rVSVOmicron	346	C	129218	4.63253e-05	0.000355081	0.999579	1.98196e-05 0.000421 54
rVSVOmicron	347	T	129336	3.36626e-05	0.999722	0.000226982	1.77931e-05 0.000278 36
rVSVOmicron	348	G	130721	1.74674e-05	6.06637e-05	8.73369e-06	0.999913 8.7e-05 11
rVSVOmicron	349	A	126409	0.99984	1.79514e-05	1.79514e-05	0.000123719 0.00016 20
rVSVOmicron	350	T	126520	4.65344e-05	0.999886	5.81051e-05	9.30688e-06 0.000114 14
rVSVOmicron	351	T	126630	4.1154e-05	0.999864	8.54738e-05	9.01006e-06 0.000136 17
rVSVOmicron	352	G	124205	0.000128558	5.50964e-05	0	0.999816 0.000184 23
rVSVOmicron	353	T	124344	3.05309e-05	0.999904	6.5986e-05	0 9.6e-05 12
rVSVOmicron	354	G	125049	0.000113439	5.63506e-05	5.46281e-05	0.999776 0.000224 28
rVSVOmicron	355	A	125317	0.999876	0	2.96416e-05	9.41121e-05 0.000124 16
rVSVOmicron	356	A	125807	0.999832	3.84689e-05	5.70908e-05	7.25273e-05 0.000168 21
rVSVOmicron	357	C	126620	8.99436e-06	0.000130054	0.999861	0 0.000139 18
rVSVOmicron	358	A	123934	0.999936	2.76113e-05	9.20375e-06	2.76113e-05 6.4e-05 8
rVSVOmicron	359	A	124100	0.999895	2.7922e-05	0	7.67227e-05 0.000105 13
rVSVOmicron	360	C	124563	1.83185e-05	0.000318841	0.999635	2.74777e-05 0.000365 45
rVSVOmicron	361	G	124400	0.000891721	2.07377e-05	9.24452e-06	0.999078 0.000922 115
rVSVOmicron	362	C	123961	9.90967e-05	5.54142e-05	0.999846	0 0.000154 19
rVSVOmicron	363	C	124074	0.000549557	8.51567e-05	0.999356	9.15929e-06 0.000644 80
rVSVOmicron	364	A	123614	0.999911	3.69102e-05	0	5.23725e-05 8.9e-05 11
rVSVOmicron	365	C	124200	3.64536e-05	2.73402e-05	0.999927	9.1134e-06 7.3e-05 9
rVSVOmicron	366	A	124185	0.99984	9.22675e-06	4.61337e-05	0.000104736 0.00016 20
rVSVOmicron	367	A	124416	0.999883	9.47799e-06	3.7912e-05	6.9676e-05 0.000117 15
rVSVOmicron	368	A	123725	0.999842	9.60627e-06	1.19429e-05	0.000136565 0.000158 20
rVSVOmicron	369	C	124440	2.77229e-05	0.0001019	0.999824	4.62048e-05 0.000176 22
rVSVOmicron	370	G	123808	0.000168336	1.24878e-05	9.24097e-06	0.99981 0.00019 24
rVSVOmicron	371	T	123308	4.77427e-05	0.9995	0.000423232	2.86456e-05 0.0005 62
rVSVOmicron	372	G	123642	2.78376e-05	7.42336e-05	3.93739e-05	0.999859 0.000141 17
rVSVOmicron	373	G	122257	0.000153772	1.89063e-05	0	0.999827 0.000173 21
rVSVOmicron	374	T	122221	0.00455982	0.99508	0.000351069	9.42639e-06 0.00492 601
rVSVOmicron	375	G	123196	6.54649e-05	6.27164e-05	0.00443662	0.995435 0.004565 562
rVSVOmicron	376	A	123028	0.999963	0	0	3.70781e-05 3.7e-05 5
rVSVOmicron	377	T	123175	0.000328658	0.999631	2.12285e-05	1.89266e-05 0.000369 45
rVSVOmicron	378	T	123526	2.7335e-05	0.99943	0.000121765	0.000421208 0.00057 70
rVSVOmicron	379	A	124416	0.999307	3.96265e-05	0.000414707	0.000238257 0.000693 86
rVSVOmicron	380	A	124889	0.999446	0.000179163	0.000153251	0.000221116 0.000554 69
rVSVOmicron	381	G	126077	7.82933e-05	0.000145472	2.7415e-05	0.999749 0.000251 32
rVSVOmicron	382	G	123740	8.39578e-05	6.53005e-05	7.81589e-06	0.999843 0.000157 19
rVSVOmicron	383	T	123685	9.20703e-06	0.999957	3.3842e-05	0 4.3e-05 5
rVSVOmicron	384	G	124723	4.5733e-05	5.61157e-05	9.14661e-06	0.999889 0.000111 14
rVSVOmicron	385	T	124774	1.82235e-05	0.999916	5.68869e-05	9.11175e-06 8.4e-05 10
rVSVOmicron	386	G	123700	0.000137693	7.38354e-05	0	0.999788 0.000212 26
rVSVOmicron	387	C	123913	2.78707e-05	0.000838633	0.999124	9.29024e-06 0.000876 109
rVSVOmicron	388	G	124192	0.000159853	0.000109386	9.19838e-06	0.999722 0.000278 35
rVSVOmicron	389	A	123584	0.999925	0	0	7.51397e-05 7.5e-05 9
rVSVOmicron	390	G	123727	4.60717e-05	4.83131e-05	3.23747e-06	0.999902 9.8e-05 12
rVSVOmicron	391	T	124290	3.39918e-05	0.999833	0.000133449	0 0.000167 21
rVSVOmicron	392	T	124492	1.10895e-05	0.999845	0.000143917	0 0.000155 19
rVSVOmicron	393	C	124559	6.34802e-05	0.000168361	0.999759	9.28366e-06 0.000241 30
rVSVOmicron	394	C	124917	6.03606e-05	0.000151151	0.999733	5.53721e-05 0.000267 33
rVSVOmicron	395	A	124488	0.999574	0	3.65985e-05	0.000389477 0.000426 53
rVSVOmicron	396	G	125157	0.000123593	3.66569e-05	9.16422e-06	0.999831 0.000169 21
rVSVOmicron	397	T	125240	0.000298731	0.999607	8.50991e-05	9.34322e-06 0.000393 49
rVSVOmicron	398	T	125539	0	0.999688	0.000312013	0 0.000312 39
rVSVOmicron	399	C	124749	9.19485e-05	0.000210984	0.999688	9.19485e-06 0.000312 39
rVSVOmicron	400	T	125025	4.54605e-05	0.999544	0.000392435	1.81842e-05 0.000456 57
rVSVOmicron	401	G	126272	0.000297286	2.72492e-05	0	0.999675 0.000325 41
rVSVOmicron	402	C	126433	8.16493e-05	0.000227784	0.999681	9.07214e-06 0.000319 40
rVSVOmicron	403	A	126345	0.999771	3.83324e-05	0	0.000190441 0.000229 29
rVSVOmicron	404	A	126691	0.999731	9.11689e-06	0.00017741	8.2052e-05 0.000269 34
rVSVOmicron	405	C	127231	1.80019e-05	0.000296302	0.999677	9.00095e-06 0.000323 41
rVSVOmicron	406	G	127970	0.000241812	5.82095e-05	0.000177539	0.999522 0.000478 61
rVSVOmicron	407	A	127934	0.999964	0	0	3.57572e-05 3.6e-05 5
rVSVOmicron	408	C	128669	8.74748e-06	0.000124409	0.999231	0.000636136 0.000769 99
rVSVOmicron	409	C	129103	0.000186752	5.64655e-05	0.999748	9.04426e-06 0.000252 33
rVSVOmicron	410	C	128574	0.000160624	0.000116464	0.999696	2.69324e-05 0.000304 39
rVSVOmicron	411	T	128450	1.82381e-05	0.999707	0.000247201	2.73572e-05 0.000293 38
rVSVOmicron	412	T	129298	0	0.999871	9.18286e-05	3.73369e-05 0.000129 17
rVSVOmicron	413	T	129313	8.87507e-06	0.999854	0.000128569	8.87507e-06 0.000146 19
rVSVOmicron	414	C	130167	7.32809e-05	0.000140315	0.999769	1.77796e-05 0.000231 30
rVSVOmicron	415	C	129631	4.65575e-05	0.000173991	0.999762	1.77591e-05 0.000238 31
rVSVOmicron	416	T	129489	8.2613e-05	0.99967	0.000238901	8.93767e-06 0.00033 43
rVSVOmicron	417	G	130705	9.38664e-05	9.3385e-05	3.56211e-05	0.999777 0.000223 29
rVSVOmicron	418	G	131027	0.000244465	0.000102218	6.38562e-05	0.999589 0.000411 54
rVSVOmicron	419	A	130589	0.999944	8.6909e-06	0	4.74476e-05 5.6e-05 7
rVSVOmicron	420	T	130846	4.57041e-05	0.999878	7.6095e-05	0 0.000122 16
rVSVOmicron	421	C	131623	3.6915e-05	0.000103456	0.99986	0 0.00014 18
rVSVOmicron	422	A	131425	0.999792	0.000136863	8.64151e-06	6.25925e-05 0.000208 27
rVSVOmicron	423	C	131654	3.47947e-05	9.49802e-05	0.99987	0 0.00013 17
rVSVOmicron	424	A	131433	0.999803	1.96292e-05	0	0.000177135 0.000197 26
rVSVOmicron	425	A	130862	0.999819	1.67972e-05	4.37674e-05	0.000120183 0.000181 24
rVSVOmicron	426	G	130987	6.50109e-05	2.98371e-05	1.79508e-05	0.999887 0.000113 15
rVSVOmicron	427	A	131664	0.999927	0	8.78691e-06	6.45957e-05 7.3e-05 10
rVSVOmicron	428	A	131360	0.999911	1.7011e-05	2.62253e-05	4.58353e-05 8.9e-05 12
rVSVOmicron	429	C	131297	2.61687e-05	0.000241648	0.999715	1.69743e-05 0.000285 37
rVSVOmicron	430	A	131000	0.999872	2.62627e-05	8.75423e-06	9.34573e-05 0.000128 17
rVSVOmicron	431	A	131019	0.999958	0	2.2294e-05	1.98968e-05 4.2e-05 6
rVSVOmicron	432	C	131893	2.8242e-05	5.74254e-05	0.999888	2.61238e-05 0.000112 15
rVSVOmicron	433	A	131767	0.999799	4.47355e-05	8.94711e-06	0.000147506 0.000201 26
rVSVOmicron	434	A	130680	0.999857	9.10415e-06	5.68394e-05	7.70162e-05 0.000143 19
rVSVOmicron	435	G	131145	9.53529e-05	2.72788e-05	9.09293e-06	0.999868 0.000132 17
rVSVOmicron	436	T	131283	0	0.99992	7.98918e-05	0 8e-05 11
rVSVOmicron	437	C	130667	5.7828e-05	6.45746e-05	0.999858	1.99988e-05 0.000142 19
rVSVOmicron	438	T	130308	1.79394e-05	0.999936	2.01212e-05	2.59394e-05 6.4e-05 8
rVSVOmicron	439	T	131563	3.51484e-05	0.999369	0.000596098	0 0.000631 83
rVSVOmicron	440	G	132277	0.000644891	0.000107679	8.73709e-06	0.999239 0.000761 101
rVSVOmicron	441	G	132382	8.15179e-05	0.000488403	0.000537502	0.998893 0.001107 147
rVSVOmicron	442	A	131894	0.999793	1.70669e-05	8.65033e-06	0.000181657 0.000207 27
rVSVOmicron	443	T	132118	1.73553e-05	0.999919	5.46458e-05	8.67765e-06 8.1e-05 11
rVSVOmicron	444	G	132784	0.000151775	2.81935e-05	5.61521e-05	0.999764 0.000236 31
rVSVOmicron	445	G	132897	6.49349e-05	9.92709e-05	3.45696e-05	0.999801 0.000199 26
rVSVOmicron	446	A	132174	0.999697	8.57772e-06	8.57772e-06	0.000285847 0.000303 40
rVSVOmicron	447	G	132813	0.000115615	6.66293e-05	1.92691e-05	0.999798 0.000202 27
rVSVOmicron	448	T	132962	1.72895e-05	0.999457	0.000517049	8.64474e-06 0.000543 72
rVSVOmicron	449	C	131477	3.69353e-05	0.000184912	0.999769	8.7045e-06 0.000231 30
rVSVOmicron	450	T	131276	1.72707e-05	0.999593	0.000354983	3.45414e-05 0.000407 53
rVSVOmicron	451	G	132763	0.000203946	6.22522e-05	3.22875e-05	0.999701 0.000299 40
rVSVOmicron	452	A	132182	0.99966	3.44992e-05	8.62479e-06	0.000296739 0.00034 45
rVSVOmicron	453	G	132358	5.03082e-05	1.58378e-05	8.61761e-06	0.999925 7.5e-05 10
rVSVOmicron	454	T	132561	2.47041e-05	0.999886	8.07001e-05	8.70525e-06 0.000114 15
rVSVOmicron	455	T	132635	1.73688e-05	0.999696	0.000243398	4.34221e-05 0.000304 40
rVSVOmicron	456	C	133299	4.28875e-05	0.000139558	0.999758	6.00424e-05 0.000242 32
rVSVOmicron	457	A	132482	0.999674	0	2.57985e-05	0.000300286 0.000326 43
rVSVOmicron	458	G	133058	0.00100121	0.000135229	1.76588e-05	0.998846 0.001154 154
rVSVOmicron	459	A	133442	0.998882	1.72118e-05	8.6059e-06	0.00109248 0.001118 149
rVSVOmicron	460	G	133774	0.00190506	4.2813e-05	4.2813e-05	0.998009 0.001991 266
rVSVOmicron	461	T	133977	8.50454e-06	0.99809	8.50454e-06	0.00189307 0.00191 256
rVSVOmicron	462	G	134265	0.000163903	0	0	0.999836 0.000164 22
rVSVOmicron	463	T	132756	1.06572e-05	0.999914	7.55272e-05	0 8.6e-05 11
rVSVOmicron	464	A	132564	0.999533	8.5913e-06	8.5913e-06	0.00045023 0.000467 62
rVSVOmicron	465	C	132575	0.000416945	0.000187988	0.999378	1.7324e-05 0.000622 82
rVSVOmicron	466	T	130756	2.62188e-05	0.999532	0.00043391	7.55858e-06 0.000468 61
rVSVOmicron	467	C	130770	9.32357e-05	0	0.999863	4.35571e-05 0.000137 18
rVSVOmicron	468	T	130578	4.40072e-05	0.999732	0.000197675	2.64043e-05 0.000268 35
rVSVOmicron	469	A	131395	0.999833	0	2.64062e-05	0.000140595 0.000167 22
rVSVOmicron	470	G	131402	0.000134267	8.84671e-05	8.91903e-06	0.999768 0.000232 30
rVSVOmicron	471	C	131242	5.47396e-05	0.000492894	0.999444	8.76782e-06 0.000556 73
rVSVOmicron	472	G	131271	0.000565729	7.16622e-05	8.75082e-06	0.999354 0.000646 85
rVSVOmicron	473	C	131544	2.63212e-05	0.000101491	0.999872	0 0.000128 17
rVSVOmicron	474	C	131851	3.3744e-05	0.000115058	0.999825	2.6011e-05 0.000175 23
rVSVOmicron	475	A	131410	0.999839	8.71586e-06	9.58745e-05	5.65353e-05 0.000161 21
rVSVOmicron	476	A	131558	0.999874	2.13574e-05	1.73676e-05	8.68378e-05 0.000126 17
rVSVOmicron	477	C	132173	2.79974e-05	7.95593e-05	0.999875	1.72651e-05 0.000125 17
rVSVOmicron	478	A	132158	0.99983	8.72609e-06	2.57066e-05	0.000135844 0.00017 22
rVSVOmicron	479	A	132318	0.999896	0	4.64299e-05	5.74391e-05 0.000104 14
rVSVOmicron	480	C	131135	4.76912e-05	9.53824e-05	0.999857	0 0.000143 19
rVSVOmicron	481	T	131837	1.76604e-05	0.999677	0.000278509	2.64906e-05 0.000323 43
rVSVOmicron	482	G	134044	0.000567281	6.89874e-05	3.44937e-05	0.999329 0.000671 90
rVSVOmicron	483	C	136059	2.51854e-05	0.000152247	0.999823	0 0.000177 24
rVSVOmicron	484	A	137564	0.999886	0	1.65675e-05	9.78377e-05 0.000114 16
rVSVOmicron	485	C	139492	3.48845e-05	0.000203086	0.999754	8.22119e-06 0.000246 34
rVSVOmicron	486	C	130568	9.00006e-05	0.000183088	0.999709	1.75727e-05 0.000291 38
rVSVOmicron	487	T	130691	4.01584e-05	0.999781	0.000169717	8.8444e-06 0.000219 29
rVSVOmicron	488	T	131358	2.82521e-05	0.999895	6.75695e-05	8.71105e-06 0.000105 14
rVSVOmicron	489	C	131931	6.27404e-05	0.000177452	0.999717	4.33096e-05 0.000283 37
rVSVOmicron	490	G	132412	9.49673e-05	0.00052407	6.60338e-05	0.999315 0.000685 91
rVSVOmicron	491	A	132178	0.999909	3.92478e-05	0	5.15563e-05 9.1e-05 12
rVSVOmicron	492	G	132576	7.154e-05	4.55041e-05	0	0.999883 0.000117 16
rVSVOmicron	493	T	132602	0	0.999881	8.30472e-05	3.57922e-05 0.000119 16
rVSVOmicron	494	A	132803	0.99982	3.35301e-05	0	0.000146608 0.00018 24
rVSVOmicron	495	C	132695	3.16861e-05	0.000331306	0.999085	0.000551944 0.000915 121
rVSVOmicron	496	G	130559	0.000444305	1.72983e-05	8.76761e-06	0.99953 0.00047 61
rVSVOmicron	497	T	130646	6.34195e-05	0.999848	7.45832e-05	1.37765e-05 0.000152 20
rVSVOmicron	498	G	131413	8.46077e-05	8.69579e-06	0	0.999907 9.3e-05 12
rVSVOmicron	499	T	131480	0.000109913	0.999798	6.62744e-05	2.5903e-05 0.000202 27
rVSVOmicron	500	C	132042	7.0823e-05	0.000129646	0.9998	0 0.0002 26
rVSVOmicron	501	C	132730	7.91107e-05	0.00136389	0.998537	1.97183e-05 0.001463 194
rVSVOmicron	502	C	133084	4.5371e-05	0.000144766	0.999728	8.18549e-05 0.000272 36
rVSVOmicron	503	A	132635	0.999458	3.1564e-05	0.000265509	0.000244621 0.000542 72
rVSVOmicron	504	G	133289	0.00013411	7.79385e-05	0	0.999788 0.000212 28
rVSVOmicron	505	C	134145	7.77193e-05	0.000166175	0.999756	0 0.000244 33
rVSVOmicron	506	C	131520	0.000141408	6.55018e-05	0.999784	8.74934e-06 0.000216 28
rVSVOmicron	507	T	131379	4.26382e-05	0.999643	0.000288167	2.6589e-05 0.000357 47
rVSVOmicron	508	T	131767	9.46429e-06	0.999515	0.000403128	7.29006e-05 0.000485 64
rVSVOmicron	509	T	131892	0.000313526	0.999543	0.000143856	0 0.000457 60
rVSVOmicron	510	C	133194	8.77663e-05	0.000166639	0.999737	8.6596e-06 0.000263 35
rVSVOmicron	511	C	130157	7.08826e-05	0.000115184	0.999814	0 0.000186 24
rVSVOmicron	512	T	130249	5.49426e-05	0.999586	0.000350586	8.80032e-06 0.000414 54
rVSVOmicron	513	C	131747	5.2058e-05	7.9963e-05	0.999762	0.000106227 0.000238 31
rVSVOmicron	514	A	132213	0.999614	0.000116819	2.92047e-05	0.000240264 0.000386 51
rVSVOmicron	515	T	134596	3.44562e-05	0.999815	0.000150862	0 0.000185 25
rVSVOmicron	516	G	137602	9.68673e-05	0.000878447	8.77073e-05	0.998937 0.001063 146
rVSVOmicron	517	G	139692	0.000165041	5.72999e-05	8.1857e-06	0.999769 0.000231 32
rVSVOmicron	518	A	141792	0.999823	1.59673e-05	7.98364e-06	0.000153415 0.000177 25
rVSVOmicron	519	C	143491	5.01704e-05	5.99438e-05	0.999866	2.41078e-05 0.000134 19
rVSVOmicron	520	C	117697	3.90398e-05	9.99734e-05	0.999861	0 0.000139 16
rVSVOmicron	521	T	118092	9.71546e-06	0.999602	0.000359472	2.91464e-05 0.000398 47
rVSVOmicron	522	G	116922	0.00012211	3.80604e-05	1.95588e-05	0.99982 0.00018 21
rVSVOmicron	523	G	117155	9.23101e-05	8.94172e-06	3.89228e-05	0.99986 0.00014 16
rVSVOmicron	524	A	116580	0.999568	2.93498e-05	5.12961e-05	0.000351669 0.000432 50
rVSVOmicron	525	G	112245	0.000155591	5.35189e-05	1.02072e-05	0.999781 0.000219 25
rVSVOmicron	526	G	112283	0.000228698	4.11267e-05	0	0.99973 0.00027 30
rVSVOmicron	527	G	112048	0.000438786	4.33539e-05	3.31367e-05	0.999485 0.000515 58
rVSVOmicron	528	C	112196	0.000110149	0.000179299	0.99968	3.03388e-05 0.00032 36
rVSVOmicron	529	A	111371	0.999822	1.02084e-05	1.02084e-05	0.000157541 0.000178 20
rVSVOmicron	530	A	110922	0.999773	2.56953e-05	0	0.000201379 0.000227 25
rVSVOmicron	531	G	110949	0.000195144	4.10246e-05	0	0.999764 0.000236 26
rVSVOmicron	532	C	111498	3.30228e-05	0.000316193	0.999616	3.52243e-05 0.000384 43
rVSVOmicron	533	A	111091	0.999719	8.18095e-05	1.03309e-05	0.000188748 0.000281 31
rVSVOmicron	534	G	108707	5.78806e-05	0.000129447	0.000163377	0.999649 0.000351 38
rVSVOmicron	535	G	109080	8.22862e-05	2.12908e-05	2.38803e-05	0.999873 0.000127 14
rVSVOmicron	536	G	109141	0.000281064	3.15451e-05	2.10301e-05	0.999666 0.000334 36
