rVSVOmicron	6	C	12546	0	9.66045e-05	0.999903	0 9.7e-05 1
rVSVOmicron	7	G	13717	0	0	8.77684e-05	0.999912 8.8e-05 1
rVSVOmicron	8	T	14693	0	0.999635	0.000365197	0 0.000365 5
rVSVOmicron	9	G	15823	7.53567e-05	0	3.055e-05	0.999894 0.000106 2
rVSVOmicron	10	T	16538	0.000146898	0.999706	0.000146898	0 0.000294 5
rVSVOmicron	12	C	18472	0	8.90777e-05	0.999911	0 8.9e-05 2
rVSVOmicron	13	C	19368	0	0.00099316	0.999007	0 0.000993 19
rVSVOmicron	14	T	20210	0	0.998973	0.0010273	0 0.001027 21
rVSVOmicron	15	C	21592	5.34669e-05	8.95932e-05	0.999857	0 0.000143 3
rVSVOmicron	16	G	23057	0.000112687	0	5.02338e-05	0.999837 0.000163 4
rVSVOmicron	17	T	24150	0	0.998912	0.00108794	0 0.001088 26
rVSVOmicron	18	G	25621	0.000157744	4.48964e-05	4.48964e-05	0.999752 0.000248 6
rVSVOmicron	19	C	26710	0	0.000263748	0.999736	0 0.000264 7
rVSVOmicron	20	T	27830	8.15884e-05	0.999755	0.000163177	0 0.000245 7
rVSVOmicron	21	C	29294	7.07087e-05	0.000183632	0.999746	0 0.000254 7
rVSVOmicron	22	C	30359	3.7546e-05	3.7546e-05	0.999925	0 7.5e-05 2
rVSVOmicron	23	T	31494	0.000178246	0.999253	0.000568829	0 0.000747 24
rVSVOmicron	24	G	33038	0.000200668	3.45336e-05	0	0.999765 0.000235 8
rVSVOmicron	25	C	34298	8.02024e-05	0.000106336	0.99978	3.33426e-05 0.00022 8
rVSVOmicron	26	C	35097	0.000270485	0.000226432	0.999503	0 0.000497 17
rVSVOmicron	27	T	36181	9.46026e-05	0.999511	0.000394604	0 0.000489 18
rVSVOmicron	28	C	37329	3.03324e-05	9.01775e-05	0.999879	0 0.000121 5
rVSVOmicron	29	T	38433	0	0.998959	0.00104149	0 0.001041 40
rVSVOmicron	30	G	40686	0.000275627	0.000208992	8.10222e-05	0.999434 0.000566 23
rVSVOmicron	31	G	40966	2.256e-05	7.4448e-05	2.7824e-05	0.999875 0.000125 5
rVSVOmicron	32	T	42019	0	0.999897	8.11948e-05	2.19446e-05 0.000103 4
rVSVOmicron	33	G	43230	0.000157921	0	5.26404e-05	0.999789 0.000211 9
rVSVOmicron	34	T	43032	0	0.999989	1.07306e-05	0 1.1e-05 0
rVSVOmicron	35	C	44036	5.8935e-05	5.13082e-05	0.999864	2.56541e-05 0.000136 6
rVSVOmicron	36	T	45191	0	0.998857	0.00114259	0 0.001143 52
rVSVOmicron	37	A	47065	0.999928	0	0	7.20518e-05 7.2e-05 3
rVSVOmicron	38	G	47494	9.52943e-05	0	2.48302e-05	0.99988 0.00012 6
rVSVOmicron	39	C	47305	2.40951e-05	0.000361426	0.999614	0 0.000386 18
rVSVOmicron	40	C	48583	3.41522e-05	0.00024286	0.999665	5.81852e-05 0.000335 16
rVSVOmicron	41	A	49852	0.99992	2.3395e-05	2.3395e-05	3.28794e-05 8e-05 4
rVSVOmicron	42	G	51024	0.000178631	4.46578e-05	2.23289e-05	0.999754 0.000246 13
rVSVOmicron	44	G	52542	6.52789e-05	6.52789e-05	0	0.999869 0.000131 7
rVSVOmicron	45	C	53767	0	0.000729652	0.999242	2.82186e-05 0.000758 41
rVSVOmicron	46	G	55934	0.000403283	0.000183461	2.03845e-05	0.999393 0.000607 34
rVSVOmicron	47	T	57704	0	0.999876	0.000123654	0 0.000124 7
rVSVOmicron	48	G	60127	0.000144175	0.000108387	1.89166e-05	0.999729 0.000271 16
rVSVOmicron	49	A	62198	0.999756	2.42613e-05	0	0.000219837 0.000244 15
rVSVOmicron	50	A	64496	0.999784	0	1.8337e-05	0.000197247 0.000216 14
rVSVOmicron	51	C	66068	1.71986e-05	7.06539e-05	0.999895	1.71986e-05 0.000105 7
rVSVOmicron	52	C	54629	8.3748e-05	0.000153915	0.999762	0 0.000238 13
rVSVOmicron	53	T	55707	0	0.999338	0.000633212	2.88076e-05 0.000662 37
rVSVOmicron	54	G	57361	0.000194934	4.44017e-05	2.49083e-05	0.999736 0.000264 15
rVSVOmicron	55	A	58195	0.999233	3.95899e-05	0.000500759	0.00022684 0.000767 45
rVSVOmicron	56	C	59266	2.25343e-05	0.000153548	0.999332	0.000491563 0.000668 40
rVSVOmicron	57	C	60536	0	0.000170979	0.999309	0.000519611 0.000691 42
rVSVOmicron	58	A	61756	0.99994	1.87357e-05	1.87357e-05	2.22803e-05 6e-05 4
rVSVOmicron	59	C	62895	0	0.00018499	0.999815	0 0.000185 12
rVSVOmicron	60	A	64153	0.999784	0	3.57427e-05	0.000180162 0.000216 14
rVSVOmicron	61	C	65305	8.76865e-05	0.000916205	0.998979	1.75373e-05 0.001021 67
rVSVOmicron	62	G	66758	0.00016454	5.57841e-05	0.000108287	0.999671 0.000329 22
rVSVOmicron	63	G	67913	8.91018e-05	5.09809e-05	0	0.99986 0.00014 10
rVSVOmicron	64	A	69022	0.99995	1.66202e-05	0	3.32405e-05 5e-05 3
rVSVOmicron	65	C	70117	0	0.000267728	0.999732	0 0.000268 19
rVSVOmicron	66	C	71392	1.63445e-05	0.000114411	0.999837	3.26889e-05 0.000163 12
rVSVOmicron	67	C	72703	3.18634e-05	0.000147261	0.999805	1.59317e-05 0.000195 14
rVSVOmicron	68	A	74100	0.999859	9.38153e-05	1.56359e-05	3.12718e-05 0.000141 10
rVSVOmicron	69	G	75268	0.000738352	1.03469e-05	0.000214387	0.999037 0.000963 72
rVSVOmicron	70	C	76212	9.08207e-05	0.000204856	0.999671	3.3396e-05 0.000329 25
rVSVOmicron	71	T	77342	1.48197e-05	0.999809	0.000175834	0 0.000191 15
rVSVOmicron	72	C	78888	1.45525e-05	4.6804e-05	0.999895	4.36575e-05 0.000105 8
rVSVOmicron	73	C	80384	0.000153585	0.000147723	0.999699	0 0.000301 24
rVSVOmicron	74	C	81075	6.85397e-05	0.000822477	0.999095	1.4247e-05 0.000905 73
rVSVOmicron	75	T	82002	1.73764e-05	0.999523	0.000431766	2.79533e-05 0.000477 39
rVSVOmicron	76	C	82623	5.56073e-05	0.000109336	0.999807	2.78036e-05 0.000193 16
rVSVOmicron	77	C	83908	0.00859332	0.000172623	0.991217	1.72248e-05 0.008783 737
rVSVOmicron	78	C	85270	0.000125873	0.000193226	0.991382	0.0082988 0.008618 735
rVSVOmicron	79	G	85982	0.000606436	6.7746e-05	7.28451e-05	0.999253 0.000747 64
rVSVOmicron	80	C	87543	7.90404e-05	8.5449e-05	0.999835	0 0.000165 14
rVSVOmicron	81	C	87899	3.9414e-05	7.8828e-05	0.999869	1.3138e-05 0.000131 12
rVSVOmicron	82	T	88934	9.02861e-05	0.99741	0.0024871	1.30492e-05 0.00259 230
rVSVOmicron	83	A	90723	0.999925	4.93538e-05	0	2.57196e-05 7.5e-05 7
rVSVOmicron	84	C	91905	1.25478e-05	9.39389e-05	0.999893	0 0.000107 10
rVSVOmicron	85	A	93148	0.999872	3.73601e-05	0	9.02028e-05 0.000128 12
rVSVOmicron	86	C	94398	6.10499e-05	6.10499e-05	0.999866	1.221e-05 0.000134 13
rVSVOmicron	87	A	95752	0.999809	0.000191079	0	0 0.000191 18
rVSVOmicron	88	A	96956	0.999855	2.45882e-05	2.4256e-05	9.56947e-05 0.000145 14
rVSVOmicron	89	A	94410	0.999929	2.64334e-05	1.32167e-05	3.10771e-05 7.1e-05 7
rVSVOmicron	90	C	95206	3.42649e-05	8.28346e-05	0.999883	0 0.000117 11
rVSVOmicron	91	T	96101	0	0.999892	0.000108255	0 0.000108 10
rVSVOmicron	92	C	95896	2.41422e-05	2.41422e-05	0.999952	0 4.8e-05 5
rVSVOmicron	93	T	96856	6.33982e-05	0.999669	0.000243081	2.43081e-05 0.000331 32
rVSVOmicron	94	T	98431	1.21247e-05	0.9999	7.56976e-05	1.21247e-05 0.0001 10
rVSVOmicron	95	T	99664	0	0.999918	8.16834e-05	0 8.2e-05 8
rVSVOmicron	96	C	101409	3.43075e-05	0.00011714	0.999849	0 0.000151 15
rVSVOmicron	97	A	102842	0.999873	0	1.81079e-05	0.000108648 0.000127 13
rVSVOmicron	98	C	104209	1.11536e-05	0.00012269	0.999866	0 0.000134 14
rVSVOmicron	99	C	105665	0.000116621	0.00011632	0.999758	9.04042e-06 0.000242 26
rVSVOmicron	100	C	107038	4.66815e-05	0.000233408	0.999662	5.76829e-05 0.000338 36
rVSVOmicron	101	G	108480	0.000348719	7.78494e-05	0.000565647	0.999008 0.000992 108
rVSVOmicron	102	G	109849	5.89973e-05	1.07532e-05	0	0.99993 7e-05 8
rVSVOmicron	103	G	111033	0.000189322	3.43434e-05	2.13564e-05	0.999755 0.000245 27
rVSVOmicron	104	G	112167	6.52756e-05	6.32802e-05	0	0.999871 0.000129 14
rVSVOmicron	105	C	113489	2.27297e-05	0.000384741	0.999582	1.02561e-05 0.000418 47
rVSVOmicron	106	G	114958	0.000726919	2.02683e-05	1.01341e-05	0.999243 0.000757 87
rVSVOmicron	107	T	115975	0	0.999944	4.56176e-05	1.01678e-05 5.6e-05 6
rVSVOmicron	108	G	117675	4.95733e-05	3.96587e-05	2.19731e-05	0.999889 0.000111 13
rVSVOmicron	109	T	118696	9.82632e-06	0.999827	0.000145801	1.7528e-05 0.000173 21
rVSVOmicron	110	A	120284	0.999891	9.80885e-06	2.94265e-05	7.02526e-05 0.000109 13
rVSVOmicron	111	C	121299	9.5866e-06	0.000115557	0.999856	1.91732e-05 0.000144 17
rVSVOmicron	112	T	122461	9.5233e-06	0.999705	0.00026691	1.90466e-05 0.000295 36
rVSVOmicron	113	A	123621	0.99991	9.53211e-06	0	8.08941e-05 9e-05 11
rVSVOmicron	114	C	123440	4.01906e-05	7.73093e-05	0.999883	0 0.000117 14
rVSVOmicron	115	C	123435	6.59513e-05	9.87977e-05	0.999826	9.56941e-06 0.000174 21
rVSVOmicron	116	C	124665	3.89893e-05	0.000124407	0.999837	0 0.000163 20
rVSVOmicron	117	C	125882	8.72765e-05	0.00358214	0.996331	0 0.003669 462
rVSVOmicron	118	G	127350	0.000305357	8.49733e-05	7.20534e-05	0.999538 0.000462 59
rVSVOmicron	119	A	129437	0.9999	4.70071e-05	0	5.30962e-05 0.0001 13
rVSVOmicron	120	C	131738	5.30782e-05	8.416e-05	0.999824	3.92109e-05 0.000176 23
rVSVOmicron	121	A	134172	0.999726	7.42478e-06	5.53266e-05	0.000211008 0.000274 37
rVSVOmicron	122	A	137065	0.999743	3.48636e-05	2.61477e-05	0.000195519 0.000257 35
rVSVOmicron	123	G	137736	3.84892e-05	9.73824e-05	0	0.999864 0.000136 19
rVSVOmicron	124	G	129138	0.00029428	0	0	0.999706 0.000294 38
rVSVOmicron	125	T	130156	9.01925e-06	0.999934	5.65531e-05	0 6.6e-05 9
rVSVOmicron	126	G	131977	7.26764e-05	5.55902e-05	1.78081e-05	0.999854 0.000146 19
rVSVOmicron	127	T	132950	9.02936e-06	0.999894	8.83413e-05	9.02936e-06 0.000106 14
rVSVOmicron	128	T	134161	0	0.999928	7.16296e-05	0 7.2e-05 10
rVSVOmicron	129	C	135830	2.60051e-05	0.000181099	0.999773	1.94453e-05 0.000227 31
rVSVOmicron	130	C	137184	3.65579e-05	0.000180461	0.999766	1.72311e-05 0.000234 32
rVSVOmicron	131	G	138692	0.000127695	6.81039e-05	2.11674e-05	0.999783 0.000217 30
rVSVOmicron	132	G	139016	0.000104023	4.24819e-05	3.39855e-05	0.99982 0.00018 25
rVSVOmicron	133	T	127715	0	0.999889	0.000111081	0 0.000111 14
rVSVOmicron	134	C	128630	0	4.7895e-05	0.999922	2.96258e-05 7.8e-05 10
rVSVOmicron	135	T	129580	9.07053e-06	0.999805	0.000186314	0 0.000195 25
rVSVOmicron	136	A	131777	0.999826	1.81842e-05	0	0.000155795 0.000174 23
rVSVOmicron	137	G	131038	0.000117465	7.80607e-05	1.84553e-05	0.999786 0.000214 28
rVSVOmicron	138	C	132195	3.12171e-05	0.000591914	0.999359	1.79075e-05 0.000641 85
rVSVOmicron	139	G	133162	0.000202605	0.00140551	0	0.998392 0.001608 214
rVSVOmicron	140	T	134120	2.64363e-05	0.999842	0.000123131	8.8121e-06 0.000158 21
rVSVOmicron	141	G	133513	0.00013233	6.84382e-05	2.65617e-05	0.999773 0.000227 30
rVSVOmicron	142	C	134390	5.29142e-05	0.000316532	0.999613	1.76381e-05 0.000387 52
rVSVOmicron	143	T	135381	2.62246e-05	0.999816	0.000157348	0 0.000184 25
rVSVOmicron	144	C	137184	6.67103e-05	3.01952e-05	0.999761	0.000141613 0.000239 33
rVSVOmicron	145	C	138179	0.000105329	0.000212513	0.999653	2.94642e-05 0.000347 48
rVSVOmicron	146	A	138105	0.999934	1.27391e-05	8.56996e-06	4.49344e-05 6.6e-05 9
rVSVOmicron	147	C	138233	2.41751e-05	0.000158405	0.999817	0 0.000183 25
rVSVOmicron	148	T	138356	0	0.999887	0.00010459	8.52389e-06 0.000113 16
rVSVOmicron	149	C	138655	4.60365e-05	2.72137e-05	0.999916	1.04319e-05 8.4e-05 12
rVSVOmicron	150	T	139026	1.8931e-05	0.99977	0.00021075	0 0.00023 32
rVSVOmicron	151	A	140104	0.999934	1.69498e-05	2.38213e-05	2.54247e-05 6.6e-05 9
rVSVOmicron	152	C	141238	7.81796e-06	0.000374145	0.999601	1.65294e-05 0.000399 56
rVSVOmicron	153	A	141358	0.99987	1.8522e-05	0	0.000111132 0.00013 18
rVSVOmicron	154	C	141968	2.65718e-05	0.000194196	0.999771	8.19297e-06 0.000229 33
rVSVOmicron	155	A	142174	0.999434	5.55151e-05	1.70127e-05	0.000493592 0.000566 80
rVSVOmicron	156	G	144295	0.000111634	6.49189e-05	1.62297e-05	0.999807 0.000193 28
rVSVOmicron	157	G	146210	5.19286e-05	1.60113e-05	4.19756e-05	0.99989 0.00011 16
rVSVOmicron	158	A	147281	0.999943	0	7.9198e-06	4.94452e-05 5.7e-05 8
rVSVOmicron	159	C	149336	3.93418e-05	0.000195433	0.985792	0.0139731 0.014208 2122
rVSVOmicron	160	C	134070	5.41745e-05	0.000115415	0.999822	8.71502e-06 0.000178 24
rVSVOmicron	161	T	134878	4.71135e-05	0.998887	0.000937397	0.000128808 0.001113 150
rVSVOmicron	162	G	135906	0.000152367	2.57816e-05	1.06843e-05	0.999811 0.000189 26
rVSVOmicron	163	T	136330	1.80239e-05	0.984728	7.71728e-05	0.0151771 0.015272 2082
rVSVOmicron	164	T	136878	1.76237e-05	0.98571	4.40593e-05	0.0142288 0.01429 1956
rVSVOmicron	165	C	138031	3.59762e-05	0.00482081	0.995143	0 0.004857 670
rVSVOmicron	166	C	134440	4.76789e-05	0.000120254	0.999804	2.79497e-05 0.000196 26
rVSVOmicron	167	T	134822	2.60929e-05	0.999024	0.000933111	1.70874e-05 0.000976 132
rVSVOmicron	168	C	136230	2.76594e-05	7.67548e-05	0.999887	8.52832e-06 0.000113 15
rVSVOmicron	169	C	137057	6.2786e-05	0.000217643	0.999689	3.02216e-05 0.000311 43
rVSVOmicron	170	C	137357	0.000144906	0.000142368	0.999694	1.89209e-05 0.000306 42
rVSVOmicron	171	T	137782	2.55844e-05	0.999668	0.000272669	3.41125e-05 0.000332 46
rVSVOmicron	172	T	138643	1.76797e-05	0.999774	0.000156729	5.11279e-05 0.000226 31
rVSVOmicron	173	T	139193	8.41907e-06	0.999975	1.66106e-05	0 2.5e-05 3
rVSVOmicron	174	C	138969	4.36557e-05	8.52862e-05	0.999827	4.36557e-05 0.000173 24
rVSVOmicron	175	T	139164	1.67889e-05	0.999723	0.000260001	0 0.000277 39
rVSVOmicron	176	T	140419	8.25364e-06	0.999887	9.45823e-05	1.02613e-05 0.000113 16
rVSVOmicron	177	C	141615	4.84324e-05	0.000168853	0.999766	1.62909e-05 0.000234 33
rVSVOmicron	178	A	141361	0.999785	1.83993e-05	1.64042e-05	0.000180668 0.000215 30
rVSVOmicron	179	G	142234	0.000134658	3.46011e-05	1.01379e-05	0.999821 0.000179 25
rVSVOmicron	180	C	143417	4.84653e-05	0.000123128	0.999739	8.97262e-05 0.000261 37
rVSVOmicron	181	A	143955	0.999616	7.98132e-06	0.000315801	5.9752e-05 0.000384 55
rVSVOmicron	182	A	143183	0.99997	8.23059e-06	4.89387e-06	1.64612e-05 3e-05 4
rVSVOmicron	183	C	144326	2.63775e-05	0.000167994	0.99979	1.59995e-05 0.00021 30
rVSVOmicron	184	G	143269	0.00042747	2.42955e-05	1.6197e-05	0.999532 0.000468 67
rVSVOmicron	185	T	143985	1.6127e-05	0.999901	8.30325e-05	0 9.9e-05 14
rVSVOmicron	186	G	145451	8.32671e-05	3.15471e-05	5.79436e-05	0.999827 0.000173 25
rVSVOmicron	187	A	145955	0.999737	1.30361e-05	7.90712e-06	0.000242343 0.000263 38
rVSVOmicron	188	C	147118	4.86537e-05	0.000117704	0.999821	1.29602e-05 0.000179 26
rVSVOmicron	189	A	145656	0.999745	2.59128e-05	7.98977e-06	0.00022069 0.000255 37
rVSVOmicron	190	T	146192	3.53088e-05	0.997562	0.000216133	0.00218636 0.002438 356
rVSVOmicron	191	G	147321	0.000106768	8.13065e-05	9.84237e-06	0.999802 0.000198 29
rVSVOmicron	192	G	146924	4.75126e-05	3.1675e-05	7.91876e-06	0.999913 8.7e-05 13
rVSVOmicron	193	T	147164	2.43453e-05	0.999827	0.000148484	0 0.000173 25
rVSVOmicron	194	T	147857	7.82095e-06	0.999961	3.12838e-05	0 3.9e-05 6
rVSVOmicron	195	C	148741	2.34804e-05	5.07685e-05	0.999908	1.75574e-05 9.2e-05 14
rVSVOmicron	196	C	149244	5.44843e-05	0.000130215	0.999792	2.33504e-05 0.000208 31
rVSVOmicron	197	A	149516	0.999778	0	0	0.000222467 0.000222 33
rVSVOmicron	198	C	150507	3.84964e-05	0.000195395	0.999728	3.80803e-05 0.000272 41
rVSVOmicron	199	G	151224	0.000616112	1.53872e-05	0	0.999368 0.000632 96
rVSVOmicron	200	T	151055	9.5238e-06	0.999815	0.000161693	1.41799e-05 0.000185 28
rVSVOmicron	201	G	151889	6.46235e-05	3.04595e-05	0.000260141	0.999645 0.000355 54
rVSVOmicron	202	A	150202	0.999954	7.65112e-06	7.65112e-06	3.06045e-05 4.6e-05 7
rVSVOmicron	203	T	149204	1.55383e-05	0.999928	5.6274e-05	0 7.2e-05 11
rVSVOmicron	204	C	148643	9.57645e-05	6.18915e-05	0.999817	2.50911e-05 0.000183 27
rVSVOmicron	205	T	149579	1.53877e-05	0.999792	0.000192763	0 0.000208 31
rVSVOmicron	206	C	149486	9.73244e-05	8.65106e-05	0.999801	1.53889e-05 0.000199 30
rVSVOmicron	207	T	150035	7.68472e-06	0.99984	0.00014414	7.68472e-06 0.00016 24
rVSVOmicron	208	G	152281	0.000156485	5.48418e-05	2.28851e-05	0.999766 0.000234 36
rVSVOmicron	209	G	153047	0.000335499	5.51281e-05	7.61096e-06	0.999602 0.000398 61
rVSVOmicron	210	C	153947	8.04155e-05	0.000349279	0.999553	1.68548e-05 0.000447 69
rVSVOmicron	211	A	154147	0.999931	1.49642e-05	0	5.41946e-05 6.9e-05 11
rVSVOmicron	212	C	155260	5.63334e-05	7.03666e-05	0.999873	0 0.000127 20
rVSVOmicron	213	A	155421	0.999924	7.40808e-06	7.40808e-06	6.10666e-05 7.6e-05 12
rVSVOmicron	214	A	155962	0.999961	7.50504e-06	0	3.18457e-05 3.9e-05 6
rVSVOmicron	215	A	156457	0.999856	7.75408e-06	4.69436e-05	8.88576e-05 0.000144 23
rVSVOmicron	216	C	157455	1.46468e-05	0.000347169	0.999629	9.10479e-06 0.000371 58
rVSVOmicron	217	G	158092	0.000177857	6.10882e-05	1.48214e-05	0.999746 0.000254 40
rVSVOmicron	218	G	158422	0.000458736	8.25566e-05	2.94419e-05	0.999429 0.000571 90
rVSVOmicron	219	C	158808	8.4898e-05	0.00031935	0.999596	0 0.000404 64
rVSVOmicron	220	A	158816	0.99994	0	0	5.98268e-05 6e-05 10
rVSVOmicron	221	C	159887	3.05983e-05	2.33872e-05	0.999931	1.48119e-05 6.9e-05 11
rVSVOmicron	222	A	160080	0.998814	7.24782e-06	0.000905194	0.000273654 0.001186 190
rVSVOmicron	223	A	160728	0.999878	1.40979e-05	2.83944e-05	7.90277e-05 0.000122 20
rVSVOmicron	224	A	160789	0.999845	1.82643e-05	4.40724e-05	9.25124e-05 0.000155 25
rVSVOmicron	225	G	161521	8.70213e-05	1.45363e-05	7.26814e-06	0.999891 0.000109 18
rVSVOmicron	226	C	162589	3.73589e-05	0.000534001	0.999413	1.59834e-05 0.000587 95
rVSVOmicron	227	G	163354	0.000135262	7.55083e-05	1.42178e-05	0.999775 0.000225 37
rVSVOmicron	228	G	163889	7.61591e-05	2.26367e-05	7.09795e-06	0.999894 0.000106 17
rVSVOmicron	229	T	163818	1.39943e-05	0.999807	0.000179242	0 0.000193 32
rVSVOmicron	230	T	164042	4.54081e-05	0.999908	4.65528e-05	0 9.2e-05 15
rVSVOmicron	231	C	164049	2.10107e-05	0.000452582	0.999519	7.38215e-06 0.000481 79
rVSVOmicron	232	G	164915	0.000384947	1.40395e-05	5.25531e-05	0.999548 0.000452 75
rVSVOmicron	233	A	164905	0.999618	6.92682e-06	0	0.000375172 0.000382 63
rVSVOmicron	234	C	166048	6.90413e-06	0.000100576	0.999893	0 0.000107 18
rVSVOmicron	235	A	166217	0.999848	6.97486e-06	2.09246e-05	0.000124416 0.000152 25
rVSVOmicron	236	A	165791	0.999951	0	3.5117e-05	1.41231e-05 4.9e-05 8
rVSVOmicron	237	C	165813	6.98291e-06	0.00022836	0.999756	8.68145e-06 0.000244 40
rVSVOmicron	238	C	167936	2.07743e-05	4.84733e-05	0.999915	1.55339e-05 8.5e-05 14
rVSVOmicron	239	C	168289	9.02257e-05	0.000111004	0.999792	6.92604e-06 0.000208 35
rVSVOmicron	240	C	168876	5.74553e-05	0.000153586	0.999759	3.01222e-05 0.000241 41
rVSVOmicron	241	G	169590	0.000302843	2.77147e-05	6.79101e-06	0.999663 0.000337 57
rVSVOmicron	242	T	169593	1.27774e-05	0.999882	9.11331e-05	1.39048e-05 0.000118 20
rVSVOmicron	243	G	170673	0.00041912	8.50231e-05	2.25275e-05	0.999473 0.000527 90
rVSVOmicron	244	C	168902	4.93498e-05	0.000137225	0.999807	6.78789e-06 0.000193 33
rVSVOmicron	245	T	169306	6.71776e-06	0.999732	0.000248194	1.34355e-05 0.000268 45
rVSVOmicron	246	C	171168	8.06517e-05	6.16642e-05	0.999825	3.27308e-05 0.000175 30
rVSVOmicron	247	C	172158	6.3413e-05	0.000149786	0.99978	6.74219e-06 0.00022 38
rVSVOmicron	248	C	171236	0.000131491	5.54416e-05	0.999806	6.74782e-06 0.000194 33
rVSVOmicron	249	T	171298	4.2004e-05	0.999466	0.000370035	0.00012183 0.000534 91
rVSVOmicron	250	T	172355	2.72558e-05	0.999829	8.72922e-05	5.6169e-05 0.000171 29
rVSVOmicron	251	T	172631	1.35066e-05	0.999928	5.22013e-05	6.75332e-06 7.2e-05 12
rVSVOmicron	252	C	173421	4.36095e-05	5.29033e-05	0.99989	1.32258e-05 0.00011 19
rVSVOmicron	253	A	173407	0.999878	6.68896e-06	1.98861e-05	9.50917e-05 0.000122 21
rVSVOmicron	254	A	173818	0.999854	2.02223e-05	6.74077e-06	0.000118783 0.000146 25
rVSVOmicron	255	C	174866	1.95788e-05	0.022916	0.977038	2.6105e-05 0.022962 4015
rVSVOmicron	256	G	175628	0.00025276	4.42596e-05	2.77289e-05	0.999675 0.000325 57
rVSVOmicron	257	A	175209	0.999919	1.91675e-05	6.56663e-06	5.51952e-05 8.1e-05 14
rVSVOmicron	258	C	176128	1.29343e-05	0.000347304	0.99964	0 0.00036 63
rVSVOmicron	259	G	176659	0.000135058	6.99125e-05	6.53223e-06	0.999789 0.000211 37
rVSVOmicron	260	G	176971	0.000114955	4.91412e-05	1.29873e-05	0.999823 0.000177 31
rVSVOmicron	261	C	177393	4.69851e-05	0.000687027	0.999247	1.8794e-05 0.000753 134
rVSVOmicron	262	G	178063	0.000883452	2.16575e-05	1.47271e-05	0.99908 0.00092 164
rVSVOmicron	263	T	177942	0	0.999859	0.000134748	6.6123e-06 0.000141 25
rVSVOmicron	264	G	178913	0.000134513	2.69371e-05	1.27778e-05	0.999826 0.000174 31
rVSVOmicron	265	T	178834	2.54632e-05	0.999825	0.000149338	0 0.000175 31
rVSVOmicron	266	A	179136	0.999873	1.2967e-05	2.5934e-05	8.81405e-05 0.000127 23
rVSVOmicron	267	C	178908	2.48805e-05	8.96734e-05	0.999885	0 0.000115 21
rVSVOmicron	268	T	179185	2.63592e-05	0.999775	0.000166526	3.25928e-05 0.000225 40
rVSVOmicron	269	T	172795	3.62797e-05	0.999942	2.15523e-05	0 5.8e-05 10
rVSVOmicron	270	C	174017	2.60391e-05	0.000279216	0.999675	1.95293e-05 0.000325 57
rVSVOmicron	271	G	174701	0.000255227	6.56247e-05	6.56247e-06	0.999673 0.000327 57
rVSVOmicron	272	C	175350	9.74767e-05	0.000176863	0.999726	0 0.000274 48
rVSVOmicron	273	C	176253	3.72082e-05	0.000125774	0.999803	3.38891e-05 0.000197 35
rVSVOmicron	274	A	175790	0.999758	6.51581e-06	1.95474e-05	0.000216431 0.000242 43
rVSVOmicron	275	G	176717	0.00466945	8.35599e-05	2.57107e-05	0.995221 0.004779 845
rVSVOmicron	276	C	177826	8.91737e-05	0.000142678	0.999768	0 0.000232 41
rVSVOmicron	277	A	177022	0.999931	1.78838e-05	3.21215e-05	1.92729e-05 6.9e-05 12
rVSVOmicron	278	T	177562	2.56673e-05	0.99477	0.00518479	1.92505e-05 0.00523 929
rVSVOmicron	279	A	176919	0.994708	1.29977e-05	0.00516712	0.000112061 0.005292 936
rVSVOmicron	280	G	177932	4.01348e-05	3.89026e-05	6.30186e-05	0.999858 0.000142 25
rVSVOmicron	281	A	177856	0.999955	0	0	4.46823e-05 4.5e-05 8
rVSVOmicron	282	G	178964	1.28169e-05	2.94442e-05	1.28169e-05	0.999945 5.5e-05 10
rVSVOmicron	283	A	180090	0.999943	1.27881e-05	4.3203e-06	3.99196e-05 5.7e-05 10
rVSVOmicron	284	A	176408	0.999863	2.65312e-05	1.34473e-05	9.68572e-05 0.000137 24
rVSVOmicron	285	G	177438	1.28745e-05	1.28745e-05	0	0.999974 2.6e-05 5
rVSVOmicron	286	T	177935	1.93766e-05	0.999894	7.99502e-05	6.45886e-06 0.000106 19
rVSVOmicron	287	C	177764	2.60168e-05	7.40611e-05	0.999881	1.92524e-05 0.000119 21
rVSVOmicron	288	T	177818	1.27472e-05	0.999798	0.000182595	6.37359e-06 0.000202 36
rVSVOmicron	289	A	179070	0.99985	5.64286e-05	3.62385e-05	5.74639e-05 0.00015 27
rVSVOmicron	290	A	179502	0.999907	2.12239e-05	6.43675e-06	6.57592e-05 9.3e-05 17
rVSVOmicron	291	C	180589	5.2073e-05	5.9073e-05	0.999883	6.31705e-06 0.000117 21
rVSVOmicron	292	A	178104	0.99992	0	6.39932e-06	7.35057e-05 8e-05 14
rVSVOmicron	293	T	178626	6.55948e-06	0.999941	4.59164e-05	6.55948e-06 5.9e-05 11
rVSVOmicron	294	T	179040	2.13909e-05	0.999904	6.15427e-05	1.29748e-05 9.6e-05 17
rVSVOmicron	295	A	179515	0.99993	0	1.77863e-05	5.21261e-05 7e-05 13
rVSVOmicron	296	T	180010	1.43781e-05	0.999946	3.36066e-05	6.40951e-06 5.4e-05 10
rVSVOmicron	297	C	180922	1.26035e-05	7.76649e-05	0.99991	0 9e-05 16
rVSVOmicron	298	C	181492	0.000129127	0.000176393	0.999669	2.53458e-05 0.000331 60
rVSVOmicron	299	G	182301	0.00011351	4.28213e-05	0.000117759	0.999726 0.000274 50
rVSVOmicron	300	G	182986	0.000380079	3.93538e-05	6.30342e-06	0.999574 0.000426 78
rVSVOmicron	301	G	183400	0.000109487	5.15234e-05	7.79631e-06	0.999831 0.000169 31
rVSVOmicron	302	G	183815	0.000204746	3.85681e-05	1.24089e-05	0.999744 0.000256 47
rVSVOmicron	303	C	183726	6.567e-05	0.000188186	0.999726	2.03628e-05 0.000274 50
rVSVOmicron	304	T	183705	1.86473e-05	0.999128	0.000832575	2.04952e-05 0.000872 160
rVSVOmicron	305	G	186569	0.00020161	4.97436e-05	1.21888e-05	0.999736 0.000264 49
rVSVOmicron	306	G	187228	0.000214575	9.20319e-05	8.12534e-06	0.999685 0.000315 59
rVSVOmicron	307	A	185386	0.999925	1.8318e-05	6.106e-06	5.03332e-05 7.5e-05 14
rVSVOmicron	308	T	185836	0	0.999963	1.24127e-05	2.48254e-05 3.7e-05 7
rVSVOmicron	309	T	184223	1.77405e-05	0.999958	2.02749e-05	3.71706e-06 4.2e-05 8
rVSVOmicron	310	T	183106	1.14853e-05	0.999913	6.94187e-05	6.24937e-06 8.7e-05 16
rVSVOmicron	311	T	183461	6.21066e-06	0.999969	1.8632e-05	6.21066e-06 3.1e-05 6
rVSVOmicron	312	C	183277	3.83891e-05	0.000245623	0.999685	3.07445e-05 0.000315 58
rVSVOmicron	313	G	183888	0.00058303	6.87891e-05	2.48312e-05	0.999323 0.000677 124
rVSVOmicron	314	G	184308	0.000172162	5.57684e-05	6.19649e-06	0.999766 0.000234 43
rVSVOmicron	315	C	184746	6.69965e-05	0.000281881	0.999645	6.12066e-06 0.000355 66
rVSVOmicron	316	A	181890	0.999835	1.2332e-05	9.04902e-05	6.166e-05 0.000165 30
rVSVOmicron	317	C	182855	3.84172e-05	0.000421758	0.999528	1.23068e-05 0.000472 86
rVSVOmicron	318	C	183299	5.52255e-05	0.000517446	0.999389	3.86579e-05 0.000611 112
rVSVOmicron	319	A	183085	0.99987	3.93635e-05	6.06853e-06	8.44674e-05 0.00013 24
rVSVOmicron	320	C	184021	0.000415405	6.70379e-05	0.999491	2.70128e-05 0.000509 94
rVSVOmicron	321	A	180808	0.999465	2.04961e-05	0.000432125	8.2155e-05 0.000535 97
rVSVOmicron	322	C	180016	6.20175e-06	7.8779e-05	0.999909	6.20175e-06 9.1e-05 16
rVSVOmicron	323	T	180302	2.30839e-05	0.999908	6.89121e-05	0 9.2e-05 17
rVSVOmicron	324	C	182474	7.02722e-05	0.000130577	0.999767	3.22289e-05 0.000233 43
rVSVOmicron	325	G	183352	0.000126332	2.4699e-05	4.32232e-05	0.999806 0.000194 36
rVSVOmicron	326	A	181300	0.9999	1.23284e-05	0	8.77982e-05 0.0001 18
rVSVOmicron	327	C	181258	1.24217e-05	6.31155e-05	0.999912	1.24217e-05 8.8e-05 16
rVSVOmicron	328	T	181334	6.19633e-06	0.999836	6.69874e-05	9.11029e-05 0.000164 30
rVSVOmicron	329	C	181703	4.80563e-05	3.07627e-05	0.999903	1.84576e-05 9.7e-05 18
rVSVOmicron	330	T	181650	1.8668e-05	0.99973	0.000234275	1.71543e-05 0.00027 49
rVSVOmicron	331	A	182992	0.999923	6.24541e-06	6.24541e-06	6.41421e-05 7.7e-05 14
rVSVOmicron	332	A	182002	0.999771	8.28087e-05	2.50116e-05	0.000121678 0.000229 42
rVSVOmicron	333	G	182844	2.03371e-05	6.27061e-06	1.28802e-05	0.999961 3.9e-05 7
rVSVOmicron	334	A	183878	0.999881	1.83103e-05	7.58805e-06	9.30361e-05 0.000119 22
rVSVOmicron	335	C	184892	2.42391e-05	0.000119558	0.999844	1.21196e-05 0.000156 29
rVSVOmicron	336	A	184212	0.999875	2.62292e-05	3.70884e-05	6.1814e-05 0.000125 23
rVSVOmicron	337	C	185007	3.03754e-05	0.0002399	0.999724	6.04242e-06 0.000276 51
rVSVOmicron	338	A	184091	0.999549	5.48615e-05	7.63434e-05	0.000320246 0.000451 83
rVSVOmicron	339	G	184987	0.000350943	2.63123e-05	1.2402e-05	0.99961 0.00039 72
rVSVOmicron	340	T	184413	7.62033e-05	0.999746	0.000166457	1.10751e-05 0.000254 47
rVSVOmicron	341	C	185417	7.89925e-05	0.000100342	0.999802	1.8229e-05 0.000198 37
rVSVOmicron	342	C	186269	5.67888e-05	9.7969e-05	0.999834	1.11253e-05 0.000166 31
rVSVOmicron	343	C	183110	4.1814e-05	8.87718e-05	0.999863	6.13935e-06 0.000137 25
rVSVOmicron	344	T	183509	3.07504e-05	0.999715	0.000254225	0 0.000285 52
rVSVOmicron	345	C	185697	4.97987e-05	0.000110573	0.999814	2.57184e-05 0.000186 35
rVSVOmicron	346	C	185845	3.32426e-05	9.53063e-05	0.999821	4.99457e-05 0.000179 33
rVSVOmicron	347	T	186246	1.85592e-05	0.999691	0.000284465	6.07691e-06 0.000309 58
rVSVOmicron	348	G	187860	6.03357e-05	4.80091e-05	1.20023e-05	0.99988 0.00012 23
rVSVOmicron	349	A	177551	0.99994	1.26161e-05	5.6261e-06	4.15991e-05 6e-05 11
rVSVOmicron	350	T	177932	0.000111052	0.999794	6.21466e-05	3.26623e-05 0.000206 37
rVSVOmicron	351	T	177111	1.27369e-05	0.999889	8.58882e-05	1.27369e-05 0.000111 20
rVSVOmicron	352	G	174523	8.41665e-05	3.13218e-05	1.45235e-05	0.99987 0.00013 23
rVSVOmicron	353	T	174631	1.28319e-05	0.999907	8.04593e-05	0 9.3e-05 16
rVSVOmicron	354	G	176103	6.54847e-05	7.01498e-05	0	0.999864 0.000136 24
rVSVOmicron	355	A	176511	0.99984	1.29024e-05	0	0.000146634 0.00016 28
rVSVOmicron	356	A	176913	0.999924	6.38895e-06	2.55558e-05	4.43773e-05 7.6e-05 13
rVSVOmicron	357	C	178009	3.16418e-05	0.00011545	0.999853	0 0.000147 26
rVSVOmicron	358	A	175214	0.999942	6.46005e-06	6.46005e-06	4.48711e-05 5.8e-05 10
rVSVOmicron	359	A	175630	0.999872	0	3.54968e-05	9.23624e-05 0.000128 22
rVSVOmicron	360	C	176854	2.55469e-05	0.000335908	0.999626	1.27735e-05 0.000374 66
rVSVOmicron	361	G	177519	0.00136001	6.82267e-05	6.43977e-06	0.998565 0.001435 255
rVSVOmicron	362	C	175133	8.91789e-05	0.000304226	0.9996	6.49531e-06 0.0004 70
rVSVOmicron	363	C	175824	5.13885e-05	0.000116666	0.999819	1.28471e-05 0.000181 32
rVSVOmicron	364	A	175770	0.999902	1.93846e-05	6.46153e-06	7.24739e-05 9.8e-05 17
rVSVOmicron	365	C	177085	2.57789e-05	4.45116e-05	0.999911	1.90764e-05 8.9e-05 16
rVSVOmicron	366	A	177167	0.999763	0	0.000134152	0.00010314 0.000237 42
rVSVOmicron	367	A	177554	0.999927	6.67567e-06	2.0027e-05	4.67297e-05 7.3e-05 13
rVSVOmicron	368	A	174475	0.999933	2.06304e-05	4.6465e-06	4.14467e-05 6.7e-05 12
rVSVOmicron	369	C	175556	2.11499e-05	0.000114033	0.999729	0.000135712 0.000271 48
rVSVOmicron	370	G	175512	0.000439881	6.49465e-06	0	0.999554 0.000446 78
rVSVOmicron	371	T	175024	1.34423e-05	0.999933	4.0327e-05	1.32607e-05 6.7e-05 12
rVSVOmicron	372	G	175383	6.82253e-05	7.66656e-05	3.25301e-05	0.999823 0.000177 31
rVSVOmicron	373	G	174178	6.58726e-05	4.0686e-05	6.34068e-06	0.999887 0.000113 20
rVSVOmicron	374	T	174040	0.0099488	0.990011	2.66603e-05	1.33302e-05 0.009989 1738
rVSVOmicron	375	G	175480	5.94263e-05	1.9344e-05	0.00753808	0.992383 0.007617 1337
rVSVOmicron	376	A	174408	0.999941	1.30272e-05	1.30272e-05	3.25681e-05 5.9e-05 10
rVSVOmicron	377	T	174771	0.000114603	0.999799	3.99483e-05	4.68173e-05 0.000201 35
rVSVOmicron	378	T	175226	4.01455e-05	0.999785	3.85746e-05	0.000135796 0.000215 38
rVSVOmicron	379	A	176389	0.999613	2.72871e-05	0.000123666	0.000235613 0.000387 68
rVSVOmicron	380	A	177188	0.999475	9.52785e-05	5.76868e-05	0.00037176 0.000525 93
rVSVOmicron	381	G	177672	9.51261e-05	0.000104901	1.29162e-05	0.999787 0.000213 38
rVSVOmicron	382	G	176349	0.00011273	1.9613e-05	2.61506e-05	0.999842 0.000158 28
rVSVOmicron	383	T	176056	1.93615e-05	0.999955	1.93615e-05	6.45382e-06 4.5e-05 8
rVSVOmicron	384	G	177668	7.98383e-05	2.41934e-05	1.65898e-05	0.999879 0.000121 21
rVSVOmicron	385	T	177700	1.275e-05	0.999924	5.66858e-05	6.375e-06 7.6e-05 14
rVSVOmicron	386	G	178918	0.000124385	8.38957e-05	1.26959e-05	0.999779 0.000221 40
rVSVOmicron	387	C	179590	5.2635e-05	0.000818863	0.999101	2.70941e-05 0.000899 161
rVSVOmicron	388	G	180481	0.000258835	3.45682e-05	2.52024e-05	0.999681 0.000319 58
rVSVOmicron	389	A	177454	0.99991	1.90181e-05	0	7.05898e-05 9e-05 16
rVSVOmicron	390	G	178469	0.00014296	2.43995e-05	6.6669e-05	0.999766 0.000234 42
rVSVOmicron	391	T	178952	0.000109937	0.999818	6.60669e-05	6.46686e-06 0.000182 33
rVSVOmicron	392	T	179470	6.3052e-06	0.99985	0.000131216	1.26104e-05 0.00015 27
rVSVOmicron	393	C	175439	6.772e-05	0.000143794	0.999775	1.3153e-05 0.000225 39
rVSVOmicron	394	C	176030	0.000125322	0.000606312	0.999228	4.05973e-05 0.000772 136
rVSVOmicron	395	A	175541	0.999606	2.58573e-05	0	0.000367768 0.000394 69
rVSVOmicron	396	G	176745	8.41198e-05	4.94925e-05	1.25917e-05	0.999854 0.000146 26
rVSVOmicron	397	T	177245	0.000138788	0.999782	7.43059e-05	5.17998e-06 0.000218 39
rVSVOmicron	398	T	177842	6.4726e-06	0.998789	0.00120495	0 0.001211 215
rVSVOmicron	399	C	176666	2.58717e-05	0.000114674	0.999813	4.68487e-05 0.000187 33
rVSVOmicron	400	T	176945	3.84334e-05	0.999747	0.000208094	6.40556e-06 0.000253 45
rVSVOmicron	401	G	179525	0.000199997	6.36276e-06	6.36276e-06	0.999787 0.000213 38
rVSVOmicron	402	C	180236	4.59162e-05	0.000142546	0.999812	0 0.000188 34
rVSVOmicron	403	A	180369	0.999809	6.30641e-06	3.3066e-05	0.000151354 0.000191 34
rVSVOmicron	404	A	181296	0.99992	6.36181e-06	1.90854e-05	5.41614e-05 8e-05 15
rVSVOmicron	405	C	182513	5.49006e-05	0.000221629	0.999705	1.87507e-05 0.000295 54
rVSVOmicron	406	G	183482	0.000238085	3.42047e-05	1.24687e-05	0.999715 0.000285 52
rVSVOmicron	407	A	183535	0.999961	1.24392e-05	0	2.62233e-05 3.9e-05 7
rVSVOmicron	408	C	184823	2.49213e-05	6.41555e-05	0.997132	0.00277889 0.002868 530
rVSVOmicron	409	C	185670	3.28406e-05	5.55242e-05	0.999899	1.25268e-05 0.000101 19
rVSVOmicron	410	C	184782	0.0298186	7.33421e-05	0.970096	1.2448e-05 0.029904 5526
rVSVOmicron	411	T	184848	3.07044e-05	0.999711	0.000189514	6.84025e-05 0.000289 53
rVSVOmicron	412	T	186183	1.95726e-05	0.999833	7.9701e-05	6.80632e-05 0.000167 31
rVSVOmicron	413	T	186576	2.82953e-05	0.999927	3.82235e-05	6.12238e-06 7.3e-05 14
rVSVOmicron	414	C	188211	5.76649e-05	5.03948e-05	0.99988	1.22269e-05 0.00012 23
rVSVOmicron	415	C	187926	0.000145609	8.69037e-05	0.999735	3.19911e-05 0.000265 50
rVSVOmicron	416	T	187952	4.90117e-05	0.999472	0.000466605	1.22529e-05 0.000528 99
rVSVOmicron	417	G	189740	6.66352e-05	6.72966e-05	1.98418e-05	0.999846 0.000154 29
rVSVOmicron	418	G	190207	0.000136185	5.99084e-05	4.86142e-05	0.999755 0.000245 47
rVSVOmicron	419	A	190350	0.999921	2.37158e-05	5.92894e-06	4.90339e-05 7.9e-05 15
rVSVOmicron	420	T	190843	0.000379223	0.99955	5.95808e-05	1.15941e-05 0.00045 86
rVSVOmicron	421	C	193669	4.19001e-05	7.18967e-05	0.999879	7.14206e-06 0.000121 23
rVSVOmicron	422	A	192856	0.999546	0.000380175	5.84884e-06	6.81311e-05 0.000454 88
rVSVOmicron	423	C	193629	1.44475e-05	0.000173687	0.999806	5.87425e-06 0.000194 38
rVSVOmicron	424	A	193014	0.999785	0	7.36081e-06	0.000207543 0.000215 41
rVSVOmicron	425	A	191909	0.999149	0.000503819	1.1881e-05	0.000335237 0.000851 163
rVSVOmicron	426	G	191150	0.000208363	0.000485515	1.23252e-05	0.999294 0.000706 135
rVSVOmicron	427	A	193915	0.999938	5.91995e-06	0	5.59995e-05 6.2e-05 12
rVSVOmicron	428	A	194483	0.999917	5.85728e-06	1.15563e-05	6.58549e-05 8.3e-05 16
rVSVOmicron	429	C	191017	1.19193e-05	9.06831e-05	0.999897	0 0.000103 20
rVSVOmicron	430	A	190879	0.99994	2.98114e-05	1.19246e-05	1.78868e-05 6e-05 11
rVSVOmicron	431	A	190924	0.99993	6.08657e-06	1.79307e-05	4.5567e-05 7e-05 13
rVSVOmicron	432	C	191592	2.38518e-05	0.000339082	0.999637	0 0.000363 70
rVSVOmicron	433	A	191009	0.999557	6.15852e-06	1.2317e-05	0.000424771 0.000443 85
rVSVOmicron	434	A	189303	0.999871	7.84998e-06	5.6827e-05	6.4677e-05 0.000129 24
rVSVOmicron	435	G	189958	4.39132e-05	2.50933e-05	0	0.999931 6.9e-05 13
rVSVOmicron	436	T	191743	2.46762e-05	0.999938	3.08452e-05	6.16904e-06 6.2e-05 12
rVSVOmicron	437	C	190644	3.6557e-05	1.72905e-05	0.99994	6.09284e-06 6e-05 11
rVSVOmicron	438	T	190595	1.2286e-05	0.999907	6.9067e-05	1.11238e-05 9.3e-05 18
rVSVOmicron	439	T	192259	2.5478e-05	0.999931	3.16446e-05	1.20087e-05 6.9e-05 13
rVSVOmicron	440	G	193473	6.38677e-05	0.000110608	3.10535e-05	0.999794 0.000206 40
rVSVOmicron	441	G	194111	4.73513e-05	9.21603e-05	3.5434e-05	0.999825 0.000175 34
rVSVOmicron	442	A	194092	0.999807	3.57333e-05	5.82437e-06	0.000151434 0.000193 37
rVSVOmicron	443	T	194684	5.82749e-06	0.999956	3.81149e-05	0 4.4e-05 9
rVSVOmicron	444	G	196012	0.000145815	7.84189e-05	4.83426e-05	0.999727 0.000273 54
rVSVOmicron	445	G	196563	1.15777e-05	4.06784e-05	1.73665e-05	0.99993 7e-05 14
rVSVOmicron	446	A	195183	0.999804	1.72377e-05	1.72377e-05	0.00016104 0.000196 38
rVSVOmicron	447	G	196472	5.74057e-05	5.16652e-05	1.14811e-05	0.999879 0.000121 24
rVSVOmicron	448	T	196860	3.48315e-05	0.996839	0.00312609	0 0.003161 622
rVSVOmicron	449	C	194763	4.6499e-05	0.000406552	0.999512	3.48742e-05 0.000488 95
rVSVOmicron	450	T	194924	1.72602e-05	0.999601	0.000352513	2.8767e-05 0.000399 78
rVSVOmicron	451	G	197525	4.12947e-05	5.05398e-05	5.16184e-05	0.999857 0.000143 28
rVSVOmicron	452	A	197305	0.999364	0.000293897	5.71423e-06	0.000336676 0.000636 125
rVSVOmicron	453	G	197662	5.83794e-05	0.000373998	5.69931e-06	0.999562 0.000438 87
rVSVOmicron	454	T	198341	0.000176481	0.999766	4.7269e-05	1.02624e-05 0.000234 46
rVSVOmicron	455	T	198858	5.73823e-06	0.999887	0.00010732	0 0.000113 22
rVSVOmicron	456	C	200105	0.00220994	6.22969e-05	0.997656	7.20451e-05 0.002344 469
rVSVOmicron	457	A	199166	0.999597	4.52174e-05	1.00823e-05	0.000347227 0.000403 80
rVSVOmicron	458	G	200330	5.5243e-05	5.18857e-05	2.3959e-05	0.999869 0.000131 26
rVSVOmicron	459	A	201083	0.999888	5.65772e-06	5.65772e-06	0.000100463 0.000112 23
rVSVOmicron	460	G	201691	6.87958e-05	1.18456e-05	6.98589e-06	0.999912 8.8e-05 18
rVSVOmicron	461	T	202433	5.56471e-06	0.999912	6.0159e-05	2.22588e-05 8.8e-05 18
rVSVOmicron	462	G	203406	0.000119716	3.32627e-05	0	0.999847 0.000153 31
rVSVOmicron	463	T	194575	1.15422e-05	0.999941	4.72606e-05	0 5.9e-05 11
rVSVOmicron	464	A	194760	0.999896	3.12155e-06	1.73246e-05	8.36575e-05 0.000104 20
rVSVOmicron	465	C	194759	1.74556e-05	0.00304057	0.996904	3.80562e-05 0.003096 603
rVSVOmicron	466	T	187770	4.8155e-05	0.999779	0.000172772	0 0.000221 41
rVSVOmicron	467	C	188058	2.97349e-05	1.32514e-05	0.999939	1.82611e-05 6.1e-05 11
rVSVOmicron	468	T	187994	6.06004e-06	0.999878	0.000103348	1.21201e-05 0.000122 23
rVSVOmicron	469	A	189057	0.999811	6.09814e-06	0	0.000182779 0.000189 36
rVSVOmicron	470	G	189873	4.8872e-05	5.333e-05	0	0.999898 0.000102 19
rVSVOmicron	471	C	186979	6.82962e-05	0.000194546	0.999737	0 0.000263 49
rVSVOmicron	472	G	187390	0.000536545	8.4709e-05	1.35731e-05	0.999365 0.000635 119
rVSVOmicron	473	C	187802	4.38897e-05	9.23648e-05	0.999858	6.0594e-06 0.000142 27
rVSVOmicron	474	C	188388	3.13998e-05	4.62905e-05	0.99991	1.19773e-05 9e-05 17
rVSVOmicron	475	A	188054	0.999941	1.1989e-05	0	4.66598e-05 5.9e-05 11
rVSVOmicron	476	A	188423	0.999969	0	0	3.11003e-05 3.1e-05 6
rVSVOmicron	477	C	189316	2.96657e-05	7.40841e-05	0.99989	5.93315e-06 0.00011 21
rVSVOmicron	478	A	189320	0.999908	1.20066e-05	6.00328e-06	7.43108e-05 9.2e-05 17
rVSVOmicron	479	A	189756	0.999934	1.22192e-05	3.53366e-05	1.83288e-05 6.6e-05 13
rVSVOmicron	480	C	189046	4.74736e-05	3.84921e-05	0.999902	1.18684e-05 9.8e-05 19
rVSVOmicron	481	T	189468	6.07836e-05	0.999491	0.000349259	9.87323e-05 0.000509 96
rVSVOmicron	482	G	191804	0.000758943	9.11181e-05	1.1871e-05	0.999138 0.000862 165
rVSVOmicron	483	C	193785	3.2159e-05	0.000331159	0.999538	9.86732e-05 0.000462 90
rVSVOmicron	484	A	195420	0.999939	4.66776e-06	4.20099e-06	5.18122e-05 6.1e-05 12
rVSVOmicron	485	C	197351	3.57488e-05	6.43788e-05	0.999895	4.6427e-06 0.000105 21
rVSVOmicron	486	C	186439	7.24866e-05	6.79154e-05	0.999855	4.89774e-06 0.000145 27
rVSVOmicron	487	T	186653	7.92704e-05	0.999372	0.000500343	4.87818e-05 0.000628 117
rVSVOmicron	488	T	187711	0	0.999872	0.000127611	0 0.000128 24
rVSVOmicron	489	C	188817	4.16188e-05	0.00013257	0.999814	1.18911e-05 0.000186 35
rVSVOmicron	490	G	189549	6.66628e-05	5.33623e-05	3.55749e-05	0.999844 0.000156 30
rVSVOmicron	491	A	189440	0.999916	2.36141e-05	0	6.04712e-05 8.4e-05 16
rVSVOmicron	492	G	186367	9.25959e-05	3.21787e-05	6.07456e-06	0.999869 0.000131 24
rVSVOmicron	493	T	186792	2.57069e-05	0.999842	0.000126733	6.05832e-06 0.000158 30
rVSVOmicron	494	A	183316	0.998751	0.00113618	0	0.000112892 0.001249 229
rVSVOmicron	495	C	179081	6.29478e-06	0.000336516	0.999646	1.12285e-05 0.000354 63
rVSVOmicron	496	G	178232	0.000309704	5.36683e-05	0	0.999637 0.000363 65
rVSVOmicron	497	T	177436	4.21642e-05	0.999493	0.000452401	1.27875e-05 0.000507 90
rVSVOmicron	498	G	177284	0.000103451	3.32828e-05	1.26955e-05	0.999851 0.000149 26
rVSVOmicron	499	T	177260	0.000333222	0.999542	0.000111755	1.26065e-05 0.000458 81
rVSVOmicron	500	C	178309	6.72069e-05	7.68078e-05	0.999837	1.90305e-05 0.000163 29
rVSVOmicron	501	C	178818	8.51579e-05	6.57328e-05	0.999823	2.56688e-05 0.000177 32
rVSVOmicron	502	C	179326	0.000107023	0.00010549	0.999764	2.3177e-05 0.000236 42
rVSVOmicron	503	A	178752	0.999691	2.86774e-05	6.27848e-06	0.000273538 0.000309 55
rVSVOmicron	504	G	179627	0.00011588	5.70854e-05	1.26477e-05	0.999814 0.000186 33
rVSVOmicron	505	C	180675	9.63346e-05	0.000129014	0.999756	1.88925e-05 0.000244 44
rVSVOmicron	506	C	176170	0.000117775	8.08943e-05	0.999795	6.43675e-06 0.000205 36
rVSVOmicron	507	T	176062	6.67912e-05	0.999581	0.00029871	5.37502e-05 0.000419 74
rVSVOmicron	508	T	176939	1.39318e-05	0.999794	0.000121621	7.00356e-05 0.000206 36
rVSVOmicron	509	T	177136	6.36492e-06	0.999901	9.25493e-05	0 9.9e-05 18
rVSVOmicron	510	C	178256	4.45133e-05	7.78552e-05	0.999846	3.17952e-05 0.000154 27
rVSVOmicron	511	C	175515	9.04247e-05	8.57023e-05	0.999806	1.81899e-05 0.000194 34
rVSVOmicron	512	T	175469	1.93391e-05	0.99947	0.000497589	1.28927e-05 0.00053 93
rVSVOmicron	513	C	177105	9.03513e-05	0.00404249	0.995854	1.26869e-05 0.004146 734
rVSVOmicron	514	A	177206	0.999717	1.34294e-05	2.8855e-05	0.00024064 0.000283 50
rVSVOmicron	515	T	178337	7.99219e-06	0.999818	0.000152894	2.13704e-05 0.000182 32
rVSVOmicron	516	G	180198	9.75986e-05	0.00127758	2.55205e-05	0.998599 0.001401 252
rVSVOmicron	517	G	181425	7.77487e-05	1.56507e-05	6.22662e-06	0.9999 0.0001 18
rVSVOmicron	518	A	182156	0.997386	0	0	0.00261384 0.002614 476
rVSVOmicron	519	C	183796	3.1024e-05	7.32837e-05	0.999871	2.46515e-05 0.000129 24
rVSVOmicron	520	C	142492	9.09568e-05	7.16043e-05	0.999837	0 0.000163 23
rVSVOmicron	521	T	143028	2.38611e-05	0.99803	0.00192845	1.78421e-05 0.00197 282
rVSVOmicron	522	G	142778	0.000102863	6.33006e-05	5.73127e-05	0.999777 0.000223 32
rVSVOmicron	523	G	143655	0.000906945	7.48017e-05	0.000202791	0.998815 0.001185 170
