rVSVOmicron	8	T	10470	0	0.999887	0	0.000112823 0.000113 1
rVSVOmicron	9	G	11312	4.22214e-05	0	0	0.999958 4.2e-05 0
rVSVOmicron	10	T	11825	0	0.999872	0.000127726	0 0.000128 2
rVSVOmicron	12	C	13296	0	0.000127706	0.999872	0 0.000128 2
rVSVOmicron	13	C	14050	0	0.000210629	0.999789	0 0.000211 3
rVSVOmicron	14	T	14593	7.88235e-05	0.99954	0.000381335	0 0.00046 7
rVSVOmicron	15	C	15555	0	0	0.999926	7.35323e-05 7.4e-05 1
rVSVOmicron	16	G	16556	0.000389615	6.93066e-05	0	0.999541 0.000459 8
rVSVOmicron	17	T	17268	0	0.999806	0.000193831	0 0.000194 3
rVSVOmicron	18	G	18206	0.000113427	0	0	0.999887 0.000113 2
rVSVOmicron	19	C	18906	0	0.000119894	0.99988	0 0.00012 2
rVSVOmicron	20	T	19684	0	0.999814	0.000162579	2.32256e-05 0.000186 4
rVSVOmicron	21	C	20707	5.47141e-05	5.76717e-05	0.999888	0 0.000112 2
rVSVOmicron	22	C	21451	0	0.000534476	0.999466	0 0.000534 11
rVSVOmicron	23	T	22241	0.000396802	0.99938	0.000172403	5.06264e-05 0.00062 14
rVSVOmicron	24	G	23278	0.000291727	5.91338e-05	4.86211e-05	0.999601 0.000399 9
rVSVOmicron	25	C	24116	4.70583e-05	0.000131	0.999822	0 0.000178 4
rVSVOmicron	26	C	24854	0.000102145	0.00053903	0.999359	0 0.000641 16
rVSVOmicron	27	T	25547	0	0.999823	0.000177305	0 0.000177 5
rVSVOmicron	28	C	26349	4.25991e-05	0.000118587	0.999839	0 0.000161 4
rVSVOmicron	29	T	27155	8.29933e-05	0.998388	0.00152865	0 0.001612 44
rVSVOmicron	30	G	28520	0.00611517	7.92231e-05	0.000118835	0.993687 0.006313 180
rVSVOmicron	31	G	28809	9.44216e-05	7.85078e-05	0	0.999827 0.000173 5
rVSVOmicron	32	T	29544	0	0.999762	0.0002385	0 0.000238 7
rVSVOmicron	33	G	30513	0.000228807	3.69689e-05	0	0.999734 0.000266 8
rVSVOmicron	34	T	31085	0	0.999818	0.000181896	0 0.000182 6
rVSVOmicron	35	C	31841	3.50876e-05	0.000113798	0.999781	7.01752e-05 0.000219 7
rVSVOmicron	36	T	32704	0	0.999799	0.000200586	0 0.000201 7
rVSVOmicron	37	A	34317	0.999902	0	0	9.83609e-05 9.8e-05 3
rVSVOmicron	38	G	35201	0.000205446	0	3.31943e-05	0.999761 0.000239 8
rVSVOmicron	39	C	36081	9.38776e-05	0.000169149	0.999737	0 0.000263 9
rVSVOmicron	40	C	37109	3.0378e-05	0.00011166	0.999858	0 0.000142 5
rVSVOmicron	41	A	38137	0.999909	0	0	9.13669e-05 9.1e-05 3
rVSVOmicron	42	G	38926	0	8.70522e-05	2.90174e-05	0.999884 0.000116 5
rVSVOmicron	43	T	39641	0.000115217	0.999832	5.29375e-05	0 0.000168 7
rVSVOmicron	44	G	40118	2.82776e-05	8.48328e-05	2.82776e-05	0.999859 0.000141 6
rVSVOmicron	45	C	40745	0	0.000671464	0.999306	2.26336e-05 0.000694 28
rVSVOmicron	46	G	42504	0.000472308	0.000147821	0	0.99938 0.00062 26
rVSVOmicron	47	T	44122	2.58885e-05	0.999824	9.86561e-05	5.1777e-05 0.000176 8
rVSVOmicron	48	G	46260	0.000176154	0.00018539	0	0.999638 0.000362 17
rVSVOmicron	49	A	48605	0.999128	0.000633172	0	0.000238541 0.000872 42
rVSVOmicron	50	A	51578	0.999723	0.000114027	4.56109e-05	0.000117725 0.000277 14
rVSVOmicron	51	C	53893	2.0858e-05	0.0001088	0.99987	0 0.00013 7
rVSVOmicron	52	C	40776	5.5682e-05	0.000206174	0.99971	2.7841e-05 0.00029 12
rVSVOmicron	53	T	41641	5.43992e-05	0.999324	0.000540316	8.15988e-05 0.000676 28
rVSVOmicron	54	G	42588	0.000176604	2.67802e-05	0	0.999797 0.000203 9
rVSVOmicron	55	A	43024	0.999734	0.000106342	0	0.000159513 0.000266 11
rVSVOmicron	56	C	43812	2.46185e-05	0.000184287	0.999765	2.60253e-05 0.000235 10
rVSVOmicron	57	C	44762	5.09611e-05	0.000183873	0.99974	2.54805e-05 0.00026 12
rVSVOmicron	58	A	45613	0.999899	0	5.0304e-05	5.0304e-05 0.000101 5
rVSVOmicron	59	C	46449	7.32869e-05	0.000195432	0.999731	0 0.000269 12
rVSVOmicron	60	A	47383	0.999639	0	4.79825e-05	0.000313183 0.000361 17
rVSVOmicron	61	C	48226	2.35297e-05	0.00109763	0.998879	0 0.001121 54
rVSVOmicron	62	G	49372	0.0239765	0.00016849	2.32616e-05	0.975832 0.024168 1193
rVSVOmicron	63	G	50314	9.11325e-05	4.55662e-05	0	0.999863 0.000137 7
rVSVOmicron	64	A	50022	0.999813	4.55955e-05	0	0.000141716 0.000187 9
rVSVOmicron	65	C	50804	4.91638e-05	0.000108039	0.999843	0 0.000157 8
rVSVOmicron	66	C	51791	2.78752e-05	0.000374497	0.999598	0 0.000402 21
rVSVOmicron	67	C	52806	2.18529e-05	0.000145293	0.999762	7.08744e-05 0.000238 13
rVSVOmicron	68	A	53904	0.999685	0	7.46366e-05	0.00024011 0.000315 17
rVSVOmicron	69	G	54574	0.000517287	8.34701e-05	0.000301514	0.999098 0.000902 49
rVSVOmicron	70	C	55045	0.0039034	0.000279896	0.995817	0 0.004183 230
rVSVOmicron	71	T	55906	6.13131e-05	0.999849	8.94839e-05	0 0.000151 8
rVSVOmicron	72	C	57205	6.43734e-05	0.000167154	0.999708	6.00458e-05 0.000292 17
rVSVOmicron	73	C	58599	6.40736e-05	0.00216676	0.997769	0 0.002231 131
rVSVOmicron	74	C	58723	0.000193005	0.000117712	0.99967	1.96186e-05 0.00033 19
rVSVOmicron	75	T	59430	3.84644e-05	0.999677	0.000265612	1.92322e-05 0.000323 19
rVSVOmicron	76	C	60708	0.000102354	0.000113047	0.999765	1.93505e-05 0.000235 14
rVSVOmicron	77	C	61639	7.51065e-05	0.000410041	0.999496	1.87766e-05 0.000504 31
rVSVOmicron	78	C	62746	0.000110791	0.000714649	0.999101	7.38604e-05 0.000899 56
rVSVOmicron	79	G	63775	0.00362512	8.80595e-05	5.43034e-05	0.996233 0.003767 240
rVSVOmicron	80	C	65780	0	8.71816e-05	0.999913	0 8.7e-05 6
rVSVOmicron	81	C	64071	4.32044e-05	0.000501947	0.999419	3.59227e-05 0.000581 37
rVSVOmicron	82	T	64818	1.78392e-05	0.99959	0.000356783	3.56783e-05 0.00041 27
rVSVOmicron	83	A	66167	0.99974	1.7733e-05	1.19818e-05	0.00023005 0.00026 17
rVSVOmicron	84	C	67063	5.14765e-05	0.00015814	0.99979	0 0.00021 14
rVSVOmicron	85	A	68001	0.999824	8.52505e-05	0	9.12411e-05 0.000176 12
rVSVOmicron	86	C	68927	0	0.000114591	0.999885	0 0.000115 8
rVSVOmicron	87	A	69921	0.999879	1.67065e-05	0	0.000104302 0.000121 8
rVSVOmicron	88	A	70810	0.999914	0	0	8.62505e-05 8.6e-05 6
rVSVOmicron	89	A	68334	0.999893	0	1.82085e-05	8.90742e-05 0.000107 7
rVSVOmicron	90	C	68927	0	3.8204e-05	0.999945	1.65704e-05 5.5e-05 4
rVSVOmicron	91	T	68858	0	0.999862	0.000138021	0 0.000138 10
rVSVOmicron	92	C	69683	4.97769e-05	0	0.999934	1.65923e-05 6.6e-05 5
rVSVOmicron	93	T	70368	0	0.99874	0.00121043	5.00586e-05 0.00126 89
rVSVOmicron	94	T	71357	6.78496e-05	0.999848	6.78496e-05	1.67362e-05 0.000152 11
rVSVOmicron	95	T	72317	4.85618e-05	0.999499	0.000452806	0 0.000501 36
rVSVOmicron	96	C	73701	3.15178e-05	0.0099081	0.99006	0 0.00994 733
rVSVOmicron	97	A	74609	0.999887	0	0	0.00011335 0.000113 8
rVSVOmicron	98	C	75194	2.92902e-05	9.66578e-05	0.999874	0 0.000126 9
rVSVOmicron	99	C	76018	0.000124168	0.000166116	0.999679	3.10419e-05 0.000321 24
rVSVOmicron	100	C	77038	0.000122581	0.000228596	0.99963	1.86356e-05 0.00037 29
rVSVOmicron	101	G	78155	0.000312438	6.36222e-05	0.000319732	0.999304 0.000696 54
rVSVOmicron	102	G	79026	0.00107337	2.10623e-05	2.99733e-05	0.998876 0.001124 89
rVSVOmicron	103	G	79764	6.3301e-05	2.98362e-05	1.49181e-05	0.999892 0.000108 9
rVSVOmicron	104	G	80431	0.000123954	2.94938e-05	0	0.999847 0.000153 12
rVSVOmicron	105	C	81363	2.86861e-05	0.000327952	0.999601	4.22538e-05 0.000399 32
rVSVOmicron	106	G	82189	0.000622354	1.42142e-05	1.42142e-05	0.999349 0.000651 54
rVSVOmicron	107	T	82882	1.43347e-05	0.999957	2.86694e-05	0 4.3e-05 4
rVSVOmicron	108	G	84104	0.00154721	1.39016e-05	2.78032e-05	0.998411 0.001589 134
rVSVOmicron	109	T	84843	5.51935e-05	0.999842	0.000102928	0 0.000158 13
rVSVOmicron	110	A	86060	0.999875	1.37556e-05	1.37556e-05	9.77762e-05 0.000125 11
rVSVOmicron	111	C	86653	5.38517e-05	0.000130991	0.999815	0 0.000185 16
rVSVOmicron	112	T	87486	0	0.999627	0.000359662	1.34013e-05 0.000373 33
rVSVOmicron	113	A	88851	0.99985	0	1.08184e-05	0.000138836 0.00015 13
rVSVOmicron	114	C	89527	0	0.000120916	0.999879	0 0.000121 11
rVSVOmicron	115	C	90543	6.37244e-05	0.000117536	0.999819	0 0.000181 16
rVSVOmicron	116	C	91281	2.2903e-05	0.000231849	0.999719	2.60742e-05 0.000281 26
rVSVOmicron	117	C	92312	7.72367e-05	0.000131859	0.999752	3.86184e-05 0.000248 23
rVSVOmicron	118	G	93636	0.000482845	1.25723e-05	0	0.999505 0.000495 46
rVSVOmicron	119	A	95022	0.999938	2.60422e-05	0	3.60584e-05 6.2e-05 6
rVSVOmicron	120	C	96826	0	2.22489e-05	0.999978	0 2.2e-05 2
rVSVOmicron	121	A	99151	0.999842	0	2.41781e-05	0.000133633 0.000158 16
rVSVOmicron	122	A	101556	0.999786	2.37367e-05	9.623e-06	0.000180912 0.000214 22
rVSVOmicron	123	G	103643	0.00012028	0.000188613	1.14405e-05	0.99968 0.00032 33
rVSVOmicron	124	G	96453	0.000132251	1.23257e-05	0	0.999855 0.000145 14
rVSVOmicron	125	T	97120	1.21916e-05	0.999948	3.95402e-05	0 5.2e-05 5
rVSVOmicron	126	G	98410	0.000110203	3.60843e-05	0	0.999854 0.000146 14
rVSVOmicron	127	T	99038	0	0.999898	7.69282e-05	2.46437e-05 0.000102 10
rVSVOmicron	128	T	99970	2.37323e-05	0.999922	4.26541e-05	1.18662e-05 7.8e-05 8
rVSVOmicron	129	C	101174	7.74883e-05	0.000368387	0.999554	0 0.000446 45
rVSVOmicron	130	C	102143	9.52901e-05	0.0002499	0.999643	1.16746e-05 0.000357 36
rVSVOmicron	131	G	103433	0.000183925	0.000176456	7.43792e-05	0.999565 0.000435 45
rVSVOmicron	132	G	103973	8.54442e-05	2.2909e-05	0	0.999892 0.000108 11
rVSVOmicron	133	T	101814	1.17592e-05	0.999859	9.69341e-05	3.27351e-05 0.000141 14
rVSVOmicron	134	C	102266	1.40886e-05	1.44017e-05	0.999972	0 2.8e-05 3
rVSVOmicron	135	T	103076	1.15124e-05	0.999974	1.40016e-05	0 2.6e-05 3
rVSVOmicron	136	A	104939	0.999705	0	3.45193e-05	0.000260294 0.000295 31
rVSVOmicron	137	G	104477	9.58069e-05	0.000110256	5.12017e-05	0.999743 0.000257 27
rVSVOmicron	138	C	105261	4.41112e-05	0.000365755	0.99959	0 0.00041 43
rVSVOmicron	139	G	105918	0.000376134	3.37791e-05	2.52582e-05	0.999565 0.000435 46
rVSVOmicron	140	T	106539	1.11988e-05	0.999901	8.74715e-05	0 9.9e-05 11
rVSVOmicron	141	G	107747	0.000156784	4.45816e-05	2.21412e-05	0.999776 0.000224 24
rVSVOmicron	142	C	108360	5.51375e-05	0.000223828	0.999699	2.2055e-05 0.000301 33
rVSVOmicron	143	T	109043	1.09552e-05	0.99971	0.000257299	2.19104e-05 0.00029 32
rVSVOmicron	144	C	110589	3.50521e-05	5.40386e-05	0.999911	0 8.9e-05 10
rVSVOmicron	145	C	111507	0.000114914	3.22107e-05	0.99984	1.33486e-05 0.00016 18
rVSVOmicron	146	A	111402	0.999884	3.20362e-05	5.22392e-05	3.20362e-05 0.000116 13
rVSVOmicron	147	C	111589	3.44609e-05	0.000151341	0.999814	0 0.000186 21
rVSVOmicron	148	T	111839	1.06113e-05	0.999656	0.000319773	1.31924e-05 0.000344 38
rVSVOmicron	149	C	112194	6.27952e-05	0.000443809	0.999483	1.04659e-05 0.000517 58
rVSVOmicron	150	T	112406	3.40867e-05	0.999685	0.000281215	0 0.000315 35
rVSVOmicron	151	A	112511	0.999921	2.38013e-05	0	5.56319e-05 7.9e-05 9
rVSVOmicron	152	C	113370	1.29122e-05	0.000189193	0.99979	7.57893e-06 0.00021 24
rVSVOmicron	153	A	113351	0.99987	0	1.04714e-05	0.000119996 0.00013 15
rVSVOmicron	154	C	110085	3.44536e-05	0.000225097	0.99973	1.06232e-05 0.00027 30
rVSVOmicron	155	A	110325	0.999379	4.54419e-05	5.35461e-05	0.000521568 0.000621 69
rVSVOmicron	156	G	111824	0.000136568	0.00110051	1.05271e-05	0.998752 0.001248 140
rVSVOmicron	157	G	113653	0.000100842	1.03643e-05	0	0.999889 0.000111 13
rVSVOmicron	158	A	114749	0.999924	2.23194e-05	1.01953e-05	4.32611e-05 7.6e-05 9
rVSVOmicron	159	C	117152	0.00040754	8.30326e-05	0.99868	0.000828964 0.00132 155
rVSVOmicron	160	C	106266	5.75194e-05	0.000137689	0.999805	0 0.000195 21
rVSVOmicron	161	T	106230	6.37056e-05	0.998985	0.000894545	5.71869e-05 0.001015 108
rVSVOmicron	162	G	105904	0.000271148	0	0.00048567	0.999243 0.000757 80
rVSVOmicron	163	T	106102	2.34758e-05	0.99846	0.000111351	0.00140474 0.00154 163
rVSVOmicron	164	T	106411	0.000463847	0.998685	2.22166e-05	0.00082922 0.001315 140
rVSVOmicron	165	C	107990	1.0908e-05	0.00024204	0.99972	2.74175e-05 0.00028 30
rVSVOmicron	166	C	105467	4.69279e-05	0.000159435	0.999794	0 0.000206 22
rVSVOmicron	167	T	105788	2.19041e-05	0.999697	0.000270249	1.09521e-05 0.000303 32
rVSVOmicron	168	C	106951	3.80959e-05	8.97764e-05	0.99985	2.18535e-05 0.00015 16
rVSVOmicron	169	C	107659	7.1949e-05	7.43473e-05	0.99985	3.89724e-06 0.00015 16
rVSVOmicron	170	C	107959	0.000150249	5.73787e-05	0.99977	2.18867e-05 0.00023 25
rVSVOmicron	171	T	108255	0	0.999704	0.000260507	3.56046e-05 0.000296 32
rVSVOmicron	172	T	108923	1.10836e-05	0.999929	3.69455e-05	2.2783e-05 7.1e-05 8
rVSVOmicron	173	T	109309	0	0.999934	6.62375e-05	0 6.6e-05 7
rVSVOmicron	174	C	108963	0.000136046	0.000154821	0.999709	0 0.000291 32
rVSVOmicron	175	T	109068	2.42631e-05	0.999852	0.000102314	2.16322e-05 0.000148 16
rVSVOmicron	176	T	110170	1.66564e-05	0.999824	0.000148472	1.06256e-05 0.000176 19
rVSVOmicron	177	C	111017	4.18441e-05	7.32271e-05	0.999874	1.0461e-05 0.000126 14
rVSVOmicron	178	A	110697	0.999778	1.97548e-05	0	0.000202415 0.000222 25
rVSVOmicron	179	G	110924	0.000133798	4.75411e-05	1.90734e-05	0.9998 0.0002 22
rVSVOmicron	180	C	111878	4.28148e-05	9.63334e-05	0.999861	0 0.000139 16
rVSVOmicron	181	A	112240	0.999653	2.06168e-05	2.00596e-05	0.000306188 0.000347 39
rVSVOmicron	182	A	112481	0.999887	0	2.10978e-05	9.20892e-05 0.000113 13
rVSVOmicron	183	C	113353	7.23121e-05	0.000157646	0.998216	0.00155374 0.001784 202
rVSVOmicron	184	G	112684	0.000546595	0.000141201	0	0.999312 0.000688 78
rVSVOmicron	185	T	113152	1.03279e-05	0.999912	6.6992e-05	1.03279e-05 8.8e-05 10
rVSVOmicron	186	G	114429	3.10286e-05	4.06392e-05	2.03196e-05	0.999908 9.2e-05 11
rVSVOmicron	187	A	114635	0.999843	3.03821e-05	5.31003e-05	7.33551e-05 0.000157 18
rVSVOmicron	188	C	115572	2.25861e-05	0.000110753	0.999867	0 0.000133 15
rVSVOmicron	189	A	113164	0.999833	0	9.77523e-06	0.000157242 0.000167 19
rVSVOmicron	190	T	113628	0	0.999933	5.68301e-05	9.97992e-06 6.7e-05 8
rVSVOmicron	191	G	114394	0.00015554	6.64229e-05	2.29713e-05	0.999755 0.000245 28
rVSVOmicron	192	G	114407	0.000106778	0.000223213	0	0.99967 0.00033 38
rVSVOmicron	193	T	114577	1.05302e-05	0.999794	0.000103595	9.19259e-05 0.000206 24
rVSVOmicron	194	T	115169	1.00829e-05	0.999889	0.000101374	0 0.000111 13
rVSVOmicron	195	C	116294	4.05252e-05	7.75147e-05	0.999872	1.00633e-05 0.000128 15
rVSVOmicron	196	C	116923	3.56586e-05	0.000180724	0.999749	3.48481e-05 0.000251 29
rVSVOmicron	197	A	117118	0.999721	3.12038e-05	2.98588e-05	0.00021762 0.000279 33
rVSVOmicron	198	C	117895	1.9754e-05	0.000263208	0.999717	0 0.000283 33
rVSVOmicron	199	G	118530	0.000533692	9.86836e-06	2.61378e-05	0.99943 0.00057 68
rVSVOmicron	200	T	118782	2.95606e-05	0.999858	0.000102118	9.94311e-06 0.000142 17
rVSVOmicron	201	G	119571	0.00013898	7.29118e-05	9.73912e-06	0.999778 0.000222 27
rVSVOmicron	202	A	119399	0.99991	2.90648e-05	1.93766e-05	4.11097e-05 9e-05 11
rVSVOmicron	203	T	118528	0	0.999173	0.000826749	0 0.000827 98
rVSVOmicron	204	C	116880	1.92917e-05	0.000185682	0.999785	9.91377e-06 0.000215 25
rVSVOmicron	205	T	117069	1.23001e-05	0.999867	0.000121129	0 0.000133 16
rVSVOmicron	206	C	117485	2.95592e-05	0.000137676	0.999823	9.85305e-06 0.000177 21
rVSVOmicron	207	T	117841	9.846e-06	0.99978	0.000197452	1.30393e-05 0.00022 26
rVSVOmicron	208	G	118594	0.000179815	2.96134e-05	0.000137929	0.999653 0.000347 41
rVSVOmicron	209	G	118311	0.000307993	7.02298e-05	1.98359e-05	0.999602 0.000398 47
rVSVOmicron	210	C	118930	5.88711e-05	0.000279505	0.999662	0 0.000338 40
rVSVOmicron	211	A	118904	0.99991	2.9296e-05	1.95307e-05	4.14367e-05 9e-05 11
rVSVOmicron	212	C	119631	2.91446e-05	7.27302e-05	0.999888	9.71487e-06 0.000112 13
rVSVOmicron	213	A	119665	0.999856	4.86186e-05	9.72372e-06	8.59367e-05 0.000144 17
rVSVOmicron	214	A	119994	0.999701	0	9.95796e-05	0.000198894 0.000299 36
rVSVOmicron	215	A	120236	0.999914	3.03899e-05	3.31277e-05	2.24502e-05 8.6e-05 10
rVSVOmicron	216	C	121056	0.00027072	0.000384298	0.999335	9.59449e-06 0.000665 81
rVSVOmicron	217	G	121334	0.000150173	0.000107379	3.25551e-05	0.99971 0.00029 35
rVSVOmicron	218	G	121427	0.00175986	2.1449e-05	0	0.998219 0.001781 216
rVSVOmicron	219	C	121714	3.10283e-05	0.000307698	0.999623	3.82683e-05 0.000377 46
rVSVOmicron	220	A	121746	0.99978	2.24173e-05	1.90676e-05	0.000178308 0.00022 27
rVSVOmicron	221	C	122534	1.89574e-05	5.91777e-05	0.999912	9.47868e-06 8.8e-05 11
rVSVOmicron	222	A	122614	0.99988	9.54645e-06	9.54645e-06	0.000101141 0.00012 15
rVSVOmicron	223	A	122916	0.999866	9.68143e-06	2.90443e-05	9.5506e-05 0.000134 16
rVSVOmicron	224	A	122994	0.995701	2.90614e-05	5.4981e-05	0.00421469 0.004299 529
rVSVOmicron	225	G	123707	4.05017e-05	2.14117e-05	1.59943e-05	0.999922 7.8e-05 10
rVSVOmicron	226	C	124461	8.8909e-05	0.000794355	0.999117	0 0.000883 110
rVSVOmicron	227	G	125520	0.000110068	1.71272e-05	0	0.999873 0.000127 16
rVSVOmicron	228	G	125206	0.000107366	2.0968e-05	9.34718e-06	0.999862 0.000138 17
rVSVOmicron	229	T	125151	9.34533e-06	0.996061	0.00392024	9.34533e-06 0.003939 493
rVSVOmicron	230	T	123056	0.00393452	0.996014	4.17856e-05	9.48508e-06 0.003986 491
rVSVOmicron	231	C	122857	9.42129e-06	0.00443539	0.995546	8.91203e-06 0.004454 547
rVSVOmicron	232	G	122583	0.000253637	4.5906e-05	0	0.9997 0.0003 37
rVSVOmicron	233	A	122288	0.999838	4.72374e-05	1.87934e-05	9.62525e-05 0.000162 20
rVSVOmicron	234	C	122762	1.54826e-05	9.39111e-05	0.999872	1.87822e-05 0.000128 16
rVSVOmicron	235	A	122813	0.999881	0	9.50087e-06	0.000109132 0.000119 15
rVSVOmicron	236	A	122632	0.999923	9.58054e-06	1.70896e-05	5.02331e-05 7.7e-05 9
rVSVOmicron	237	C	122938	5.91332e-05	0.000122362	0.999809	9.47155e-06 0.000191 23
rVSVOmicron	238	C	124634	2.10636e-05	0.000118261	0.999851	9.3898e-06 0.000149 19
rVSVOmicron	239	C	124695	6.81018e-05	0.000196936	0.999735	0 0.000265 33
rVSVOmicron	240	C	125117	8.25456e-05	0.000205228	0.999701	1.16119e-05 0.000299 37
rVSVOmicron	241	G	125502	0.000597708	4.4173e-05	2.07139e-05	0.999337 0.000663 83
rVSVOmicron	242	T	125409	9.39056e-06	0.999871	0.000100758	1.87811e-05 0.000129 16
rVSVOmicron	243	G	126240	0.000465168	2.966e-05	0	0.999505 0.000495 62
rVSVOmicron	244	C	125601	3.67708e-05	0.00010112	0.999844	1.83854e-05 0.000156 20
rVSVOmicron	245	T	125720	1.82079e-05	0.999618	0.000345458	1.82079e-05 0.000382 48
rVSVOmicron	246	C	127000	2.72982e-05	9.59127e-05	0.999851	2.53308e-05 0.000149 19
rVSVOmicron	247	C	127462	0.0002172	0.000158933	0.999615	9.17398e-06 0.000385 49
rVSVOmicron	248	C	127352	0.000112435	0.0001752	0.999685	2.74291e-05 0.000315 40
rVSVOmicron	249	T	127173	1.82274e-05	0.99916	0.00080102	2.04442e-05 0.00084 107
rVSVOmicron	250	T	127645	0.000174391	0.999733	9.2692e-05	0 0.000267 34
rVSVOmicron	251	T	127853	0	0.999871	0.000101175	2.75256e-05 0.000129 16
rVSVOmicron	252	C	128442	7.3985e-05	0.000177079	0.999731	1.79505e-05 0.000269 35
rVSVOmicron	253	A	128471	0.991088	9.08287e-06	8.10094e-06	0.00889508 0.008912 1145
rVSVOmicron	254	A	128814	0.999908	2.40097e-05	9.15833e-06	5.86628e-05 9.2e-05 12
rVSVOmicron	255	C	129582	1.77098e-05	0.0011497	0.998818	1.4838e-05 0.001182 153
rVSVOmicron	256	G	129905	0.000193067	6.25837e-05	1.78811e-05	0.999726 0.000274 36
rVSVOmicron	257	A	129357	0.999946	1.98096e-05	8.93846e-06	2.51243e-05 5.4e-05 7
rVSVOmicron	258	C	130151	3.92693e-05	0.000233712	0.999718	8.80584e-06 0.000282 37
rVSVOmicron	259	G	130584	0.000121992	6.21968e-05	3.5541e-05	0.99978 0.00022 29
rVSVOmicron	260	G	130644	7.50085e-05	6.402e-05	0	0.999861 0.000139 18
rVSVOmicron	261	C	131066	4.57463e-05	0.000432101	0.999496	2.631e-05 0.000504 66
rVSVOmicron	262	G	131264	0.000944569	1.75095e-05	1.58532e-05	0.999022 0.000978 128
rVSVOmicron	263	T	131356	0	0.99986	0.000134699	4.854e-06 0.00014 18
rVSVOmicron	264	G	132070	0.000182687	2.61318e-05	8.71059e-06	0.999782 0.000218 29
rVSVOmicron	265	T	132100	3.02319e-05	0.99982	0.000123505	2.60135e-05 0.00018 24
rVSVOmicron	266	A	131782	0.999768	0	1.09991e-05	0.000220939 0.000232 31
rVSVOmicron	267	C	131783	7.71924e-05	8.97421e-05	0.999833	0 0.000167 22
rVSVOmicron	268	T	132520	4.9294e-05	0.99964	0.000257883	5.24508e-05 0.00036 48
rVSVOmicron	269	T	130632	8.85302e-06	0.999878	0.000103844	8.85302e-06 0.000122 16
rVSVOmicron	270	C	131407	3.47702e-05	9.30339e-05	0.999864	8.69256e-06 0.000136 18
rVSVOmicron	271	G	131659	0.000214524	5.89586e-05	8.76092e-06	0.999718 0.000282 37
rVSVOmicron	272	C	132084	4.53682e-05	0.00015397	0.999801	0 0.000199 26
rVSVOmicron	273	C	132762	2.59573e-05	0.000317802	0.999604	5.19147e-05 0.000396 53
rVSVOmicron	274	A	132478	0.999838	0	1.15258e-05	0.00015007 0.000162 21
rVSVOmicron	275	G	133066	0.000288433	3.65194e-05	0	0.999675 0.000325 43
rVSVOmicron	276	C	133906	2.78207e-05	0.00017643	0.999787	8.57806e-06 0.000213 29
rVSVOmicron	277	A	133921	0.999869	0	5.14294e-05	7.92291e-05 0.000131 18
rVSVOmicron	278	T	134394	1.7091e-05	0.999904	5.33517e-05	2.56365e-05 9.6e-05 13
rVSVOmicron	279	A	133835	0.999609	8.64654e-06	2.45375e-05	0.000358247 0.000391 52
rVSVOmicron	280	G	134543	2.59255e-05	3.43338e-05	4.36763e-05	0.999896 0.000104 14
rVSVOmicron	281	A	134464	0.999929	0	8.51674e-06	6.21492e-05 7.1e-05 10
rVSVOmicron	282	G	135236	7.6776e-05	7.00898e-05	8.53067e-06	0.999845 0.000155 21
rVSVOmicron	283	A	136071	0.999931	0	5.30357e-06	6.36429e-05 6.9e-05 9
rVSVOmicron	284	A	133563	0.99975	0	0.000107302	0.000142428 0.00025 33
rVSVOmicron	285	G	134370	3.42503e-05	3.42503e-05	1.55052e-05	0.999916 8.4e-05 11
rVSVOmicron	286	T	134859	0	0.999934	6.6395e-05	0 6.6e-05 9
rVSVOmicron	287	C	134832	0.00010226	0.000106184	0.999757	3.41636e-05 0.000243 33
rVSVOmicron	288	T	135149	1.69451e-05	0.999786	0.0001967	0 0.000214 29
rVSVOmicron	289	A	136146	0.999733	3.38696e-05	8.90222e-05	0.000144175 0.000267 36
rVSVOmicron	290	A	136759	0.999905	1.88433e-05	0	7.65222e-05 9.5e-05 13
rVSVOmicron	291	C	137672	1.67118e-05	0.000100271	0.999866	1.67118e-05 0.000134 18
rVSVOmicron	292	A	136186	0.99993	1.07167e-05	8.43655e-06	5.06193e-05 7e-05 10
rVSVOmicron	293	T	136569	0	0.999925	6.25731e-05	1.2608e-05 7.5e-05 10
rVSVOmicron	294	T	136911	0	0.999885	9.16235e-05	2.28482e-05 0.000115 16
rVSVOmicron	295	A	137090	0.999952	0	1.16302e-05	3.65189e-05 4.8e-05 7
rVSVOmicron	296	T	137438	8.44965e-06	0.999949	2.83177e-05	1.46156e-05 5.1e-05 7
rVSVOmicron	297	C	137736	5.71472e-05	0.000114069	0.99982	8.32459e-06 0.00018 25
rVSVOmicron	298	C	138148	8.66389e-05	0.000610318	0.999257	4.56947e-05 0.000743 103
rVSVOmicron	299	G	138627	9.57004e-05	6.71029e-05	9.7727e-05	0.999739 0.000261 36
rVSVOmicron	300	G	138962	5.01553e-05	3.54702e-05	0	0.999914 8.6e-05 12
rVSVOmicron	301	G	139106	9.15766e-05	8.32515e-06	8.32515e-06	0.999892 0.000108 15
rVSVOmicron	302	G	137686	0.000116606	1.87201e-05	0	0.999865 0.000135 19
rVSVOmicron	303	C	137563	4.21202e-05	0.000241793	0.99968	3.57453e-05 0.00032 44
rVSVOmicron	304	T	137608	0.000139475	0.99954	0.000289105	3.15962e-05 0.00046 63
rVSVOmicron	305	G	139591	0.000121945	3.48096e-05	3.28142e-05	0.99981 0.00019 27
rVSVOmicron	306	G	140045	0.000101082	0.000470011	1.49175e-05	0.999414 0.000586 82
rVSVOmicron	307	A	139097	0.999901	1.64277e-05	8.21386e-06	7.39248e-05 9.9e-05 14
rVSVOmicron	308	T	139494	8.34564e-06	0.999961	1.66913e-05	1.39846e-05 3.9e-05 5
rVSVOmicron	309	T	140161	0	0.999899	7.08664e-05	3.04994e-05 0.000101 14
rVSVOmicron	310	T	140007	8.26542e-06	0.999788	0.000195243	8.26542e-06 0.000212 30
rVSVOmicron	311	T	138545	1.25849e-05	0.999944	4.35977e-05	0 5.6e-05 8
rVSVOmicron	312	C	139183	7.91644e-05	0.000314225	0.999598	8.18179e-06 0.000402 56
rVSVOmicron	313	G	138234	0.000291643	2.70457e-05	8.33909e-06	0.999673 0.000327 45
rVSVOmicron	314	G	138494	0.000133372	1.66715e-05	0	0.99985 0.00015 21
rVSVOmicron	315	C	138685	1.64793e-05	0.00315133	0.996824	8.23964e-06 0.003176 440
rVSVOmicron	316	A	138756	0.999842	2.45521e-05	5.72882e-05	7.60894e-05 0.000158 22
rVSVOmicron	317	C	139432	7.54602e-05	0.000323243	0.999601	0 0.000399 56
rVSVOmicron	318	C	139757	8.38908e-05	0.000359532	0.999498	5.90342e-05 0.000502 70
rVSVOmicron	319	A	139543	0.998106	6.95041e-05	0.00167834	0.000146416 0.001894 264
rVSVOmicron	320	C	140229	0.00200054	0.000364074	0.997586	4.94772e-05 0.002414 339
rVSVOmicron	321	A	138713	0.997882	0	0.00207629	4.15212e-05 0.002118 294
rVSVOmicron	322	C	137851	4.49305e-05	4.95785e-05	0.999905	0 9.5e-05 13
rVSVOmicron	323	T	138212	0.000106947	0.999823	5.79485e-05	1.23057e-05 0.000177 24
rVSVOmicron	324	C	139596	0.000100901	0.000329465	0.99957	0 0.00043 60
rVSVOmicron	325	G	140109	0.000490787	0.000156911	2.44622e-05	0.999328 0.000672 94
rVSVOmicron	326	A	139406	0.999827	3.44379e-05	2.12769e-05	0.000117572 0.000173 24
rVSVOmicron	327	C	139331	0.000443153	9.89953e-05	0.999441	1.63885e-05 0.000559 78
rVSVOmicron	328	T	138592	0	0.999839	0.000150676	1.02228e-05 0.000161 22
rVSVOmicron	329	C	138767	1.62873e-05	3.63163e-05	0.999923	2.4431e-05 7.7e-05 11
rVSVOmicron	330	T	138833	0	0.999737	0.000246078	1.65694e-05 0.000263 37
rVSVOmicron	331	A	139991	0.999879	8.23047e-06	8.23047e-06	0.000104772 0.000121 17
rVSVOmicron	332	A	139537	0.999117	0.000684925	9.49733e-05	0.000103242 0.000883 123
rVSVOmicron	333	G	140122	8.23896e-05	8.23896e-06	0	0.999909 9.1e-05 13
rVSVOmicron	334	A	139465	0.999913	1.80508e-05	0	6.89012e-05 8.7e-05 12
rVSVOmicron	335	C	140167	3.43185e-05	0.000117164	0.999831	1.77057e-05 0.000169 24
rVSVOmicron	336	A	139841	0.999863	1.52758e-05	2.45741e-05	9.67469e-05 0.000137 19
rVSVOmicron	337	C	140338	7.84808e-06	0.000240021	0.999752	0 0.000248 35
rVSVOmicron	338	A	139744	0.999461	2.44041e-05	8.94816e-05	0.000425202 0.000539 75
rVSVOmicron	339	G	140448	0.00014859	5.1392e-05	1.49707e-05	0.999785 0.000215 30
rVSVOmicron	340	T	140421	0.00172188	0.998109	0.000169484	0 0.001891 266
rVSVOmicron	341	C	140504	0.00170622	0.000148462	0.998137	8.12589e-06 0.001863 262
rVSVOmicron	342	C	141633	6.25402e-05	0.000336347	0.999585	1.61323e-05 0.000415 59
rVSVOmicron	343	C	137833	5.78907e-05	0.000132098	0.999802	8.2701e-06 0.000198 27
rVSVOmicron	344	T	137796	3.28369e-05	0.999721	0.000229637	1.64185e-05 0.000279 38
rVSVOmicron	345	C	139335	1.6369e-05	7.2997e-05	0.999894	1.6369e-05 0.000106 15
rVSVOmicron	346	C	139043	4.33702e-05	0.000235217	0.999713	8.18723e-06 0.000287 40
rVSVOmicron	347	T	139108	1.64525e-05	0.999807	0.000168304	8.22624e-06 0.000193 27
rVSVOmicron	348	G	139681	0.000224321	5.66867e-05	0	0.999719 0.000281 39
rVSVOmicron	349	A	137999	0.999909	5.12456e-05	1.53071e-05	2.46245e-05 9.1e-05 13
rVSVOmicron	350	T	138179	2.59592e-05	0.999881	3.39996e-05	5.92696e-05 0.000119 16
rVSVOmicron	351	T	138088	5.78445e-05	0.999862	5.36011e-05	2.65772e-05 0.000138 19
rVSVOmicron	352	G	134755	0.000202938	3.38611e-05	8.46526e-06	0.999755 0.000245 33
rVSVOmicron	353	T	134855	8.40485e-06	0.999902	8.13226e-05	8.40485e-06 9.8e-05 13
rVSVOmicron	354	G	135909	0.000117047	4.18024e-05	1.67209e-05	0.999824 0.000176 24
rVSVOmicron	355	A	136168	0.999805	1.02404e-05	0	0.000185009 0.000195 27
rVSVOmicron	356	A	136724	0.999915	1.01537e-05	1.66971e-05	5.844e-05 8.5e-05 12
rVSVOmicron	357	C	137411	0.000136437	0.000135542	0.99972	8.27568e-06 0.00028 38
rVSVOmicron	358	A	136070	0.999839	8.38362e-06	6.7069e-05	8.58755e-05 0.000161 22
rVSVOmicron	359	A	136276	0.99986	0	1.69866e-05	0.000123038 0.00014 19
rVSVOmicron	360	C	136994	3.32788e-05	0.000490862	0.999468	8.3197e-06 0.000532 73
rVSVOmicron	361	G	137461	0.000502159	6.35902e-05	2.80612e-05	0.999406 0.000594 82
rVSVOmicron	362	C	137749	6.5316e-05	0.000122299	0.999812	0 0.000188 26
rVSVOmicron	363	C	138291	4.11345e-05	0.000127406	0.999799	3.29076e-05 0.000201 28
rVSVOmicron	364	A	138253	0.999925	8.28946e-06	1.65789e-05	4.97368e-05 7.5e-05 10
rVSVOmicron	365	C	139183	2.7152e-05	6.73282e-05	0.999897	8.16768e-06 0.000103 14
rVSVOmicron	366	A	139304	0.999738	8.27756e-06	0.000128862	0.000125058 0.000262 36
rVSVOmicron	367	A	139556	0.999843	0	3.38692e-05	0.000122805 0.000157 22
rVSVOmicron	368	A	138435	0.999946	2.60435e-05	0	2.81551e-05 5.4e-05 7
rVSVOmicron	369	C	138366	8.33019e-06	0.000158949	0.999822	1.10319e-05 0.000178 25
rVSVOmicron	370	G	137582	4.37727e-05	4.03883e-05	0	0.999916 8.4e-05 12
rVSVOmicron	371	T	136821	3.65963e-05	0.999884	6.247e-05	1.72492e-05 0.000116 16
rVSVOmicron	372	G	136827	0.000212127	5.72948e-05	2.5237e-05	0.999705 0.000295 40
rVSVOmicron	373	G	136051	6.09489e-05	4.07084e-05	0	0.999898 0.000102 14
rVSVOmicron	374	T	135944	0.0059227	0.993974	8.57858e-05	1.71572e-05 0.006026 819
rVSVOmicron	375	G	137053	0.000202592	0.000104113	0.00577489	0.993918 0.006082 834
rVSVOmicron	376	A	136622	0.998344	1.04126e-05	0	0.00164541 0.001656 226
rVSVOmicron	377	T	136846	5.9784e-05	0.999883	4.01638e-05	1.70811e-05 0.000117 16
rVSVOmicron	378	T	137113	8.31228e-06	0.999892	3.32491e-05	6.62736e-05 0.000108 15
rVSVOmicron	379	A	137678	0.999839	1.67419e-05	7.51124e-05	6.90039e-05 0.000161 22
rVSVOmicron	380	A	138094	0.999386	8.27854e-05	9.37489e-05	0.00043742 0.000614 85
rVSVOmicron	381	G	139001	3.32689e-05	0.000124758	1.03403e-05	0.999832 0.000168 23
rVSVOmicron	382	G	138179	4.19199e-05	3.05902e-05	1.6768e-05	0.999911 8.9e-05 12
rVSVOmicron	383	T	138103	3.35597e-05	0.99989	7.62923e-05	0 0.00011 15
rVSVOmicron	384	G	139256	0.000102141	2.46472e-05	0	0.999873 0.000127 18
rVSVOmicron	385	T	139320	8.18675e-06	0.999922	5.31033e-05	1.63735e-05 7.8e-05 11
rVSVOmicron	386	G	139904	0.00019181	6.76976e-05	8.18566e-06	0.999732 0.000268 37
rVSVOmicron	387	C	140144	7.45314e-05	0.00182746	0.998047	5.13933e-05 0.001953 274
rVSVOmicron	388	G	140476	0.000114675	7.7626e-05	1.63191e-05	0.999791 0.000209 29
rVSVOmicron	389	A	139975	0.999866	3.06373e-05	1.6194e-05	8.75352e-05 0.000134 19
rVSVOmicron	390	G	140872	5.02074e-05	0.000114447	8.19982e-05	0.999753 0.000247 35
rVSVOmicron	391	T	141125	7.95869e-05	0.999785	0.000111243	2.40767e-05 0.000215 30
rVSVOmicron	392	T	140670	0	0.999914	7.33323e-05	1.22585e-05 8.6e-05 12
rVSVOmicron	393	C	141436	9.56972e-05	0.000170128	0.99971	2.45889e-05 0.00029 41
rVSVOmicron	394	C	141792	0.00011432	0.000225777	0.999617	4.27324e-05 0.000383 54
rVSVOmicron	395	A	141289	0.999546	3.43026e-05	0	0.000419933 0.000454 64
rVSVOmicron	396	G	142096	8.29498e-05	1.6196e-05	0	0.999901 9.9e-05 14
rVSVOmicron	397	T	142247	0.000936271	0.998971	7.66223e-05	1.65791e-05 0.001029 146
rVSVOmicron	398	T	142652	0	0.999091	0.000909429	0 0.000909 130
rVSVOmicron	399	C	141266	3.25678e-05	4.46707e-05	0.999906	1.62839e-05 9.4e-05 13
rVSVOmicron	400	T	141648	4.03078e-05	0.999671	0.000270389	1.8084e-05 0.000329 47
rVSVOmicron	401	G	143355	0.000193533	4.01386e-05	1.84421e-05	0.999748 0.000252 36
rVSVOmicron	402	C	143779	2.40044e-05	0.00018771	0.999772	1.60029e-05 0.000228 33
rVSVOmicron	403	A	143609	0.999851	1.55248e-05	0	0.000133686 0.000149 21
rVSVOmicron	404	A	144037	0.999765	0	8.04902e-05	0.000154889 0.000235 34
rVSVOmicron	405	C	144646	9.02563e-05	0.00014664	0.999763	0 0.000237 34
rVSVOmicron	406	G	145241	0.000134251	4.73198e-05	7.92232e-06	0.999811 0.000189 27
rVSVOmicron	407	A	145250	0.999935	3.35394e-05	7.90418e-06	2.37125e-05 6.5e-05 9
rVSVOmicron	408	C	146241	3.16976e-05	0.000164271	0.99885	0.000953711 0.00115 168
rVSVOmicron	409	C	146784	4.18308e-05	0.000648593	0.999302	7.97804e-06 0.000698 102
rVSVOmicron	410	C	144773	0.000269966	0.000369177	0.999361	0 0.000639 93
rVSVOmicron	411	T	144983	2.41318e-05	0.999828	0.000131847	1.62341e-05 0.000172 25
rVSVOmicron	412	T	146425	2.49215e-05	0.999797	0.00010732	7.04988e-05 0.000203 30
rVSVOmicron	413	T	147009	7.85109e-06	0.999886	0.000105884	0 0.000114 17
rVSVOmicron	414	C	147296	4.55429e-05	0.000121093	0.999818	1.57485e-05 0.000182 27
rVSVOmicron	415	C	147057	0.000101925	0.00209381	0.997781	2.35212e-05 0.002219 326
rVSVOmicron	416	T	146971	2.56316e-05	0.999435	0.000531214	7.90307e-06 0.000565 83
rVSVOmicron	417	G	148292	0.00025634	6.07904e-05	1.5729e-05	0.999667 0.000333 49
rVSVOmicron	418	G	148574	0.000374535	3.89921e-05	3.11937e-05	0.999555 0.000445 66
rVSVOmicron	419	A	148340	0.999898	0	1.53372e-05	8.62198e-05 0.000102 15
rVSVOmicron	420	T	148667	7.7007e-06	0.999913	7.88801e-05	0 8.7e-05 13
rVSVOmicron	421	C	149580	6.13102e-05	1.71917e-05	0.999898	2.29913e-05 0.000102 15
rVSVOmicron	422	A	149366	0.999637	0.000146615	0.000157941	5.88931e-05 0.000363 54
rVSVOmicron	423	C	150151	5.45118e-05	9.35373e-05	0.999844	7.63991e-06 0.000156 23
rVSVOmicron	424	A	149900	0.999825	1.54317e-05	0	0.000159948 0.000175 26
rVSVOmicron	425	A	149219	0.999816	3.2733e-05	1.39689e-05	0.000137395 0.000184 27
rVSVOmicron	426	G	148611	8.62132e-05	0.000101693	0	0.999812 0.000188 28
rVSVOmicron	427	A	149304	0.999924	1.38375e-05	7.7574e-06	5.43018e-05 7.6e-05 11
rVSVOmicron	428	A	149557	0.999897	0	1.54264e-05	8.75555e-05 0.000103 15
rVSVOmicron	429	C	148946	2.58143e-05	0.000161339	0.999805	7.70266e-06 0.000195 29
rVSVOmicron	430	A	148674	0.999927	2.17286e-05	0	5.09786e-05 7.3e-05 11
rVSVOmicron	431	A	148864	0.999929	2.20009e-05	1.75584e-05	3.1309e-05 7.1e-05 11
rVSVOmicron	432	C	149175	5.19066e-05	8.67195e-05	0.999848	1.35499e-05 0.000152 23
rVSVOmicron	433	A	149113	0.999813	3.76914e-05	9.90746e-06	0.000139351 0.000187 28
rVSVOmicron	434	A	148533	0.999885	8.12946e-06	5.69062e-05	4.94359e-05 0.000115 17
rVSVOmicron	435	G	149259	8.08258e-05	0.000118197	0	0.999801 0.000199 30
rVSVOmicron	436	T	149442	0	0.999955	4.50295e-05	0 4.5e-05 7
rVSVOmicron	437	C	148793	4.68237e-05	7.05533e-05	0.999867	1.56785e-05 0.000133 20
rVSVOmicron	438	T	147810	3.1875e-05	0.999839	0.000113501	1.59375e-05 0.000161 24
rVSVOmicron	439	T	149198	1.28188e-05	0.999845	0.00013176	1.0297e-05 0.000155 23
rVSVOmicron	440	G	149545	0.000183509	8.11878e-05	9.62535e-06	0.999726 0.000274 41
rVSVOmicron	441	G	149795	7.10472e-05	8.97438e-05	0	0.999839 0.000161 24
rVSVOmicron	442	A	149582	0.999792	3.28546e-05	7.6454e-06	0.000167372 0.000208 31
rVSVOmicron	443	T	149846	2.29288e-05	0.999906	1.71449e-05	5.35004e-05 9.4e-05 14
rVSVOmicron	444	G	150636	0.000170158	5.54775e-05	7.6592e-06	0.999767 0.000233 35
rVSVOmicron	445	G	150715	8.18018e-05	5.83121e-05	7.62384e-06	0.999852 0.000148 22
rVSVOmicron	446	A	150116	0.999692	3.20972e-05	5.663e-05	0.00021916 0.000308 46
rVSVOmicron	447	G	150858	4.53961e-05	3.0264e-05	9.61088e-06	0.999915 8.5e-05 13
rVSVOmicron	448	T	150395	2.00032e-05	0.999803	0.000169511	7.63008e-06 0.000197 30
rVSVOmicron	449	C	149092	4.78302e-05	0.000194427	0.999758	0 0.000242 36
rVSVOmicron	450	T	148948	3.22336e-05	0.999587	0.000342867	3.79823e-05 0.000413 62
rVSVOmicron	451	G	150257	0.000190634	3.78403e-05	3.21132e-05	0.999739 0.000261 39
rVSVOmicron	452	A	149645	0.999528	7.03442e-05	2.46822e-05	0.000377431 0.000472 71
rVSVOmicron	453	G	149116	7.99345e-05	2.28678e-05	0	0.999897 0.000103 15
rVSVOmicron	454	T	149425	5.33334e-05	0.99985	8.85417e-05	7.70834e-06 0.00015 22
rVSVOmicron	455	T	149596	1.53729e-05	0.999943	4.19639e-05	0 5.7e-05 9
rVSVOmicron	456	C	150353	0.0001142	5.49473e-05	0.999806	2.46032e-05 0.000194 29
rVSVOmicron	457	A	149417	0.999535	7.61881e-06	7.61881e-06	0.000449715 0.000465 69
rVSVOmicron	458	G	150019	5.32373e-05	3.35045e-05	9.45527e-06	0.999904 9.6e-05 14
rVSVOmicron	459	A	150413	0.999899	1.52762e-05	0	8.5877e-05 0.000101 15
rVSVOmicron	460	G	150554	0.00319081	3.40627e-05	1.51846e-05	0.99676 0.00324 488
rVSVOmicron	461	T	150895	1.69089e-05	0.996763	0.000112658	0.00310756 0.003237 488
rVSVOmicron	462	G	150764	0.000803112	0.000112485	0	0.999084 0.000916 138
rVSVOmicron	463	T	147968	7.66703e-06	0.999673	0.000319114	0 0.000327 48
rVSVOmicron	464	A	147735	0.999708	9.56832e-06	7.69626e-06	0.000274569 0.000292 43
rVSVOmicron	465	C	147869	0.000234373	0.000125766	0.999632	7.74269e-06 0.000368 54
rVSVOmicron	466	T	144891	2.55437e-05	0.999689	0.000285025	0 0.000311 45
rVSVOmicron	467	C	144988	7.42562e-05	2.53867e-05	0.999883	1.75591e-05 0.000117 17
rVSVOmicron	468	T	144913	0	0.99984	0.000135786	2.38484e-05 0.00016 23
rVSVOmicron	469	A	145724	0.999817	0	5.74484e-05	0.000125186 0.000183 27
rVSVOmicron	470	G	146110	1.60014e-05	3.20028e-05	0	0.999952 4.8e-05 7
rVSVOmicron	471	C	146021	0.000205535	0.000244947	0.99954	9.74701e-06 0.00046 67
rVSVOmicron	472	G	146253	0.00052331	4.69583e-05	1.56528e-05	0.999414 0.000586 86
rVSVOmicron	473	C	146523	7.25694e-05	7.72376e-05	0.99985	0 0.00015 22
rVSVOmicron	474	C	146917	4.60756e-05	3.91643e-05	0.99988	3.47661e-05 0.00012 18
rVSVOmicron	475	A	146293	0.99989	7.81445e-06	1.56289e-05	8.65925e-05 0.00011 16
rVSVOmicron	476	A	146464	0.99993	7.77525e-06	6.30425e-06	5.6318e-05 7e-05 10
rVSVOmicron	477	C	147058	1.54378e-05	0.000598319	0.99938	6.25857e-06 0.00062 91
rVSVOmicron	478	A	146991	0.999959	0	7.80587e-06	3.31222e-05 4.1e-05 6
rVSVOmicron	479	A	146836	0.999954	7.49457e-06	1.43468e-05	2.37685e-05 4.6e-05 7
rVSVOmicron	480	C	145484	7.79413e-06	0.000189587	0.999803	0 0.000197 29
rVSVOmicron	481	T	145682	0	0.999627	0.000325697	4.77575e-05 0.000373 54
rVSVOmicron	482	G	147520	0.000579744	8.73096e-05	7.80303e-06	0.999325 0.000675 100
rVSVOmicron	483	C	149855	7.00354e-05	0.000298981	0.999631	0 0.000369 55
rVSVOmicron	484	A	151470	0.999872	3.00351e-05	1.6844e-05	8.13788e-05 0.000128 19
rVSVOmicron	485	C	153343	1.48823e-05	0.000222833	0.999755	7.44117e-06 0.000245 38
rVSVOmicron	486	C	146813	3.99562e-05	0.000108723	0.999824	2.71282e-05 0.000176 26
rVSVOmicron	487	T	146943	9.05445e-05	0.999418	0.000459966	3.15308e-05 0.000582 86
rVSVOmicron	488	T	147545	1.00491e-05	0.999924	6.57381e-05	0 7.6e-05 11
rVSVOmicron	489	C	147708	8.98895e-05	9.23922e-05	0.999779	3.85836e-05 0.000221 33
rVSVOmicron	490	G	147849	5.0436e-05	7.89887e-05	7.7113e-06	0.999863 0.000137 20
rVSVOmicron	491	A	146583	0.999902	3.09387e-05	7.73466e-06	5.97869e-05 9.8e-05 14
rVSVOmicron	492	G	147238	5.01353e-05	1.55883e-05	0	0.999934 6.6e-05 10
rVSVOmicron	493	T	147501	0	0.999845	0.000139899	1.55677e-05 0.000155 23
rVSVOmicron	494	A	147485	0.999834	6.43712e-06	7.68302e-06	0.000151376 0.000166 24
rVSVOmicron	495	C	145353	3.90227e-05	0.00296657	0.99569	0.00130408 0.00431 626
rVSVOmicron	496	G	145417	0.000393984	3.01107e-05	0	0.999576 0.000424 62
rVSVOmicron	497	T	145203	7.89918e-06	0.999777	0.0002073	7.89918e-06 0.000223 32
rVSVOmicron	498	G	145738	0.000128672	2.08829e-05	1.56094e-05	0.999835 0.000165 24
rVSVOmicron	499	T	145388	7.48047e-05	0.999787	0.000137842	0 0.000213 31
rVSVOmicron	500	C	145139	5.52552e-05	8.85363e-05	0.999848	7.8936e-06 0.000152 22
rVSVOmicron	501	C	144993	0.000535058	0.000266015	0.999191	8.00207e-06 0.000809 117
rVSVOmicron	502	C	145278	5.51147e-05	0.000129594	0.999776	3.93677e-05 0.000224 33
rVSVOmicron	503	A	144653	0.999691	7.83488e-06	1.56698e-05	0.000285444 0.000309 45
rVSVOmicron	504	G	145344	0.000293102	0.000120564	0	0.999586 0.000414 60
rVSVOmicron	505	C	146950	2.26728e-05	0.0001621	0.999815	0 0.000185 27
rVSVOmicron	506	C	141602	0.000148057	6.49258e-05	0.999787	0 0.000213 30
rVSVOmicron	507	T	141635	2.47405e-05	0.999639	0.000286633	4.9481e-05 0.000361 51
rVSVOmicron	508	T	142212	8.78916e-06	0.99974	0.000149416	0.000101669 0.00026 37
rVSVOmicron	509	T	141884	8.03359e-06	0.999904	4.01679e-05	4.82015e-05 9.6e-05 14
rVSVOmicron	510	C	142916	5.01381e-05	0.000200553	0.999732	1.71468e-05 0.000268 38
rVSVOmicron	511	C	140435	0.000132827	0.000344335	0.999472	5.08325e-05 0.000528 74
rVSVOmicron	512	T	140326	5.20249e-05	0.999347	0.000592555	8.15644e-06 0.000653 92
rVSVOmicron	513	C	141618	7.5365e-05	0.000136613	0.999745	4.30036e-05 0.000255 36
rVSVOmicron	514	A	141695	0.999754	2.97438e-06	1.69311e-05	0.000226511 0.000246 35
rVSVOmicron	515	T	143287	8.08051e-06	0.999799	0.000179518	1.28851e-05 0.000201 29
rVSVOmicron	516	G	144574	8.42722e-05	0.00155057	1.84617e-05	0.998347 0.001653 239
rVSVOmicron	517	G	145802	8.50983e-05	4.85672e-05	3.08296e-05	0.999835 0.000165 24
rVSVOmicron	518	A	146868	0.999815	0	0	0.000184896 0.000185 27
rVSVOmicron	519	C	148446	4.36138e-05	0.000150761	0.999798	7.75822e-06 0.000202 30
rVSVOmicron	520	C	124239	8.52131e-05	0.000517508	0.999397	0 0.000603 75
rVSVOmicron	521	T	124655	1.83929e-05	0.999328	0.000636792	1.6653e-05 0.000672 84
rVSVOmicron	522	G	125932	0.00106604	0.000156497	3.8511e-05	0.998739 0.001261 159
rVSVOmicron	523	G	126763	0.000185303	8.98585e-05	2.91433e-05	0.999696 0.000304 39
rVSVOmicron	524	A	126668	0.999328	5.40205e-05	4.01503e-05	0.000577678 0.000672 85
rVSVOmicron	525	G	122725	0.000107094	8.81949e-05	9.32346e-06	0.999795 0.000205 25
rVSVOmicron	526	G	122985	0.000868697	9.22151e-05	9.37352e-06	0.99903 0.00097 119
rVSVOmicron	527	G	122630	0.000176732	0.000134821	2.80247e-05	0.99966 0.00034 42
rVSVOmicron	528	C	122595	7.575e-05	0.00031675	0.999558	4.95e-05 0.000442 54
rVSVOmicron	529	A	121549	0.999855	0	0	0.00014514 0.000145 18
rVSVOmicron	530	A	121092	0.99975	4.27075e-05	7.09054e-05	0.000136609 0.00025 30
rVSVOmicron	531	G	120732	0.000198502	0.000113139	2.16594e-05	0.999667 0.000333 40
rVSVOmicron	532	C	121320	1.86813e-05	0.000364032	0.999617	0 0.000383 46
rVSVOmicron	533	A	120961	0.999576	2.36017e-05	3.07849e-05	0.000369162 0.000424 51
