rVSVOmicron	6	C	9604	0.000128501	0.000128501	0.999743	0 0.000257 2
rVSVOmicron	7	G	10510	0.00011663	0	0	0.999883 0.000117 1
rVSVOmicron	8	T	11234	0	0.99982	0.000180078	0 0.00018 2
rVSVOmicron	9	G	12107	0	0.00039848	9.96201e-05	0.999502 0.000498 6
rVSVOmicron	11	T	13280	0	0.999911	8.9418e-05	0 8.9e-05 1
rVSVOmicron	13	C	14722	8.04577e-05	0.00048927	0.99935	8.04577e-05 0.00065 10
rVSVOmicron	14	T	15246	0	0.999352	0.000647991	0 0.000648 10
rVSVOmicron	15	C	16248	0	0.000305661	0.999694	0 0.000306 5
rVSVOmicron	16	G	17336	0.000353737	0.000269427	0	0.999377 0.000623 11
rVSVOmicron	17	T	18145	0	0.999729	0.000128431	0.000142315 0.000271 5
rVSVOmicron	18	G	19235	7.55515e-05	0.000197091	6.40546e-05	0.999663 0.000337 6
rVSVOmicron	19	C	20015	0.000335999	0.000340709	0.999323	0 0.000677 14
rVSVOmicron	20	T	20870	0	0.999945	5.52913e-05	0 5.5e-05 1
rVSVOmicron	21	C	21995	0.000127171	0.00135602	0.998517	0 0.001483 33
rVSVOmicron	22	C	22687	0	5.10054e-05	0.999898	5.10054e-05 0.000102 2
rVSVOmicron	23	T	23545	0.000173134	0.999146	0.00063967	4.09706e-05 0.000854 20
rVSVOmicron	24	G	24775	0.00032111	0	0	0.999679 0.000321 8
rVSVOmicron	25	C	25783	4.49714e-05	4.49714e-05	0.99991	0 9e-05 2
rVSVOmicron	26	C	26068	5.52297e-05	0.000374602	0.99957	0 0.00043 11
rVSVOmicron	27	T	26838	1.74353e-05	0.999854	8.60139e-05	4.3007e-05 0.000146 4
rVSVOmicron	28	C	27674	4.14665e-05	0.000277938	0.999681	0 0.000319 9
rVSVOmicron	29	T	28465	0.00166795	0.998049	0.000242492	4.04154e-05 0.001951 56
rVSVOmicron	30	G	30011	5.40096e-05	0.000286667	0	0.999659 0.000341 10
rVSVOmicron	31	G	30159	0.000191932	4.35737e-05	0	0.999765 0.000235 7
rVSVOmicron	32	T	30928	0	0.999925	3.73206e-05	3.73206e-05 7.5e-05 2
rVSVOmicron	33	G	31951	0.000252399	7.21141e-05	0	0.999676 0.000324 10
rVSVOmicron	34	T	32588	0	0.999929	7.0763e-05	0 7.1e-05 2
rVSVOmicron	35	C	33370	3.42769e-05	0.000137107	0.999794	3.42769e-05 0.000206 7
rVSVOmicron	36	T	34240	3.35666e-05	0.999049	7.43908e-05	0.000842793 0.000951 33
rVSVOmicron	37	A	35615	0.999364	3.21453e-05	0	0.00060381 0.000636 23
rVSVOmicron	38	G	36509	0.000144734	0.000163267	0	0.999692 0.000308 11
rVSVOmicron	39	C	37413	3.07518e-05	0.000278428	0.999691	0 0.000309 12
rVSVOmicron	40	C	38440	0	9.1276e-05	0.999879	2.98868e-05 0.000121 5
rVSVOmicron	41	A	39418	0.999892	2.98208e-05	0	7.81788e-05 0.000108 4
rVSVOmicron	42	G	40255	0.000303667	5.7179e-05	2.85895e-05	0.999611 0.000389 16
rVSVOmicron	43	T	41007	3.42832e-05	0.999768	2.81884e-05	0.00016913 0.000232 10
rVSVOmicron	44	G	42045	3.34036e-05	6.1611e-05	5.49303e-05	0.99985 0.00015 6
rVSVOmicron	45	C	43048	9.58001e-05	0.000671327	0.999233	0 0.000767 33
rVSVOmicron	46	G	45358	0.000522421	0.000152401	0.000166131	0.999159 0.000841 38
rVSVOmicron	47	T	47323	1.65234e-05	0.999722	0.00026107	0 0.000278 13
rVSVOmicron	48	G	50244	0.000137127	0.000165541	0	0.999697 0.000303 15
rVSVOmicron	49	A	53036	0.99966	0.000130122	4.80632e-05	0.000161774 0.00034 18
rVSVOmicron	50	A	55902	0.999761	0	2.13079e-05	0.000217686 0.000239 13
rVSVOmicron	51	C	58517	5.86837e-05	0.000161248	0.99978	0 0.00022 13
rVSVOmicron	52	C	43334	5.32197e-05	0.000289113	0.999631	2.66099e-05 0.000369 16
rVSVOmicron	53	T	44244	0	0.999434	0.000540236	2.59931e-05 0.000566 25
rVSVOmicron	54	G	45349	0.000150418	0.000166977	0.000113848	0.999569 0.000431 20
rVSVOmicron	55	A	45819	0.999867	0	2.52592e-05	0.000107864 0.000133 6
rVSVOmicron	56	C	46623	2.48148e-05	0.00013011	0.99982	2.48148e-05 0.00018 8
rVSVOmicron	57	C	47590	3.87901e-05	0.000880996	0.99908	0 0.00092 44
rVSVOmicron	58	A	48553	0.999928	0	2.39483e-05	4.78967e-05 7.2e-05 3
rVSVOmicron	59	C	49421	2.33016e-05	0.000169409	0.999784	2.33016e-05 0.000216 11
rVSVOmicron	60	A	50436	0.999702	0	0	0.000298319 0.000298 15
rVSVOmicron	61	C	51361	0.000101198	0.000469025	0.999407	2.24211e-05 0.000593 30
rVSVOmicron	62	G	52527	0.00027081	0	2.21192e-05	0.999707 0.000293 15
rVSVOmicron	63	G	53156	4.66311e-05	2.18399e-05	2.71523e-05	0.999904 9.6e-05 5
rVSVOmicron	64	A	52781	0.999807	4.37581e-05	0	0.000149014 0.000193 10
rVSVOmicron	65	C	53640	4.31525e-05	0.000160364	0.999797	0 0.000203 11
rVSVOmicron	66	C	54676	6.97826e-05	0.000310533	0.99962	0 0.00038 21
rVSVOmicron	67	C	55726	0.000115704	0.000183197	0.999701	0 0.000299 17
rVSVOmicron	68	A	56794	0.999437	7.41895e-05	0.000362089	0.000126787 0.000563 32
rVSVOmicron	69	G	57686	0.00129843	0.000105028	0.000181215	0.998415 0.001585 91
rVSVOmicron	70	C	58355	5.93764e-05	0.000194712	0.999746	0 0.000254 15
rVSVOmicron	71	T	59231	0.000689476	0.9992	0.000110611	0 0.0008 47
rVSVOmicron	72	C	60498	0.000184948	0.000152918	0.998967	0.000695364 0.001033 62
rVSVOmicron	73	C	61931	0.00014935	5.77963e-05	0.999754	3.88719e-05 0.000246 15
rVSVOmicron	74	C	62140	7.50932e-05	0.000187226	0.999738	0 0.000262 16
rVSVOmicron	75	T	62828	3.68077e-05	0.999478	0.000484966	0 0.000522 33
rVSVOmicron	76	C	64107	3.60945e-05	0.000328265	0.999636	0 0.000364 23
rVSVOmicron	77	C	65149	5.39336e-05	0.000545653	0.99936	4.03288e-05 0.00064 42
rVSVOmicron	78	C	66262	9.55689e-05	0.000380842	0.99943	9.36575e-05 0.00057 38
rVSVOmicron	79	G	67528	0.000400055	3.45438e-05	5.18157e-05	0.999514 0.000486 33
rVSVOmicron	80	C	68762	0	0.000101824	0.999898	0 0.000102 7
rVSVOmicron	81	C	68512	0.000294734	0.00019098	0.999497	1.69862e-05 0.000503 34
rVSVOmicron	82	T	69337	0	0.999693	0.000286553	2.08897e-05 0.000307 21
rVSVOmicron	83	A	70801	0.999575	0	0.000337731	8.74764e-05 0.000425 30
rVSVOmicron	84	C	71716	8.89316e-05	0.000298775	0.999593	1.97139e-05 0.000407 29
rVSVOmicron	85	A	72714	0.999257	4.8166e-05	0	0.000695153 0.000743 54
rVSVOmicron	86	C	73684	4.43399e-05	9.46486e-05	0.999861	0 0.000139 10
rVSVOmicron	87	A	74744	0.999914	0	3.50133e-05	5.1239e-05 8.6e-05 6
rVSVOmicron	88	A	75608	0.998816	0	0.00111993	6.40081e-05 0.001184 90
rVSVOmicron	89	A	74342	0.999915	0	3.04397e-05	5.40646e-05 8.5e-05 6
rVSVOmicron	90	C	74524	3.16131e-05	0.000177717	0.999775	1.58065e-05 0.000225 17
rVSVOmicron	91	T	75222	1.55114e-05	0.999916	6.87531e-05	0 8.4e-05 6
rVSVOmicron	92	C	75926	0	6.13972e-05	0.999939	0 6.1e-05 5
rVSVOmicron	93	T	76699	3.08002e-05	0.999657	0.000231001	8.07465e-05 0.000343 26
rVSVOmicron	94	T	77694	0	0.999861	0.000107941	3.08404e-05 0.000139 11
rVSVOmicron	95	T	78612	0	0.999877	0.000123428	0 0.000123 10
rVSVOmicron	96	C	79826	6.19226e-05	5.87471e-05	0.999862	1.70684e-05 0.000138 11
rVSVOmicron	97	A	80999	0.999743	0	0	0.000257504 0.000257 21
rVSVOmicron	98	C	81946	1.43197e-05	8.7466e-05	0.999864	3.44446e-05 0.000136 11
rVSVOmicron	99	C	82930	4.65477e-05	0.000303336	0.99965	0 0.00035 29
rVSVOmicron	100	C	83862	0.000745925	0.000297525	0.9989	5.68178e-05 0.0011 92
rVSVOmicron	101	G	85034	0.000196627	6.94198e-05	0.000512206	0.999222 0.000778 66
rVSVOmicron	102	G	85868	0.000200018	0	1.05075e-05	0.999789 0.000211 18
rVSVOmicron	103	G	86667	5.78591e-05	5.52461e-05	1.53047e-05	0.999872 0.000128 11
rVSVOmicron	104	G	87513	3.83494e-05	1.36435e-05	1.10623e-05	0.999937 6.3e-05 6
rVSVOmicron	105	C	88528	8.6024e-05	0.000518653	0.999321	7.45541e-05 0.000679 60
rVSVOmicron	106	G	89268	0.00061822	3.1658e-05	1.31612e-05	0.999337 0.000663 59
rVSVOmicron	107	T	90053	0	0.999915	8.53473e-05	0 8.5e-05 8
rVSVOmicron	108	G	91261	0.000251725	2.54515e-05	1.29001e-05	0.99971 0.00029 26
rVSVOmicron	109	T	92041	5.11314e-05	0.99988	6.84055e-05	0 0.00012 11
rVSVOmicron	110	A	93304	0.999911	1.27766e-05	0	7.66598e-05 8.9e-05 8
rVSVOmicron	111	C	93964	6.45211e-05	0.000127691	0.999808	0 0.000192 18
rVSVOmicron	112	T	94844	0	0.999833	0.000166919	0 0.000167 16
rVSVOmicron	113	A	96319	0.999902	1.53449e-05	8.33959e-06	7.43892e-05 9.8e-05 9
rVSVOmicron	114	C	97025	2.43411e-05	0.000124666	0.999824	2.73015e-05 0.000176 17
rVSVOmicron	115	C	98119	0.000102049	6.69391e-05	0.999831	0 0.000169 17
rVSVOmicron	116	C	99020	9.91163e-05	0.000182909	0.999706	1.20635e-05 0.000294 29
rVSVOmicron	117	C	100135	5.34743e-05	0.000220662	0.999726	0 0.000274 27
rVSVOmicron	118	G	101279	0.000370156	0.000150208	5.83792e-05	0.999421 0.000579 59
rVSVOmicron	119	A	102908	0.999938	1.14541e-05	2.25985e-05	2.75516e-05 6.2e-05 6
rVSVOmicron	120	C	105373	5.3693e-05	6.93786e-05	0.999877	0 0.000123 13
rVSVOmicron	121	A	108099	0.999731	2.45776e-05	1.9782e-05	0.000224196 0.000269 29
rVSVOmicron	122	A	110932	0.999564	2.90835e-05	2.64395e-06	0.000403937 0.000436 48
rVSVOmicron	123	G	112130	0.000148677	0.000240524	4.24792e-05	0.999568 0.000432 48
rVSVOmicron	124	G	103698	7.18038e-05	1.1501e-05	3.04622e-05	0.999886 0.000114 12
rVSVOmicron	125	T	104468	0	0.999975	2.54623e-05	0 2.5e-05 3
rVSVOmicron	126	G	105768	0.000243955	3.36804e-05	1.12268e-05	0.999711 0.000289 31
rVSVOmicron	127	T	106509	1.13827e-05	0.999907	8.18323e-05	0 9.3e-05 10
rVSVOmicron	128	T	107488	0	0.99991	7.90379e-05	1.10355e-05 9e-05 10
rVSVOmicron	129	C	108962	6.62333e-05	9.19578e-05	0.999809	3.2821e-05 0.000191 21
rVSVOmicron	130	C	110041	4.8733e-05	0.000347002	0.999575	2.90636e-05 0.000425 47
rVSVOmicron	131	G	111487	0.000229755	0.000168622	3.27393e-05	0.999569 0.000431 48
rVSVOmicron	132	G	111839	0.000198309	3.81031e-05	0.000265856	0.999498 0.000502 56
rVSVOmicron	133	T	109409	0	0.999943	5.72984e-05	0 5.7e-05 6
rVSVOmicron	134	C	109843	1.3137e-05	0.000121445	0.999844	2.16031e-05 0.000156 17
rVSVOmicron	135	T	110650	0	0.999933	5.62979e-05	1.07372e-05 6.7e-05 7
rVSVOmicron	136	A	112712	0.999841	1.07232e-05	8.69445e-06	0.000139981 0.000159 18
rVSVOmicron	137	G	112362	0.000612773	8.68681e-05	1.08585e-05	0.99929 0.00071 80
rVSVOmicron	138	C	113301	6.50949e-05	0.000332041	0.999157	0.000445672 0.000843 96
rVSVOmicron	139	G	113929	0.000157192	0.000338502	0	0.999504 0.000496 57
rVSVOmicron	140	T	114592	0	0.999204	5.46774e-05	0.000740963 0.000796 91
rVSVOmicron	141	G	116051	8.49092e-05	4.12018e-05	0.000739684	0.999134 0.000866 101
rVSVOmicron	142	C	115958	5.14448e-05	0.000129863	0.999796	2.30806e-05 0.000204 24
rVSVOmicron	143	T	116812	0	0.999659	0.00034071	0 0.000341 40
rVSVOmicron	144	C	118350	8.18502e-06	0.000133689	0.999793	6.46617e-05 0.000207 24
rVSVOmicron	145	C	119399	0.000646669	0.000401969	0.998893	5.87389e-05 0.001107 132
rVSVOmicron	146	A	119891	0.999331	2.23755e-05	0.000646194	0 0.000669 80
rVSVOmicron	147	C	119587	0.000279377	0.000125988	0.999546	4.86223e-05 0.000454 54
rVSVOmicron	148	T	120005	0	0.999442	0.000545585	1.20883e-05 0.000558 67
rVSVOmicron	149	C	119409	8.91691e-05	0	0.999871	3.93941e-05 0.000129 15
rVSVOmicron	150	T	119901	0	0.999748	0.000234721	1.68422e-05 0.000252 30
rVSVOmicron	151	A	121320	0.999925	9.89251e-06	1.9785e-05	4.54521e-05 7.5e-05 9
rVSVOmicron	152	C	122048	9.68347e-05	0.000133475	0.99976	9.68347e-06 0.00024 29
rVSVOmicron	153	A	122378	0.999808	5.13897e-05	9.75087e-06	0.000131241 0.000192 23
rVSVOmicron	154	C	119694	3.97565e-05	0.000154255	0.999806	0 0.000194 23
rVSVOmicron	155	A	120641	0.99944	5.14348e-05	3.5262e-05	0.000472988 0.00056 68
rVSVOmicron	156	G	122378	0.000231385	0.000121562	4.09554e-05	0.999606 0.000394 48
rVSVOmicron	157	G	125253	0.000796714	5.60349e-05	9.42405e-06	0.999138 0.000862 108
rVSVOmicron	158	A	127077	0.999856	0	9.23037e-06	0.000134464 0.000144 18
rVSVOmicron	159	C	129455	3.65188e-05	0.000156932	0.999185	0.000621312 0.000815 106
rVSVOmicron	160	C	113525	3.37021e-05	0.000549345	0.999417	0 0.000583 66
rVSVOmicron	161	T	113755	3.44965e-05	0.99949	0.000441778	3.33837e-05 0.00051 58
rVSVOmicron	162	G	114841	0.000181782	3.08058e-05	4.91228e-05	0.999738 0.000262 30
rVSVOmicron	163	T	115208	0	0.999293	7.79257e-05	0.000629423 0.000707 81
rVSVOmicron	164	T	115858	0.00045061	0.99896	4.68567e-05	0.00054292 0.00104 120
rVSVOmicron	165	C	117775	8.33177e-05	0.000174011	0.999733	1.01074e-05 0.000267 31
rVSVOmicron	166	C	114872	0.00011519	0.000146985	0.999686	5.13193e-05 0.000314 36
rVSVOmicron	167	T	115300	3.8417e-05	0.999597	0.000364413	0 0.000403 46
rVSVOmicron	168	C	116610	3.03475e-05	0.000402992	0.999544	2.26922e-05 0.000456 53
rVSVOmicron	169	C	117410	0.000122494	0.000181247	0.999665	3.07621e-05 0.000335 39
rVSVOmicron	170	C	117826	0.000180873	7.31133e-05	0.999701	4.52866e-05 0.000299 35
rVSVOmicron	171	T	118262	1.00744e-05	0.999655	0.000322652	1.25249e-05 0.000345 41
rVSVOmicron	172	T	118997	1.03886e-05	0.998976	0.00096895	4.4643e-05 0.001024 122
rVSVOmicron	173	T	119479	9.97981e-06	0.99998	9.97981e-06	0 2e-05 2
rVSVOmicron	174	C	119481	1.22255e-05	0.000127571	0.99985	9.83358e-06 0.00015 18
rVSVOmicron	175	T	119592	0	0.999938	3.96535e-05	2.2506e-05 6.2e-05 7
rVSVOmicron	176	T	120654	9.75507e-06	0.999918	7.19766e-05	0 8.2e-05 10
rVSVOmicron	177	C	121664	9.14071e-05	0.00012448	0.999765	1.9271e-05 0.000235 29
rVSVOmicron	178	A	121371	0.999684	9.69382e-06	1.93876e-05	0.000287147 0.000316 38
rVSVOmicron	179	G	122028	0.000217329	4.10103e-05	0	0.999742 0.000258 31
rVSVOmicron	180	C	123060	0.000101445	0.000105586	0.999783	9.5752e-06 0.000217 27
rVSVOmicron	181	A	123454	0.999931	0	0	6.85664e-05 6.9e-05 9
rVSVOmicron	182	A	123630	0.999869	9.68287e-06	5.07696e-05	7.01354e-05 0.000131 16
rVSVOmicron	183	C	124340	5.07627e-05	0.000239529	0.999681	2.83149e-05 0.000319 40
rVSVOmicron	184	G	123273	0.000533333	0.000117168	9.56998e-06	0.99934 0.00066 81
rVSVOmicron	185	T	123918	1.90249e-05	0.999939	4.24204e-05	0 6.1e-05 8
rVSVOmicron	186	G	125269	0.000117065	6.13195e-05	9.3753e-06	0.999812 0.000188 24
rVSVOmicron	187	A	125865	0.999553	1.86083e-05	0	0.000428745 0.000447 56
rVSVOmicron	188	C	126774	9.26988e-06	0.000108984	0.999873	9.26988e-06 0.000127 16
rVSVOmicron	189	A	124859	0.999523	0	7.08542e-05	0.000405941 0.000477 60
rVSVOmicron	190	T	125225	0	0.999949	5.10241e-05	0 5.1e-05 6
rVSVOmicron	191	G	126052	0.000130825	0.000330106	1.87618e-05	0.99952 0.00048 61
rVSVOmicron	192	G	126009	8.99048e-05	5.62221e-05	0	0.999854 0.000146 18
rVSVOmicron	193	T	126229	0	0.999901	5.00826e-05	4.93041e-05 9.9e-05 12
rVSVOmicron	194	T	126838	2.07289e-05	0.999911	6.79308e-05	0 8.9e-05 11
rVSVOmicron	195	C	127675	4.66609e-05	0.000337106	0.999605	1.14781e-05 0.000395 50
rVSVOmicron	196	C	128340	0.00011205	0.000212671	0.999675	0 0.000325 42
rVSVOmicron	197	A	128467	0.99982	2.02665e-05	0	0.000159661 0.00018 23
rVSVOmicron	198	C	129277	0.000144937	0.000230426	0.999566	5.89575e-05 0.000434 56
rVSVOmicron	199	G	129852	0.000442441	0	0	0.999558 0.000442 57
rVSVOmicron	200	T	130112	9.14426e-06	0.999746	0.000180908	6.40098e-05 0.000254 33
rVSVOmicron	201	G	130931	6.66542e-05	0.000399198	4.70215e-05	0.999487 0.000513 67
rVSVOmicron	202	A	130720	0.999946	1.80763e-05	8.91762e-06	2.67529e-05 5.4e-05 7
rVSVOmicron	203	T	129678	9.05387e-06	0.997914	0.00207701	0 0.002086 271
rVSVOmicron	204	C	128053	1.82245e-05	0.000157125	0.999816	9.11225e-06 0.000184 24
rVSVOmicron	205	T	128361	1.81625e-05	0.999569	0.000412829	0 0.000431 55
rVSVOmicron	206	C	128149	0.000906044	7.96846e-05	0.998976	3.86126e-05 0.001024 131
rVSVOmicron	207	T	128548	3.11948e-05	0.999683	0.000276823	9.08825e-06 0.000317 41
rVSVOmicron	208	G	130154	0.000374997	2.71171e-05	2.71171e-05	0.999571 0.000429 56
rVSVOmicron	209	G	130638	0.000298268	3.83523e-05	1.58783e-05	0.999647 0.000353 46
rVSVOmicron	210	C	131309	7.36108e-05	0.000339334	0.999587	0 0.000413 54
rVSVOmicron	211	A	131377	0.999443	8.88716e-06	0.000479907	6.8215e-05 0.000557 73
rVSVOmicron	212	C	132229	2.6523e-05	0.000173236	0.999791	8.84101e-06 0.000209 28
rVSVOmicron	213	A	132263	0.997935	0.00145674	8.84319e-06	0.000599425 0.002065 273
rVSVOmicron	214	A	132558	0.99997	0	0	2.95163e-05 3e-05 4
rVSVOmicron	215	A	132899	0.999907	2.65984e-05	2.75928e-05	3.90276e-05 9.3e-05 12
rVSVOmicron	216	C	133217	5.47728e-05	0.000847438	0.999098	0 0.000902 120
rVSVOmicron	217	G	133500	0.000243359	4.80472e-05	2.66662e-05	0.999682 0.000318 42
rVSVOmicron	218	G	133707	0.000528032	0.00070731	0	0.998765 0.001235 165
rVSVOmicron	219	C	134019	1.74672e-05	0.000286793	0.999696	0 0.000304 41
rVSVOmicron	220	A	134018	0.999932	8.72615e-06	8.72615e-06	5.09418e-05 6.8e-05 9
rVSVOmicron	221	C	134844	1.07769e-05	5.41187e-05	0.999926	8.66837e-06 7.4e-05 10
rVSVOmicron	222	A	134911	0.999609	1.74504e-05	3.4665e-05	0.000339104 0.000391 53
rVSVOmicron	223	A	135250	0.999773	1.81288e-05	2.64776e-05	0.000182004 0.000227 31
rVSVOmicron	224	A	135239	0.999754	1.62279e-05	9.04465e-05	0.000139607 0.000246 33
rVSVOmicron	225	G	135674	5.68056e-05	2.62726e-05	1.96453e-05	0.999897 0.000103 14
rVSVOmicron	226	C	136492	2.78976e-05	0.000323844	0.999648	0 0.000352 48
rVSVOmicron	227	G	137111	0.000247457	7.12657e-05	2.57671e-05	0.999655 0.000345 47
rVSVOmicron	228	G	137471	0.000118936	1.92056e-05	8.56154e-06	0.999853 0.000147 20
rVSVOmicron	229	T	137395	8.5597e-06	0.999851	0.000133022	7.63433e-06 0.000149 20
rVSVOmicron	230	T	135991	5.92146e-05	0.99987	4.52269e-05	2.58773e-05 0.00013 18
rVSVOmicron	231	C	136873	6.9877e-05	0.000439949	0.99949	0 0.00051 70
rVSVOmicron	232	G	136916	0.000166119	8.27131e-05	8.54856e-06	0.999743 0.000257 35
rVSVOmicron	233	A	136241	0.999879	1.69839e-05	8.49194e-06	9.52475e-05 0.000121 16
rVSVOmicron	234	C	136752	3.39477e-05	0.000161022	0.999805	0 0.000195 27
rVSVOmicron	235	A	136601	0.99988	2.58002e-05	0	9.41358e-05 0.00012 16
rVSVOmicron	236	A	136562	0.999842	9.12228e-06	4.32724e-05	0.000105725 0.000158 22
rVSVOmicron	237	C	136873	4.6575e-05	0.000102882	0.999624	0.000226619 0.000376 51
rVSVOmicron	238	C	138110	4.34045e-05	0.000213097	0.999518	0.000225565 0.000482 67
rVSVOmicron	239	C	138258	0.000329903	0.000592993	0.999058	1.91885e-05 0.000942 130
rVSVOmicron	240	C	138568	6.16119e-05	0.000516115	0.999139	0.000282771 0.000861 119
rVSVOmicron	241	G	138548	0.00042856	2.70981e-05	1.66232e-05	0.999528 0.000472 65
rVSVOmicron	242	T	138852	1.91296e-05	0.999874	8.94251e-05	1.70553e-05 0.000126 17
rVSVOmicron	243	G	139822	0.000574772	6.43385e-05	8.32351e-06	0.999353 0.000647 90
rVSVOmicron	244	C	138975	7.91923e-05	0.000204543	0.999708	8.37176e-06 0.000292 41
rVSVOmicron	245	T	139125	3.31571e-05	0.999748	0.000200959	1.83708e-05 0.000252 35
rVSVOmicron	246	C	140640	3.31689e-05	7.82158e-05	0.9995	0.000388614 0.0005 70
rVSVOmicron	247	C	141359	2.70215e-05	0.000238915	0.999734	0 0.000266 38
rVSVOmicron	248	C	140338	0.000124166	8.55617e-05	0.99979	0 0.00021 29
rVSVOmicron	249	T	140121	2.50354e-05	0.999679	0.000227123	6.87909e-05 0.000321 45
rVSVOmicron	250	T	140706	2.12097e-05	0.999703	0.000186782	8.8944e-05 0.000297 42
rVSVOmicron	251	T	141060	8.36775e-06	0.999906	8.57129e-05	0 9.4e-05 13
rVSVOmicron	252	C	141810	4.10902e-05	0.000227884	0.999704	2.66531e-05 0.000296 42
rVSVOmicron	253	A	141812	0.9994	0	0	0.000600069 0.0006 85
rVSVOmicron	254	A	142007	0.999733	8.35465e-06	0	0.000258768 0.000267 38
rVSVOmicron	255	C	142816	7.94644e-05	0.000306004	0.999615	0 0.000385 55
rVSVOmicron	256	G	143315	0.00165962	9.31851e-05	1.01817e-05	0.998237 0.001763 253
rVSVOmicron	257	A	142738	0.999939	8.17782e-06	0	5.28243e-05 6.1e-05 9
rVSVOmicron	258	C	143292	7.64723e-05	0.000231602	0.999692	0 0.000308 44
rVSVOmicron	259	G	143716	0.000138216	6.72341e-05	1.63125e-05	0.999778 0.000222 32
rVSVOmicron	260	G	144110	0.000203112	2.43208e-05	0	0.999773 0.000227 33
rVSVOmicron	261	C	144424	9.66424e-05	0.000348914	0.999546	8.05353e-06 0.000454 66
rVSVOmicron	262	G	144655	0.00162535	4.20929e-05	3.38479e-05	0.998299 0.001701 246
rVSVOmicron	263	T	144483	0	0.9999	8.38091e-05	1.63207e-05 0.0001 14
rVSVOmicron	264	G	145270	0.000249767	4.71421e-05	1.38399e-05	0.999689 0.000311 45
rVSVOmicron	265	T	145215	3.01349e-05	0.999807	9.38486e-05	6.86644e-05 0.000193 28
rVSVOmicron	266	A	145016	0.999853	0	9.37751e-05	5.2831e-05 0.000147 21
rVSVOmicron	267	C	144507	4.97882e-05	0.000149365	0.999785	1.61593e-05 0.000215 31
rVSVOmicron	268	T	144666	6.834e-05	0.999746	0.000153037	3.29377e-05 0.000254 37
rVSVOmicron	269	T	141824	5.14381e-05	0.99992	2.87252e-05	0 8e-05 11
rVSVOmicron	270	C	142712	0.000104622	0.000241267	0.999646	8.11533e-06 0.000354 51
rVSVOmicron	271	G	143246	0.000266324	7.25937e-05	1.63281e-05	0.999645 0.000355 51
rVSVOmicron	272	C	143651	5.25624e-05	0.000158344	0.999789	0 0.000211 30
rVSVOmicron	273	C	144355	7.2553e-05	0.000106324	0.999797	2.41843e-05 0.000203 29
rVSVOmicron	274	A	143860	0.999751	0	4.05457e-05	0.000208427 0.000249 36
rVSVOmicron	275	G	144562	0.000154203	6.91853e-05	0	0.999777 0.000223 32
rVSVOmicron	276	C	145469	2.39925e-05	0.000301527	0.999674	0 0.000326 47
rVSVOmicron	277	A	145505	0.99991	5.78782e-05	1.59813e-05	1.64132e-05 9e-05 13
rVSVOmicron	278	T	145980	7.95957e-06	0.999883	0.000109498	0 0.000117 17
rVSVOmicron	279	A	145158	0.999145	1.61322e-05	2.41983e-05	0.000814457 0.000855 124
rVSVOmicron	280	G	145866	3.40645e-05	3.34095e-05	8.27594e-05	0.99985 0.00015 22
rVSVOmicron	281	A	145682	0.999847	1.58913e-05	0	0.000136794 0.000153 22
rVSVOmicron	282	G	146558	5.2591e-05	7.37137e-05	7.97487e-06	0.999866 0.000134 20
rVSVOmicron	283	A	147524	0.999659	1.78502e-05	0	0.000323024 0.000341 50
rVSVOmicron	284	A	146610	0.999559	4.10872e-05	7.12918e-05	0.000328475 0.000441 65
rVSVOmicron	285	G	147130	0.00051283	9.31835e-05	0	0.999394 0.000606 89
rVSVOmicron	286	T	147639	7.93685e-06	0.999393	0.000599125	0 0.000607 90
rVSVOmicron	287	C	147413	9.65124e-05	7.90035e-06	0.999854	4.14235e-05 0.000146 22
rVSVOmicron	288	T	147602	0	0.999754	0.000245775	0 0.000246 36
rVSVOmicron	289	A	148666	0.999797	7.83889e-06	7.05501e-05	0.000124999 0.000203 30
rVSVOmicron	290	A	149070	0.999847	1.57593e-05	7.87963e-06	0.000129482 0.000153 23
rVSVOmicron	291	C	149629	7.77622e-06	0.000133036	0.999851	7.77622e-06 0.000149 22
rVSVOmicron	292	A	147674	0.999906	7.87283e-06	7.44727e-06	7.87283e-05 9.4e-05 14
rVSVOmicron	293	T	148056	0	0.999968	1.60523e-05	1.60523e-05 3.2e-05 5
rVSVOmicron	294	T	148412	1.59214e-05	0.99985	9.66042e-05	3.78671e-05 0.00015 22
rVSVOmicron	295	A	148716	0.999908	2.16874e-06	8.02432e-06	8.19782e-05 9.2e-05 14
rVSVOmicron	296	T	149092	1.57399e-05	0.999882	8.04011e-05	2.14828e-05 0.000118 18
rVSVOmicron	297	C	149375	7.61271e-05	0.000651707	0.999272	0 0.000728 109
rVSVOmicron	298	C	149830	6.63003e-05	0.000195945	0.999671	6.63003e-05 0.000329 49
rVSVOmicron	299	G	150409	0.000166746	0.000126634	8.73631e-05	0.999619 0.000381 57
rVSVOmicron	300	G	150821	0.000152887	4.68151e-05	7.80251e-06	0.999793 0.000207 31
rVSVOmicron	301	G	150922	9.20566e-05	3.88824e-05	7.77647e-06	0.999861 0.000139 21
rVSVOmicron	302	G	149811	0.000126039	3.10896e-05	0.000521381	0.999322 0.000678 102
rVSVOmicron	303	C	149473	0.000349446	0.000185438	0.999432	3.33109e-05 0.000568 85
rVSVOmicron	304	T	149577	1.55356e-05	0.999715	0.00024689	2.28835e-05 0.000285 43
rVSVOmicron	305	G	151537	0.000269194	5.03706e-05	1.71343e-05	0.999663 0.000337 51
rVSVOmicron	306	G	151988	8.64519e-05	7.89705e-05	0	0.999835 0.000165 25
rVSVOmicron	307	A	150915	0.999889	7.64164e-06	7.64164e-06	9.54173e-05 0.000111 17
rVSVOmicron	308	T	151233	7.73696e-06	0.999946	3.03205e-05	1.54739e-05 5.4e-05 8
rVSVOmicron	309	T	151035	0	0.999944	4.04225e-05	1.54988e-05 5.6e-05 8
rVSVOmicron	310	T	151527	0	0.999931	6.15211e-05	7.69014e-06 6.9e-05 10
rVSVOmicron	311	T	151468	8.0308e-05	0.999897	2.29747e-05	0 0.000103 16
rVSVOmicron	312	C	151851	7.16119e-05	0.000287062	0.999632	9.20725e-06 0.000368 56
rVSVOmicron	313	G	151788	0.000188883	6.69565e-05	4.00912e-05	0.999704 0.000296 45
rVSVOmicron	314	G	151584	0.000220471	3.25625e-05	1.53479e-05	0.999732 0.000268 41
rVSVOmicron	315	C	151894	4.14298e-05	0.000263346	0.999688	7.58863e-06 0.000312 47
rVSVOmicron	316	A	150612	0.999917	1.51911e-05	0	6.79493e-05 8.3e-05 13
rVSVOmicron	317	C	151237	2.46444e-05	0.000341119	0.999634	0 0.000366 55
rVSVOmicron	318	C	151353	8.7923e-05	0.000320247	0.999577	1.5309e-05 0.000423 64
rVSVOmicron	319	A	151184	0.999543	1.68311e-05	0.000380018	6.06325e-05 0.000457 69
rVSVOmicron	320	C	152061	0.000554872	9.40047e-05	0.999308	4.35433e-05 0.000692 105
rVSVOmicron	321	A	151504	0.999328	0	0.000604998	6.68311e-05 0.000672 102
rVSVOmicron	322	C	151129	3.48639e-05	3.95532e-05	0.999897	2.87474e-05 0.000103 16
rVSVOmicron	323	T	150974	7.63387e-06	0.999886	0.000106255	0 0.000114 17
rVSVOmicron	324	C	152255	4.69021e-05	0.000275727	0.999655	2.25374e-05 0.000345 53
rVSVOmicron	325	G	151684	0.00014821	5.563e-05	1.37535e-05	0.999782 0.000218 33
rVSVOmicron	326	A	149448	0.99993	0	7.63973e-06	6.27696e-05 7e-05 10
rVSVOmicron	327	C	148429	4.06668e-05	4.06668e-05	0.999909	9.43303e-06 9.1e-05 14
rVSVOmicron	328	T	149779	7.6609e-06	0.999929	5.54897e-05	7.6609e-06 7.1e-05 11
rVSVOmicron	329	C	149514	5.31504e-05	7.04552e-05	0.999854	2.2867e-05 0.000146 22
rVSVOmicron	330	T	149696	9.36133e-06	0.999632	0.000345953	1.22737e-05 0.000368 55
rVSVOmicron	331	A	150585	0.999937	7.72777e-06	5.01261e-06	5.01261e-05 6.3e-05 9
rVSVOmicron	332	A	149760	0.999215	0.000712135	1.50187e-05	5.75716e-05 0.000785 118
rVSVOmicron	333	G	150390	7.33238e-05	6.37144e-05	1.92188e-05	0.999844 0.000156 23
rVSVOmicron	334	A	150807	0.99993	1.5159e-05	0	5.49001e-05 7e-05 11
rVSVOmicron	335	C	151266	4.68971e-05	6.15779e-05	0.999884	7.54431e-06 0.000116 18
rVSVOmicron	336	A	150682	0.999904	3.70479e-05	2.31029e-05	3.53828e-05 9.6e-05 14
rVSVOmicron	337	C	151333	2.25802e-05	0.000264656	0.999698	1.50535e-05 0.000302 46
rVSVOmicron	338	A	150539	0.999652	3.05299e-05	3.77498e-05	0.000280132 0.000348 52
rVSVOmicron	339	G	151367	0.000112608	1.73404e-05	0	0.99987 0.00013 20
rVSVOmicron	340	T	151509	2.27417e-05	0.999851	0.00011125	1.51611e-05 0.000149 23
rVSVOmicron	341	C	152286	5.63338e-05	0.00013961	0.999772	3.2045e-05 0.000228 35
rVSVOmicron	342	C	152618	7.49959e-05	0.000281596	0.999643	0 0.000357 54
rVSVOmicron	343	C	152424	8.95109e-05	9.96826e-05	0.999811	0 0.000189 29
rVSVOmicron	344	T	152293	2.24223e-05	0.999758	0.000212507	7.47409e-06 0.000242 37
rVSVOmicron	345	C	153810	4.48651e-05	0.000147327	0.999799	9.09427e-06 0.000201 31
rVSVOmicron	346	C	152724	4.07494e-05	0.000172121	0.999757	3.00046e-05 0.000243 37
rVSVOmicron	347	T	152544	4.39932e-05	0.999711	0.000222614	2.26076e-05 0.000289 44
rVSVOmicron	348	G	153015	0.00012644	9.93312e-05	3.45939e-05	0.99974 0.00026 40
rVSVOmicron	349	A	148117	0.999937	0	2.16216e-05	4.1788e-05 6.3e-05 9
rVSVOmicron	350	T	148344	0	0.999952	3.97049e-05	7.94098e-06 4.8e-05 7
rVSVOmicron	351	T	147905	3.20658e-05	0.999887	6.39221e-05	1.73952e-05 0.000113 17
rVSVOmicron	352	G	145403	0.000236442	3.30464e-05	2.36655e-05	0.999707 0.000293 43
rVSVOmicron	353	T	145335	7.82774e-06	0.99963	0.000342517	1.94636e-05 0.00037 54
rVSVOmicron	354	G	146140	0.000169956	3.91067e-05	1.56427e-05	0.999775 0.000225 33
rVSVOmicron	355	A	146136	0.999863	0	7.88847e-06	0.000129414 0.000137 20
rVSVOmicron	356	A	145845	0.999904	7.86964e-06	2.36089e-05	6.48713e-05 9.6e-05 14
rVSVOmicron	357	C	146264	3.12769e-05	7.14297e-05	0.999897	0 0.000103 15
rVSVOmicron	358	A	145892	0.999928	2.35637e-05	7.64228e-06	4.11834e-05 7.2e-05 11
rVSVOmicron	359	A	146108	0.999874	7.96128e-06	3.85154e-05	7.96129e-05 0.000126 18
rVSVOmicron	360	C	145959	3.1332e-05	0.000621559	0.999339	7.833e-06 0.000661 96
rVSVOmicron	361	G	145926	0.000342297	7.92216e-05	1.58016e-05	0.999563 0.000437 64
rVSVOmicron	362	C	145832	5.68792e-05	3.94107e-05	0.999888	1.57643e-05 0.000112 16
rVSVOmicron	363	C	146210	5.94612e-05	0.000157509	0.999758	2.50918e-05 0.000242 35
rVSVOmicron	364	A	145940	0.999921	7.85417e-06	7.85417e-06	6.28333e-05 7.9e-05 12
rVSVOmicron	365	C	146663	4.6522e-05	0.00010457	0.999849	0 0.000151 22
rVSVOmicron	366	A	146660	0.999824	1.06256e-05	7.90545e-05	8.64924e-05 0.000176 26
rVSVOmicron	367	A	146946	0.999669	8.10359e-06	5.4535e-05	0.000267857 0.000331 49
rVSVOmicron	368	A	145967	0.999793	8.20302e-06	9.2672e-05	0.000105974 0.000207 30
rVSVOmicron	369	C	146668	3.14274e-05	0.000147157	0.999735	8.685e-05 0.000265 39
rVSVOmicron	370	G	145806	9.39385e-05	7.86363e-06	0	0.999898 0.000102 15
rVSVOmicron	371	T	145135	2.43706e-05	0.999897	5.26932e-05	2.59075e-05 0.000103 15
rVSVOmicron	372	G	145095	0.000106983	0.000145574	2.37978e-05	0.999724 0.000276 40
rVSVOmicron	373	G	143988	0.000310695	9.09141e-05	9.86332e-06	0.999589 0.000411 59
rVSVOmicron	374	T	144123	0.00214263	0.997761	7.20631e-05	2.4021e-05 0.002239 323
rVSVOmicron	375	G	145303	7.06774e-05	2.35591e-05	0.00209422	0.997812 0.002188 318
rVSVOmicron	376	A	146003	0.999863	5.48978e-05	0	8.22407e-05 0.000137 20
rVSVOmicron	377	T	146624	0.000212852	0.999739	4.84542e-05	0 0.000261 38
rVSVOmicron	378	T	147237	3.09413e-05	0.999641	0.000121256	0.000206763 0.000359 53
rVSVOmicron	379	A	148263	0.999329	3.34298e-05	0.000218029	0.000419449 0.000671 99
rVSVOmicron	380	A	148560	0.999646	9.43309e-05	6.72602e-05	0.00019241 0.000354 53
rVSVOmicron	381	G	149905	0.000103797	0.000116485	2.3089e-05	0.999757 0.000243 36
rVSVOmicron	382	G	144755	0.000248657	2.1369e-05	0	0.99973 0.00027 39
rVSVOmicron	383	T	144795	1.58205e-05	0.999938	3.1641e-05	1.4324e-05 6.2e-05 9
rVSVOmicron	384	G	145154	6.94843e-05	3.83656e-05	0	0.999892 0.000108 16
rVSVOmicron	385	T	145459	2.5479e-05	0.999887	6.51837e-05	2.20818e-05 0.000113 16
rVSVOmicron	386	G	146246	0.000304854	6.29198e-05	0	0.999632 0.000368 54
rVSVOmicron	387	C	146709	4.86991e-05	0.00075324	0.999151	4.72104e-05 0.000849 125
rVSVOmicron	388	G	147480	0.000348419	0.000107659	3.11201e-05	0.999513 0.000487 72
rVSVOmicron	389	A	146175	0.999584	7.77199e-06	0	0.000407714 0.000416 61
rVSVOmicron	390	G	146832	0.000426635	2.33744e-05	1.62147e-05	0.999534 0.000466 68
rVSVOmicron	391	T	147104	3.8519e-05	0.999857	0.000104857	0 0.000143 21
rVSVOmicron	392	T	147301	0	0.999898	0.00010215	0 0.000102 15
rVSVOmicron	393	C	147517	5.50695e-05	0.000146923	0.99979	7.86707e-06 0.00021 31
rVSVOmicron	394	C	147873	0.000105467	0.000542552	0.999301	5.05142e-05 0.000699 103
rVSVOmicron	395	A	147393	0.999541	4.06759e-05	9.6448e-06	0.000408436 0.000459 68
rVSVOmicron	396	G	148218	0.000112319	4.63971e-05	7.76784e-06	0.999834 0.000166 25
rVSVOmicron	397	T	148448	0.000703352	0.999212	7.49701e-05	9.82514e-06 0.000788 117
rVSVOmicron	398	T	148847	0	0.999291	0.000698919	9.65764e-06 0.000709 106
rVSVOmicron	399	C	146865	6.96931e-05	0.000152732	0.999762	1.56756e-05 0.000238 35
rVSVOmicron	400	T	147179	1.92934e-05	0.999802	0.000170495	7.75928e-06 0.000198 29
rVSVOmicron	401	G	149013	0.000193708	9.81066e-05	0	0.999708 0.000292 44
rVSVOmicron	402	C	149424	7.31594e-05	0.00129707	0.998612	1.72998e-05 0.001388 207
rVSVOmicron	403	A	149192	0.999882	1.53975e-05	7.69877e-06	9.50902e-05 0.000118 18
rVSVOmicron	404	A	149821	0.999863	1.74533e-05	0	0.00011965 0.000137 21
rVSVOmicron	405	C	150137	3.06368e-05	0.000392689	0.999569	7.6592e-06 0.000431 65
rVSVOmicron	406	G	150953	0.000188514	5.52754e-05	3.81565e-05	0.999718 0.000282 43
rVSVOmicron	407	A	150794	0.999868	1.5286e-05	0	0.000116504 0.000132 20
rVSVOmicron	408	C	151675	3.06163e-05	0.000185559	0.999513	0.000271202 0.000487 74
rVSVOmicron	409	C	152486	5.37995e-05	0.000481287	0.999457	7.68564e-06 0.000543 83
rVSVOmicron	410	C	151251	0.000156856	0.00027398	0.999546	2.29697e-05 0.000454 69
rVSVOmicron	411	T	151184	1.74809e-05	0.999827	0.000132055	2.33781e-05 0.000173 26
rVSVOmicron	412	T	152028	1.61003e-05	0.999804	0.000124016	5.63509e-05 0.000196 30
rVSVOmicron	413	T	152350	4.51617e-05	0.999821	0.000127069	6.36369e-06 0.000179 27
rVSVOmicron	414	C	153674	7.94641e-05	0.00145309	0.998452	1.51555e-05 0.001548 238
rVSVOmicron	415	C	150665	0.000628157	0.000128746	0.999235	7.68324e-06 0.000765 115
rVSVOmicron	416	T	150890	6.38824e-05	0.999651	0.000269354	1.54993e-05 0.000349 53
rVSVOmicron	417	G	152841	0.000112899	6.12054e-05	7.2578e-05	0.999753 0.000247 38
rVSVOmicron	418	G	153675	0.000143617	7.65142e-05	4.54175e-05	0.999734 0.000266 41
rVSVOmicron	419	A	154184	0.999926	7.4254e-06	0	6.68286e-05 7.4e-05 11
rVSVOmicron	420	T	154576	7.44637e-06	0.999584	0.000239894	0.000168248 0.000416 64
rVSVOmicron	421	C	155496	4.36318e-05	0.000135299	0.999814	7.4054e-06 0.000186 29
rVSVOmicron	422	A	155073	0.999809	9.03118e-05	3.13001e-05	6.97773e-05 0.000191 30
rVSVOmicron	423	C	155339	6.85521e-05	1.48329e-05	0.9999	1.66369e-05 0.0001 16
rVSVOmicron	424	A	155052	0.999553	7.46117e-06	0	0.000439806 0.000447 69
rVSVOmicron	425	A	154345	0.999504	2.24455e-05	0.000356298	0.000117687 0.000496 77
rVSVOmicron	426	G	153812	0.000144145	6.15683e-05	0	0.999794 0.000206 32
rVSVOmicron	427	A	155311	0.999687	0	7.4905e-06	0.000305086 0.000313 49
rVSVOmicron	428	A	155467	0.99987	6.02931e-06	0	0.000124003 0.00013 20
rVSVOmicron	429	C	155268	0.000316876	0.000107497	0.99957	6.01663e-06 0.00043 67
rVSVOmicron	430	A	155204	0.999659	0	0.000200702	0.000140431 0.000341 53
rVSVOmicron	431	A	154977	0.999696	7.54518e-06	1.50904e-05	0.000281007 0.000304 47
rVSVOmicron	432	C	155201	5.20937e-05	4.96801e-05	0.999682	0.000215817 0.000318 49
rVSVOmicron	433	A	155401	0.999864	7.71112e-06	1.22961e-05	0.000116084 0.000136 21
rVSVOmicron	434	A	154346	0.999875	3.61595e-05	1.57121e-05	7.36103e-05 0.000125 19
rVSVOmicron	435	G	155090	4.83083e-05	5.9392e-05	7.73769e-06	0.999885 0.000115 18
rVSVOmicron	436	T	155294	4.54502e-06	0.999713	0.000257207	2.4791e-05 0.000287 45
rVSVOmicron	437	C	154033	6.85974e-05	3.03964e-05	0.999886	1.51982e-05 0.000114 18
rVSVOmicron	438	T	153601	3.43396e-05	0.999875	5.85429e-05	3.24779e-05 0.000125 19
rVSVOmicron	439	T	154785	2.24697e-05	0.999877	9.27128e-05	7.4899e-06 0.000123 19
rVSVOmicron	440	G	155629	0.000139804	7.46429e-05	0	0.999786 0.000214 33
rVSVOmicron	441	G	155952	8.51381e-05	5.92962e-05	2.22361e-05	0.999833 0.000167 26
rVSVOmicron	442	A	155606	0.999795	1.47242e-05	9.69009e-05	9.37173e-05 0.000205 32
rVSVOmicron	443	T	155849	1.63266e-05	0.999253	0.000699457	3.12596e-05 0.000747 116
rVSVOmicron	444	G	156758	0.000101951	6.83668e-05	1.47928e-05	0.999815 0.000185 29
rVSVOmicron	445	G	156883	0.00011058	3.71913e-05	1.47174e-05	0.999838 0.000162 25
rVSVOmicron	446	A	156160	0.999855	2.92236e-05	0	0.000115315 0.000145 23
rVSVOmicron	447	G	156910	6.01553e-05	7.77088e-05	0	0.999862 0.000138 22
rVSVOmicron	448	T	156949	1.47195e-05	0.999822	0.000148787	1.47195e-05 0.000178 28
rVSVOmicron	449	C	155446	9.39953e-05	0.000145593	0.999753	6.99965e-06 0.000247 38
rVSVOmicron	450	T	155232	0	0.999706	0.000276145	1.80526e-05 0.000294 46
rVSVOmicron	451	G	157093	6.36491e-05	8.7887e-05	2.91643e-05	0.999819 0.000181 28
rVSVOmicron	452	A	156320	0.999099	4.40338e-05	7.33896e-06	0.000849336 0.000901 141
rVSVOmicron	453	G	156144	0.000242321	3.84384e-05	0	0.999719 0.000281 44
rVSVOmicron	454	T	156469	8.02958e-05	0.999875	3.70442e-05	7.40884e-06 0.000125 20
rVSVOmicron	455	T	156675	7.38761e-06	0.999897	9.52402e-05	0 0.000103 16
rVSVOmicron	456	C	157382	3.60845e-05	8.93239e-05	0.999837	3.72676e-05 0.000163 26
rVSVOmicron	457	A	156303	0.999546	7.3271e-06	7.3271e-06	0.000439824 0.000454 71
rVSVOmicron	458	G	157077	0.000379338	0.000117024	3.79536e-05	0.999466 0.000534 84
rVSVOmicron	459	A	157310	0.999523	7.35105e-06	0.000113842	0.000355632 0.000477 75
rVSVOmicron	460	G	157508	0.00201394	1.6396e-05	1.46181e-05	0.997955 0.002045 322
rVSVOmicron	461	T	157809	1.45294e-05	0.997914	6.71496e-05	0.00200467 0.002086 329
rVSVOmicron	462	G	157996	9.42727e-05	4.53687e-05	2.35682e-05	0.999837 0.000163 26
rVSVOmicron	463	T	155411	0	0.999407	0.000118772	0.000474293 0.000593 92
rVSVOmicron	464	A	155204	0.999303	7.38568e-06	0.000498034	0.000191229 0.000697 108
rVSVOmicron	465	C	155323	0.000155996	5.37363e-05	0.999768	2.22564e-05 0.000232 36
rVSVOmicron	466	T	151609	2.45836e-05	0.999762	0.000213672	0 0.000238 36
rVSVOmicron	467	C	151647	5.16312e-05	5.44883e-05	0.999839	5.46923e-05 0.000161 24
rVSVOmicron	468	T	151530	0	0.999888	8.95218e-05	2.2949e-05 0.000112 17
rVSVOmicron	469	A	152362	0.99971	7.63415e-06	4.2091e-05	0.000240166 0.00029 44
rVSVOmicron	470	G	152709	4.76737e-05	6.14137e-05	7.70274e-06	0.999883 0.000117 18
rVSVOmicron	471	C	152136	0.000235005	0.000897328	0.998852	1.53933e-05 0.001148 175
rVSVOmicron	472	G	152357	0.000417663	5.6275e-05	3.96995e-05	0.999486 0.000514 78
rVSVOmicron	473	C	152590	3.79786e-05	6.07658e-05	0.999901	0 9.9e-05 15
rVSVOmicron	474	C	152989	4.66163e-05	4.84404e-05	0.999892	1.25661e-05 0.000108 17
rVSVOmicron	475	A	152587	0.999895	3.19081e-05	0	7.29619e-05 0.000105 16
rVSVOmicron	476	A	152989	0.999955	1.49958e-05	2.24937e-05	7.49788e-06 4.5e-05 7
rVSVOmicron	477	C	153341	2.24051e-05	7.26653e-05	0.999905	0 9.5e-05 15
rVSVOmicron	478	A	153396	0.999721	0	0	0.00027936 0.000279 43
rVSVOmicron	479	A	153476	0.999905	3.05143e-05	1.52572e-05	4.94827e-05 9.5e-05 15
rVSVOmicron	480	C	152627	4.2894e-05	0.000108449	0.999834	1.49724e-05 0.000166 25
rVSVOmicron	481	T	153728	2.45814e-05	0.999671	0.00026466	3.974e-05 0.000329 51
rVSVOmicron	482	G	156720	0.000471782	6.52591e-05	7.38406e-06	0.999456 0.000544 85
rVSVOmicron	483	C	159734	9.02274e-05	0.000146571	0.999715	4.85989e-05 0.000285 46
rVSVOmicron	484	A	161402	0.999835	0	7.08975e-06	0.000157699 0.000165 27
rVSVOmicron	485	C	163620	1.4048e-05	9.4729e-05	0.999884	6.83416e-06 0.000116 19
rVSVOmicron	486	C	151650	6.22449e-05	0.000251641	0.999686	0 0.000314 48
rVSVOmicron	487	T	151834	7.23199e-05	0.999722	0.000149805	5.53764e-05 0.000278 42
rVSVOmicron	488	T	152403	5.49655e-06	0.999928	5.86298e-05	7.53231e-06 7.2e-05 11
rVSVOmicron	489	C	152608	3.75479e-05	0.00066064	0.999242	6.02796e-05 0.000758 116
rVSVOmicron	490	G	153008	0.00018766	0.000147939	4.6611e-05	0.999618 0.000382 58
rVSVOmicron	491	A	152071	0.999885	7.50108e-06	1.6624e-05	9.04184e-05 0.000115 17
rVSVOmicron	492	G	152766	0.000158071	1.51127e-05	2.26691e-05	0.999804 0.000196 30
rVSVOmicron	493	T	153024	1.68955e-05	0.99996	2.27987e-05	0 4e-05 6
rVSVOmicron	494	A	153244	0.999864	0	1.4891e-05	0.000121341 0.000136 21
rVSVOmicron	495	C	152841	6.17168e-05	0.000302696	0.999305	0.00033051 0.000695 106
rVSVOmicron	496	G	151790	0.00031543	5.25035e-05	0	0.999632 0.000368 56
rVSVOmicron	497	T	152115	3.03052e-05	0.99989	6.40914e-05	1.51526e-05 0.00011 17
rVSVOmicron	498	G	151911	0.000463671	6.7606e-05	4.68355e-05	0.999422 0.000578 88
rVSVOmicron	499	T	152250	3.51718e-05	0.999775	0.000179093	1.09154e-05 0.000225 34
rVSVOmicron	500	C	153113	0.000206491	0.000116863	0.999677	0 0.000323 49
rVSVOmicron	501	C	153929	4.64421e-05	0.000514545	0.999401	3.78493e-05 0.000599 92
rVSVOmicron	502	C	154478	8.1924e-05	0.000155998	0.999721	4.06601e-05 0.000279 43
rVSVOmicron	503	A	153977	0.99975	3.56848e-05	2.22529e-05	0.000192257 0.00025 38
rVSVOmicron	504	G	154792	0.0006032	3.91112e-05	2.23781e-05	0.999335 0.000665 103
rVSVOmicron	505	C	156382	7.02322e-05	0.000205094	0.999717	7.4034e-06 0.000283 44
rVSVOmicron	506	C	151384	0.000140587	0.000248857	0.999595	1.52319e-05 0.000405 61
rVSVOmicron	507	T	151699	2.30759e-05	0.999589	0.000349464	3.8044e-05 0.000411 62
rVSVOmicron	508	T	152064	0	0.99985	0.000108565	4.10727e-05 0.00015 23
rVSVOmicron	509	T	152184	6.21649e-05	0.999637	9.51836e-05	0.000205246 0.000363 55
rVSVOmicron	510	C	154167	7.32286e-05	0.00016082	0.999748	1.8206e-05 0.000252 39
rVSVOmicron	511	C	149669	0.000102779	0.000197235	0.999654	4.6188e-05 0.000346 52
rVSVOmicron	512	T	150062	4.91989e-05	0.999595	0.000338191	1.71576e-05 0.000405 61
rVSVOmicron	513	C	151746	3.94953e-05	7.14579e-05	0.999787	0.000101792 0.000213 32
rVSVOmicron	514	A	152221	0.999713	4.93794e-05	2.55411e-05	0.000212417 0.000287 44
rVSVOmicron	515	T	154406	1.68886e-05	0.999412	0.000563225	7.52865e-06 0.000588 91
rVSVOmicron	516	G	157532	7.75996e-05	0.00155219	8.73995e-05	0.998283 0.001717 270
rVSVOmicron	517	G	160326	0.000138431	2.14307e-05	1.58317e-05	0.999824 0.000176 28
rVSVOmicron	518	A	163140	0.998741	0.00040228	3.48253e-05	0.000822254 0.001259 205
rVSVOmicron	519	C	165027	2.96993e-05	6.99919e-05	0.999878	2.27001e-05 0.000122 20
rVSVOmicron	520	C	132862	9.83505e-05	0.000148811	0.999744	8.64363e-06 0.000256 34
rVSVOmicron	521	T	132953	3.49989e-05	0.999508	0.00041392	4.2932e-05 0.000492 65
rVSVOmicron	522	G	132275	6.27179e-05	7.18447e-05	1.0765e-05	0.999855 0.000145 19
rVSVOmicron	523	G	132772	0.000324303	4.29772e-05	4.29772e-05	0.99959 0.00041 54
rVSVOmicron	524	A	131847	0.99958	7.36552e-05	2.60373e-05	0.000320658 0.00042 55
rVSVOmicron	525	G	127621	0.000256244	0.000128487	1.80076e-05	0.999597 0.000403 51
rVSVOmicron	526	G	127616	7.88693e-05	7.2501e-05	0	0.999849 0.000151 19
rVSVOmicron	527	G	127028	0.00020824	4.10614e-05	3.61731e-05	0.999715 0.000285 36
rVSVOmicron	528	C	126634	7.84756e-05	0.000344515	0.999568	8.98946e-06 0.000432 55
