rVSVOmicron	5	T	7880	0	0.999842	0.000157592	0 0.000158 1
rVSVOmicron	8	T	10204	0.000117836	0.999882	0	0 0.000118 1
rVSVOmicron	9	G	11037	0.000291098	0.000108794	0	0.9996 0.0004 4
rVSVOmicron	11	T	12149	0	0.999805	0.00019498	0 0.000195 2
rVSVOmicron	13	C	13636	0	0.000274619	0.999621	0.000104727 0.000379 5
rVSVOmicron	14	T	14099	0.000101108	0.999816	8.31332e-05	0 0.000184 3
rVSVOmicron	15	C	15107	7.72673e-05	0.000198389	0.999724	0 0.000276 4
rVSVOmicron	16	G	16056	0.00137855	0	0	0.998621 0.001379 22
rVSVOmicron	17	T	16774	0	0.999931	6.91567e-05	0 6.9e-05 1
rVSVOmicron	18	G	17705	0.00019725	0.00019725	0	0.999605 0.000395 7
rVSVOmicron	19	C	18386	0	0.000125738	0.999874	0 0.000126 2
rVSVOmicron	21	C	20226	5.72205e-05	0.000114441	0.999828	0 0.000172 3
rVSVOmicron	22	C	21126	0	0.000122625	0.999877	0 0.000123 3
rVSVOmicron	23	T	22081	5.48509e-05	0.999325	0.000620237	0 0.000675 15
rVSVOmicron	24	G	23124	0.00014141	4.98302e-05	0	0.999809 0.000191 4
rVSVOmicron	25	C	23963	9.65735e-05	8.87432e-05	0.999815	0 0.000185 4
rVSVOmicron	26	C	24255	0	0.000108176	0.999892	0 0.000108 3
rVSVOmicron	27	T	24883	0	0.999687	0.000266555	4.6303e-05 0.000313 8
rVSVOmicron	28	C	25500	4.49913e-05	0.000246844	0.999708	0 0.000292 7
rVSVOmicron	29	T	26257	8.781e-05	0.99978	0.000131715	0 0.00022 6
rVSVOmicron	30	G	28156	4.1025e-05	8.20499e-05	4.1025e-05	0.999836 0.000164 5
rVSVOmicron	31	G	27842	9.10313e-05	4.83252e-05	0	0.999861 0.000139 4
rVSVOmicron	32	T	28536	0	0.99996	4.04207e-05	0 4e-05 1
rVSVOmicron	33	G	29483	8.76577e-05	0	3.90763e-05	0.999873 0.000127 4
rVSVOmicron	34	T	29959	3.85199e-05	0.999876	8.53684e-05	0 0.000124 4
rVSVOmicron	35	C	30679	3.73103e-05	8.26878e-05	0.99988	0 0.00012 4
rVSVOmicron	36	T	31517	7.00877e-05	0.999727	0.000166828	3.65246e-05 0.000273 9
rVSVOmicron	37	A	32869	0.999918	0	0	8.21357e-05 8.2e-05 3
rVSVOmicron	38	G	33431	0.000106944	6.26251e-05	0	0.99983 0.00017 6
rVSVOmicron	39	C	34244	6.73998e-05	0.00025867	0.999674	0 0.000326 11
rVSVOmicron	40	C	34876	0	0.000165208	0.999769	6.60833e-05 0.000231 8
rVSVOmicron	41	A	35882	0.999828	0	3.294e-05	0.000138882 0.000172 6
rVSVOmicron	42	G	36766	0.000195186	3.13994e-05	3.13994e-05	0.999742 0.000258 9
rVSVOmicron	43	T	37414	0	0.999938	3.09932e-05	3.09932e-05 6.2e-05 2
rVSVOmicron	44	G	38000	5.52387e-05	0	0	0.999945 5.5e-05 2
rVSVOmicron	45	C	38919	5.97225e-05	0.000857906	0.999082	0 0.000918 36
rVSVOmicron	46	G	41178	0.000355869	0.000871842	2.8075e-05	0.998744 0.001256 52
rVSVOmicron	47	T	43162	5.37858e-05	0.999861	8.50396e-05	0 0.000139 6
rVSVOmicron	48	G	45859	0.000100336	7.05061e-05	5.01678e-05	0.999779 0.000221 10
rVSVOmicron	49	A	48597	0.999929	2.38033e-05	0	4.76065e-05 7.1e-05 3
rVSVOmicron	50	A	51286	0.999821	0	4.66949e-05	0.000132512 0.000179 9
rVSVOmicron	51	C	53607	0	2.14539e-05	0.999957	2.14539e-05 4.3e-05 2
rVSVOmicron	52	C	38776	5.98237e-05	0.000155218	0.999785	0 0.000215 8
rVSVOmicron	53	T	39489	0	0.999442	0.000528689	2.92837e-05 0.000558 22
rVSVOmicron	54	G	40529	8.60861e-05	8.60861e-05	2.86954e-05	0.999799 0.000201 8
rVSVOmicron	55	A	41250	0.999847	0	0	0.000152704 0.000153 6
rVSVOmicron	56	C	42010	5.5376e-05	0.000144427	0.9998	0 0.0002 8
rVSVOmicron	57	C	42915	8.1313e-05	3.36973e-05	0.999858	2.71043e-05 0.000142 6
rVSVOmicron	58	A	43717	0.999914	0	0	8.61548e-05 8.6e-05 4
rVSVOmicron	59	C	44525	0	0.000104629	0.999895	0 0.000105 5
rVSVOmicron	60	A	45416	0.999892	0	5.09133e-05	5.71054e-05 0.000108 5
rVSVOmicron	61	C	46277	4.99952e-05	0.000889779	0.99906	0 0.00094 44
rVSVOmicron	62	G	47382	0.000731861	7.93906e-05	0	0.999189 0.000811 38
rVSVOmicron	63	G	48261	7.83255e-05	0	2.41503e-05	0.999898 0.000102 5
rVSVOmicron	64	A	48363	0.99987	2.92267e-05	0	0.00010067 0.00013 6
rVSVOmicron	65	C	49231	0	0.000351277	0.999649	0 0.000351 17
rVSVOmicron	66	C	50176	8.03327e-05	0.000120499	0.999799	0 0.000201 10
rVSVOmicron	67	C	51150	2.29944e-05	0.00129763	0.998656	2.29944e-05 0.001344 69
rVSVOmicron	68	A	52220	0.999731	2.2432e-05	0	0.000246751 0.000269 14
rVSVOmicron	69	G	52652	0.000516876	7.05918e-05	9.3923e-05	0.999319 0.000681 36
rVSVOmicron	70	C	53125	0.00016893	0.000183697	0.999647	0 0.000353 19
rVSVOmicron	71	T	53991	4.30413e-05	0.999801	0.000155879	0 0.000199 11
rVSVOmicron	72	C	55219	4.95544e-05	0.000113918	0.999786	5.06936e-05 0.000214 12
rVSVOmicron	73	C	56912	0.000486814	0.000333113	0.999159	2.06798e-05 0.000841 48
rVSVOmicron	74	C	56803	2.06138e-05	0.000185524	0.999773	2.06138e-05 0.000227 13
rVSVOmicron	75	T	57581	4.03276e-05	0.999214	0.000725351	2.01638e-05 0.000786 45
rVSVOmicron	76	C	58548	0	0.000112833	0.999828	5.96403e-05 0.000172 10
rVSVOmicron	77	C	59393	9.58678e-05	0.000178346	0.999706	1.98162e-05 0.000294 17
rVSVOmicron	78	C	60384	0.000491203	0.000309901	0.99914	5.85017e-05 0.00086 52
rVSVOmicron	79	G	61377	0.000940433	1.91082e-05	0	0.99904 0.00096 59
rVSVOmicron	80	C	63358	3.67917e-05	5.51875e-05	0.999885	2.28705e-05 0.000115 7
rVSVOmicron	81	C	62659	7.00242e-05	0.000130477	0.999776	2.31735e-05 0.000224 14
rVSVOmicron	82	T	63442	5.52987e-05	0.99961	0.000334283	0 0.00039 25
rVSVOmicron	83	A	64699	0.999867	0	1.83472e-05	0.000114546 0.000133 9
rVSVOmicron	84	C	65570	0	8.89356e-05	0.999911	0 8.9e-05 6
rVSVOmicron	85	A	66418	0.999947	3.53154e-05	0	1.76577e-05 5.3e-05 4
rVSVOmicron	86	C	67279	1.73125e-05	1.73125e-05	0.999965	0 3.5e-05 2
rVSVOmicron	87	A	68219	0.999905	1.73665e-05	0	7.79147e-05 9.5e-05 6
rVSVOmicron	88	A	69039	0.999922	0	3.21551e-05	4.58683e-05 7.8e-05 5
rVSVOmicron	89	A	67655	0.999915	0	1.85378e-05	6.61348e-05 8.5e-05 6
rVSVOmicron	90	C	68271	7.86895e-05	0.000115224	0.999789	1.73304e-05 0.000211 14
rVSVOmicron	91	T	68837	1.70164e-05	0.999919	6.39265e-05	0 8.1e-05 6
rVSVOmicron	92	C	69561	2.04296e-05	0.000104872	0.999875	0 0.000125 9
rVSVOmicron	93	T	70187	1.71906e-05	0.999833	0.000107325	4.22795e-05 0.000167 12
rVSVOmicron	94	T	71326	0	0.999945	5.52415e-05	0 5.5e-05 4
rVSVOmicron	95	T	72140	3.27748e-05	0.99988	8.72518e-05	0 0.00012 9
rVSVOmicron	96	C	73308	1.59942e-05	7.99711e-05	0.999872	3.19884e-05 0.000128 9
rVSVOmicron	97	A	74059	0.999821	0	3.1766e-05	0.000146811 0.000179 13
rVSVOmicron	98	C	74876	4.61434e-05	0.0001397	0.999798	1.56634e-05 0.000202 15
rVSVOmicron	99	C	75572	1.57233e-05	0.000132161	0.999836	1.57233e-05 0.000164 12
rVSVOmicron	100	C	76542	0.0011633	0.000152667	0.998637	4.66832e-05 0.001363 104
rVSVOmicron	101	G	77621	0.00011603	0.00011027	0.00167092	0.998103 0.001897 147
rVSVOmicron	102	G	78522	0.00109047	6.081e-05	3.41029e-05	0.998815 0.001185 93
rVSVOmicron	103	G	79316	0.000108907	0.000105644	0	0.999785 0.000215 17
rVSVOmicron	104	G	79567	5.35027e-05	6.36358e-05	0	0.999883 0.000117 9
rVSVOmicron	105	C	80451	0	0.000379507	0.999527	9.3496e-05 0.000473 38
rVSVOmicron	106	G	81307	0.000498282	1.79631e-05	0	0.999484 0.000516 42
rVSVOmicron	107	T	81929	1.65116e-05	0.999925	4.36379e-05	1.4546e-05 7.5e-05 6
rVSVOmicron	108	G	83145	0.000160041	4.24989e-05	2.83326e-05	0.999769 0.000231 19
rVSVOmicron	109	T	83859	0	0.999768	0.000232393	0 0.000232 19
rVSVOmicron	110	A	85014	0.999881	1.40309e-05	2.80617e-05	7.69802e-05 0.000119 10
rVSVOmicron	111	C	85590	1.3711e-05	0.00020863	0.999729	4.85444e-05 0.000271 23
rVSVOmicron	112	T	86407	3.05744e-05	0.999746	0.000195971	2.72591e-05 0.000254 22
rVSVOmicron	113	A	87739	0.999915	1.35548e-05	0	7.10713e-05 8.5e-05 7
rVSVOmicron	114	C	88543	1.33305e-05	0.000252919	0.999734	0 0.000266 24
rVSVOmicron	115	C	89425	7.20758e-06	0.000113159	0.999866	1.3334e-05 0.000134 12
rVSVOmicron	116	C	90222	8.5521e-05	0.0001417	0.999743	2.96998e-05 0.000257 23
rVSVOmicron	117	C	91186	7.39597e-05	0.000127041	0.999717	8.20988e-05 0.000283 26
rVSVOmicron	118	G	92554	0.000518058	0	1.27788e-05	0.999469 0.000531 49
rVSVOmicron	119	A	94027	0.999957	1.55876e-05	0	2.77866e-05 4.3e-05 4
rVSVOmicron	120	C	95868	1.22638e-05	0.000128273	0.999859	0 0.000141 14
rVSVOmicron	121	A	97832	0.999538	0.000220479	2.75599e-05	0.00021417 0.000462 45
rVSVOmicron	122	A	100244	0.999844	1.2026e-05	1.2026e-05	0.000132286 0.000156 16
rVSVOmicron	123	G	102106	9.67311e-05	0.000190942	0	0.999712 0.000288 29
rVSVOmicron	124	G	94902	0.000134593	5.50609e-05	0	0.99981 0.00019 18
rVSVOmicron	125	T	95608	1.24329e-05	0.99996	2.78899e-05	0 4e-05 4
rVSVOmicron	126	G	96972	7.9565e-05	1.45869e-05	0	0.999906 9.4e-05 9
rVSVOmicron	127	T	97557	0	0.999863	0.000108887	2.79802e-05 0.000137 13
rVSVOmicron	128	T	98493	2.41711e-05	0.999912	6.33675e-05	0 8.8e-05 9
rVSVOmicron	129	C	99649	2.65363e-05	0.000101615	0.99986	1.19737e-05 0.00014 14
rVSVOmicron	130	C	100550	1.19149e-05	0.000286923	0.999642	5.95745e-05 0.000358 36
rVSVOmicron	131	G	102089	0.000149006	8.11609e-05	2.63139e-05	0.999744 0.000256 26
rVSVOmicron	132	G	102184	4.0858e-05	6.14454e-05	0	0.999898 0.000102 10
rVSVOmicron	133	T	100286	0	0.99994	6.04401e-05	0 6e-05 6
rVSVOmicron	134	C	100899	2.35681e-05	5.44614e-05	0.99991	1.1784e-05 9e-05 9
rVSVOmicron	135	T	101718	1.13891e-05	0.999894	8.47859e-05	9.80732e-06 0.000106 11
rVSVOmicron	136	A	103653	0.999818	0	3.51409e-05	0.000146579 0.000182 19
rVSVOmicron	137	G	102253	0.000519672	7.71918e-05	3.84344e-05	0.999365 0.000635 65
rVSVOmicron	138	C	103140	3.77175e-05	0.000435322	0.999527	0 0.000473 49
rVSVOmicron	139	G	103650	0.00020766	4.91002e-05	1.15714e-05	0.999732 0.000268 28
rVSVOmicron	140	T	104116	0	0.999455	3.45566e-05	0.000510566 0.000545 57
rVSVOmicron	141	G	105214	0.000167666	7.08883e-05	0.000513478	0.999248 0.000752 79
rVSVOmicron	142	C	105710	2.2715e-05	0.000211188	0.999766	0 0.000234 25
rVSVOmicron	143	T	106398	1.4039e-05	0.999853	0.000133065	0 0.000147 16
rVSVOmicron	144	C	107916	8.4326e-05	0.000131308	0.999784	0 0.000216 23
rVSVOmicron	145	C	108817	0.00027089	6.89918e-05	0.999613	4.68905e-05 0.000387 42
rVSVOmicron	146	A	108808	0.999835	0	0.000119299	4.52204e-05 0.000165 18
rVSVOmicron	147	C	108958	9.75274e-06	3.28047e-05	0.999943	1.44813e-05 5.7e-05 6
rVSVOmicron	148	T	109174	1.09336e-05	0.999845	0.000130908	1.35932e-05 0.000155 17
rVSVOmicron	149	C	109590	6.96465e-05	6.73152e-05	0.999826	3.70088e-05 0.000174 19
rVSVOmicron	150	T	109803	2.16838e-05	0.999642	0.000336391	0 0.000358 39
rVSVOmicron	151	A	110786	0.999941	1.08661e-05	0	4.84569e-05 5.9e-05 7
rVSVOmicron	152	C	111648	3.18895e-05	0.000111182	0.999846	1.06298e-05 0.000154 17
rVSVOmicron	153	A	111149	0.999966	1.07933e-05	1.07933e-05	1.25435e-05 3.4e-05 4
rVSVOmicron	154	C	108951	4.33437e-05	0.000243369	0.999702	1.08359e-05 0.000298 32
rVSVOmicron	155	A	110204	0.999343	3.47918e-05	0.000160803	0.000461065 0.000657 72
rVSVOmicron	156	G	111843	0.000193657	0.000129009	3.1893e-05	0.999645 0.000355 40
rVSVOmicron	157	G	114053	4.42168e-05	4.42168e-05	1.04205e-05	0.999901 9.9e-05 11
rVSVOmicron	158	A	115169	0.999907	0	0	9.26427e-05 9.3e-05 11
rVSVOmicron	159	C	116691	3.25326e-05	0.00018913	0.996767	0.00301092 0.003233 377
rVSVOmicron	160	C	106218	0.000300589	0.000177881	0.999508	1.35672e-05 0.000492 52
rVSVOmicron	161	T	106525	0.000336212	0.99897	0.000621918	7.14264e-05 0.00103 110
rVSVOmicron	162	G	107623	0.000104682	2.53503e-05	0	0.99987 0.00013 14
rVSVOmicron	163	T	107950	0.00032935	0.996372	0.000131223	0.00316777 0.003628 392
rVSVOmicron	164	T	108574	0.000249944	0.996802	4.44078e-05	0.00290361 0.003198 347
rVSVOmicron	165	C	110442	7.65158e-05	0.000127233	0.999785	1.08471e-05 0.000215 24
rVSVOmicron	166	C	107723	3.52866e-05	0.000113336	0.99984	1.10644e-05 0.00016 17
rVSVOmicron	167	T	108106	1.32457e-05	0.999748	0.000238423	0 0.000252 27
rVSVOmicron	168	C	109398	0	7.86176e-05	0.999921	0 7.9e-05 9
rVSVOmicron	169	C	110141	5.46571e-05	5.76276e-05	0.999888	0 0.000112 12
rVSVOmicron	170	C	110424	0.000108348	6.76441e-05	0.999786	3.74824e-05 0.000214 24
rVSVOmicron	171	T	110663	6.77444e-05	0.999632	0.00021907	8.15279e-05 0.000368 41
rVSVOmicron	172	T	111337	4.7378e-05	0.999908	4.43603e-05	0 9.2e-05 10
rVSVOmicron	173	T	111850	2.14522e-05	0.999873	0.000105811	0 0.000127 14
rVSVOmicron	174	C	111633	5.28898e-05	7.63328e-05	0.99986	1.0578e-05 0.00014 16
rVSVOmicron	175	T	111724	2.36967e-05	0.999886	9.0452e-05	0 0.000114 13
rVSVOmicron	176	T	113089	3.40979e-05	0.999847	8.72338e-05	3.12564e-05 0.000153 17
rVSVOmicron	177	C	113800	3.11372e-05	9.84608e-05	0.999837	3.36618e-05 0.000163 19
rVSVOmicron	178	A	113475	0.999739	7.58686e-05	1.04744e-05	0.000174668 0.000261 30
rVSVOmicron	179	G	114005	0.000140658	5.04566e-05	3.35438e-05	0.999775 0.000225 26
rVSVOmicron	180	C	114966	8.26129e-05	0.000156574	0.999761	0 0.000239 27
rVSVOmicron	181	A	115338	0.999879	1.21523e-05	8.83806e-06	9.97044e-05 0.000121 14
rVSVOmicron	182	A	115269	0.999958	0	2.09217e-05	2.09217e-05 4.2e-05 5
rVSVOmicron	183	C	116241	1.21008e-05	0.000212863	0.999709	6.60041e-05 0.000291 34
rVSVOmicron	184	G	115575	7.6657e-05	4.11059e-05	0	0.999882 0.000118 14
rVSVOmicron	185	T	116133	8.57161e-06	0.999951	4.09225e-05	0 4.9e-05 6
rVSVOmicron	186	G	117447	3.0251e-05	3.0251e-05	2.26201e-05	0.999917 8.3e-05 10
rVSVOmicron	187	A	117797	0.99978	1.24558e-05	0	0.000207415 0.00022 26
rVSVOmicron	188	C	118793	1.99518e-05	2.23783e-05	0.99995	8.08856e-06 5e-05 6
rVSVOmicron	189	A	116993	0.999726	9.61502e-05	4.57333e-05	0.00013169 0.000274 32
rVSVOmicron	190	T	116676	1.0148e-05	0.999912	3.75751e-05	4.05921e-05 8.8e-05 10
rVSVOmicron	191	G	117467	0.000159716	4.06151e-05	2.27774e-05	0.999777 0.000223 26
rVSVOmicron	192	G	117442	0.000247873	6.57342e-05	1.0134e-05	0.999676 0.000324 38
rVSVOmicron	193	T	117497	4.17515e-05	0.999865	9.33767e-05	0 0.000135 16
rVSVOmicron	194	T	118130	0	0.999884	0.000116381	0 0.000116 14
rVSVOmicron	195	C	119527	3.23371e-05	8.70406e-05	0.999871	9.97059e-06 0.000129 15
rVSVOmicron	196	C	120078	2.33333e-05	0.000197931	0.999717	6.19539e-05 0.000283 34
rVSVOmicron	197	A	119643	0.999831	0	3.22174e-05	0.000136387 0.000169 20
rVSVOmicron	198	C	120480	9.86515e-06	0.000268225	0.999712	9.86515e-06 0.000288 35
rVSVOmicron	199	G	120615	0.000405548	3.18129e-05	0	0.999563 0.000437 53
rVSVOmicron	200	T	120838	9.9964e-06	0.999877	0.000112932	0 0.000123 15
rVSVOmicron	201	G	121863	0.000102491	9.03403e-05	3.40757e-05	0.999773 0.000227 28
rVSVOmicron	202	A	121761	0.999931	0	0	6.92758e-05 6.9e-05 8
rVSVOmicron	203	T	121879	9.77898e-06	0.997981	0.00199993	9.77898e-06 0.002019 246
rVSVOmicron	204	C	120367	9.42767e-05	7.86082e-05	0.999807	1.96521e-05 0.000193 23
rVSVOmicron	205	T	120576	0	0.99979	0.000209524	0 0.00021 25
rVSVOmicron	206	C	121141	3.16867e-05	7.0767e-05	0.999858	3.90803e-05 0.000142 17
rVSVOmicron	207	T	121552	4.88942e-05	0.999741	0.00019082	1.95577e-05 0.000259 31
rVSVOmicron	208	G	123238	0.000216688	5.39755e-05	2.17474e-05	0.999708 0.000292 36
rVSVOmicron	209	G	123549	0.000391705	4.38143e-05	3.88295e-05	0.999526 0.000474 59
rVSVOmicron	210	C	124244	4.97921e-05	0.000206689	0.999732	1.19294e-05 0.000268 33
rVSVOmicron	211	A	124185	0.999905	0	1.88485e-05	7.61687e-05 9.5e-05 12
rVSVOmicron	212	C	124899	0.000128063	5.786e-05	0.999814	0 0.000186 23
rVSVOmicron	213	A	124822	0.999912	9.51458e-06	9.51458e-06	6.89164e-05 8.8e-05 11
rVSVOmicron	214	A	125153	0.999943	0	1.9209e-05	3.81585e-05 5.7e-05 7
rVSVOmicron	215	A	125335	0.999869	5.85515e-05	6.25619e-05	9.6249e-06 0.000131 16
rVSVOmicron	216	C	126111	2.82316e-05	0.000398803	0.999564	9.41054e-06 0.000436 55
rVSVOmicron	217	G	126102	0.000190082	1.72802e-05	2.86284e-05	0.999764 0.000236 30
rVSVOmicron	218	G	126076	0.000583669	3.80207e-05	1.90103e-05	0.999359 0.000641 81
rVSVOmicron	219	C	126312	0.000107836	0.000343345	0.99953	1.88204e-05 0.00047 59
rVSVOmicron	220	A	126248	0.99986	1.87535e-05	2.81303e-05	9.35142e-05 0.00014 18
rVSVOmicron	221	C	127029	6.98995e-05	0.000212222	0.999709	9.33675e-06 0.000291 37
rVSVOmicron	222	A	127013	0.999944	0	0	5.62422e-05 5.6e-05 7
rVSVOmicron	223	A	127336	0.999848	1.59173e-05	6.49529e-05	7.11144e-05 0.000152 19
rVSVOmicron	224	A	127240	0.99982	2.86106e-05	3.76319e-05	0.000114185 0.00018 23
rVSVOmicron	225	G	127230	0.00018883	3.72556e-05	9.44149e-06	0.999765 0.000235 30
rVSVOmicron	226	C	127967	4.59998e-05	0.000417014	0.999516	2.08633e-05 0.000484 62
rVSVOmicron	227	G	128967	0.000195385	6.69606e-05	9.24457e-06	0.999728 0.000272 35
rVSVOmicron	228	G	128934	5.98226e-05	2.95358e-05	0	0.999911 8.9e-05 11
rVSVOmicron	229	T	128751	1.84995e-05	0.999933	3.89989e-05	9.24975e-06 6.7e-05 9
rVSVOmicron	230	T	127960	1.85719e-05	0.999921	5.14491e-05	9.28593e-06 7.9e-05 10
rVSVOmicron	231	C	128472	8.26996e-05	0.000150498	0.999758	9.18885e-06 0.000242 31
rVSVOmicron	232	G	129073	0.000205697	9.9242e-05	4.60145e-05	0.999649 0.000351 45
rVSVOmicron	233	A	128994	0.999794	9.10626e-06	0	0.000197384 0.000206 27
rVSVOmicron	234	C	129911	6.57533e-05	0.0001266	0.999799	9.07788e-06 0.000201 26
rVSVOmicron	235	A	129966	0.999897	1.83162e-05	9.15808e-06	7.57398e-05 0.000103 13
rVSVOmicron	236	A	129562	0.999893	9.24775e-06	1.74958e-05	8.04805e-05 0.000107 14
rVSVOmicron	237	C	129557	2.75375e-05	0.000118585	0.999854	0 0.000146 19
rVSVOmicron	238	C	131243	5.67873e-05	0.000243374	0.999679	2.04041e-05 0.000321 42
rVSVOmicron	239	C	131394	0.000102436	0.000213244	0.999664	2.01917e-05 0.000336 44
rVSVOmicron	240	C	131368	6.35976e-05	0.000204298	0.999698	3.36404e-05 0.000302 40
rVSVOmicron	241	G	131294	0.000174643	5.32684e-05	0	0.999772 0.000228 30
rVSVOmicron	242	T	131276	2.74354e-05	0.999908	3.8805e-05	2.5458e-05 9.2e-05 12
rVSVOmicron	243	G	132129	0.000370125	9.11484e-05	1.51513e-05	0.999524 0.000476 63
rVSVOmicron	244	C	131546	0.000104963	8.00528e-05	0.999812	2.66036e-06 0.000188 25
rVSVOmicron	245	T	131654	2.58774e-05	0.999771	0.000203425	0 0.000229 30
rVSVOmicron	246	C	132885	2.10873e-05	0.000104957	0.999845	2.85157e-05 0.000155 21
rVSVOmicron	247	C	133417	8.2447e-05	0.000218412	0.999699	0 0.000301 40
rVSVOmicron	248	C	132580	0.000124722	0.000124722	0.999739	1.11186e-05 0.000261 35
rVSVOmicron	249	T	132293	1.06139e-05	0.999767	0.000184778	3.78723e-05 0.000233 31
rVSVOmicron	250	T	132720	3.82787e-05	0.999822	0.00013044	9.0211e-06 0.000178 24
rVSVOmicron	251	T	132689	8.97405e-06	0.999915	7.59156e-05	0 8.5e-05 11
rVSVOmicron	252	C	133064	1.76283e-05	4.45471e-05	0.999918	1.97722e-05 8.2e-05 11
rVSVOmicron	253	A	132931	0.999851	0	0	0.000149149 0.000149 20
rVSVOmicron	254	A	133277	0.999868	0	1.79603e-05	0.000113829 0.000132 18
rVSVOmicron	255	C	134053	5.38445e-05	0.000745358	0.999189	1.17564e-05 0.000811 109
rVSVOmicron	256	G	134201	0.000195515	2.65748e-05	2.63375e-05	0.999752 0.000248 33
rVSVOmicron	257	A	133633	0.999928	1.75919e-05	8.79594e-06	4.58815e-05 7.2e-05 10
rVSVOmicron	258	C	134141	4.34662e-05	0.000357362	0.99959	8.69323e-06 0.00041 55
rVSVOmicron	259	G	134081	0.000114309	9.24453e-05	3.9212e-05	0.999754 0.000246 33
rVSVOmicron	260	G	134055	0.000147137	5.25153e-05	8.75255e-06	0.999792 0.000208 28
rVSVOmicron	261	C	134332	7.60537e-05	0.00042689	0.999477	2.04851e-05 0.000523 70
rVSVOmicron	262	G	134299	0.000812912	3.4782e-05	8.69551e-06	0.999144 0.000856 115
rVSVOmicron	263	T	134120	2.67489e-05	0.999862	9.39826e-05	1.75916e-05 0.000138 19
rVSVOmicron	264	G	134845	0.000194317	3.46493e-05	0	0.999771 0.000229 31
rVSVOmicron	265	T	134716	3.68578e-05	0.999751	0.00018289	2.91597e-05 0.000249 34
rVSVOmicron	266	A	137624	0.999851	1.71804e-05	4.43441e-05	8.79917e-05 0.000149 21
rVSVOmicron	267	C	138282	3.38289e-05	8.86866e-05	0.999867	1.05144e-05 0.000133 18
rVSVOmicron	268	T	138434	8.71489e-06	0.999878	0.000104579	8.71489e-06 0.000122 17
rVSVOmicron	269	T	131133	1.79083e-05	0.999952	3.00085e-05	0 4.8e-05 6
rVSVOmicron	270	C	131848	9.28193e-05	9.23433e-05	0.999758	5.68815e-05 0.000242 32
rVSVOmicron	271	G	132266	0.000233069	2.03397e-05	1.74682e-05	0.999729 0.000271 36
rVSVOmicron	272	C	132648	0.000137077	0.000261778	0.99959	1.09471e-05 0.00041 54
rVSVOmicron	273	C	133264	3.50155e-05	0.000210093	0.999683	7.19237e-05 0.000317 42
rVSVOmicron	274	A	132830	0.999822	0	1.97467e-05	0.000157974 0.000178 24
rVSVOmicron	275	G	133015	0.000174484	0.000100346	0	0.999725 0.000275 37
rVSVOmicron	276	C	133896	3.67544e-05	0.000122043	0.999833	8.71738e-06 0.000167 22
rVSVOmicron	277	A	133643	0.999919	0	0	8.12189e-05 8.1e-05 11
rVSVOmicron	278	T	134127	2.08725e-05	0.999916	6.26175e-05	0 8.4e-05 11
rVSVOmicron	279	A	133776	0.999762	0	3.50671e-05	0.00020282 0.000238 32
rVSVOmicron	280	G	134012	8.79803e-05	3.13875e-05	6.58663e-05	0.999815 0.000185 25
rVSVOmicron	281	A	134006	0.999946	0	0	5.41011e-05 5.4e-05 7
rVSVOmicron	282	G	134431	6.31792e-05	8.25102e-05	1.7445e-05	0.999837 0.000163 22
rVSVOmicron	283	A	135770	0.999866	8.65564e-06	0	0.000125624 0.000134 18
rVSVOmicron	284	A	134279	0.999754	8.00795e-05	3.55909e-05	0.000130821 0.000246 33
rVSVOmicron	285	G	135280	6.08877e-05	8.16502e-06	0	0.999931 6.9e-05 9
rVSVOmicron	286	T	135755	0	0.999954	4.55775e-05	0 4.6e-05 6
rVSVOmicron	287	C	135742	2.5796e-05	0.000106902	0.999833	3.43946e-05 0.000167 23
rVSVOmicron	288	T	136136	2.55558e-05	0.999855	0.000111202	8.51859e-06 0.000145 20
rVSVOmicron	289	A	137323	0.999836	1.7003e-05	3.4006e-05	0.000112587 0.000164 23
rVSVOmicron	290	A	137658	0.999825	2.7465e-05	8.53953e-06	0.00013871 0.000175 24
rVSVOmicron	291	C	138630	3.36924e-05	6.10105e-05	0.999905	0 9.5e-05 13
rVSVOmicron	292	A	135620	0.999918	8.59027e-06	1.11441e-05	6.26857e-05 8.2e-05 11
rVSVOmicron	293	T	135988	8.77237e-06	0.999938	2.70284e-05	2.63171e-05 6.2e-05 8
rVSVOmicron	294	T	136317	2.58641e-06	0.999901	6.30144e-05	3.38585e-05 9.9e-05 13
rVSVOmicron	295	A	136660	0.999785	0	2.86484e-05	0.000186096 0.000215 29
rVSVOmicron	296	T	136867	1.11723e-05	0.999448	0.000540927	0 0.000552 76
rVSVOmicron	297	C	137129	3.60358e-05	0.000261202	0.999703	0 0.000297 41
rVSVOmicron	298	C	137518	6.28506e-05	0.000214337	0.999687	3.61448e-05 0.000313 43
rVSVOmicron	299	G	138030	0.000301074	4.44508e-05	0.000103566	0.999551 0.000449 62
rVSVOmicron	300	G	138374	0.000142172	8.28189e-05	8.51194e-06	0.999766 0.000234 32
rVSVOmicron	301	G	138420	7.84599e-05	1.69767e-05	8.94719e-06	0.999896 0.000104 14
rVSVOmicron	302	G	136757	0.000221167	8.50996e-05	1.7066e-05	0.999677 0.000323 44
rVSVOmicron	303	C	136558	5.34897e-05	0.000403498	0.9995	4.30243e-05 0.0005 68
rVSVOmicron	304	T	136857	1.70097e-05	0.999652	0.000309162	2.18367e-05 0.000348 48
rVSVOmicron	305	G	138433	0.000188751	3.55322e-05	8.37384e-06	0.999767 0.000233 32
rVSVOmicron	306	G	138618	0.00013898	4.12382e-05	8.42991e-06	0.999811 0.000189 26
rVSVOmicron	307	A	137883	0.999864	1.67417e-05	1.67417e-05	0.000102034 0.000136 19
rVSVOmicron	308	T	138061	1.03276e-05	0.999896	7.64246e-05	1.69832e-05 0.000104 14
rVSVOmicron	309	T	138038	1.69399e-05	0.999955	2.83858e-05	0 4.5e-05 6
rVSVOmicron	310	T	138238	8.42303e-06	0.999931	6.05548e-05	0 6.9e-05 10
rVSVOmicron	311	T	138315	8.36817e-06	0.99995	2.51045e-05	1.67363e-05 5e-05 7
rVSVOmicron	312	C	137667	6.65465e-05	0.000295061	0.999588	5.00791e-05 0.000412 57
rVSVOmicron	313	G	137389	0.000204764	6.76454e-05	4.22784e-05	0.999685 0.000315 43
rVSVOmicron	314	G	137181	0.000293016	6.05292e-05	0	0.999646 0.000354 49
rVSVOmicron	315	C	137198	2.38497e-05	0.000271206	0.999697	8.40419e-06 0.000303 42
rVSVOmicron	316	A	136007	0.99991	0	8.40861e-06	8.20408e-05 9e-05 12
rVSVOmicron	317	C	136880	1.42983e-05	0.000140033	0.999846	0 0.000154 21
rVSVOmicron	318	C	137362	0.000193492	0.00088737	0.998909	1.0496e-05 0.001091 150
rVSVOmicron	319	A	137194	0.997946	8.28955e-06	0.0018992	0.000146748 0.002054 282
rVSVOmicron	320	C	137838	0.00191335	0.000112391	0.997951	2.33774e-05 0.002049 282
rVSVOmicron	321	A	136261	0.997823	4.27498e-05	0.00204044	9.35874e-05 0.002177 297
rVSVOmicron	322	C	135422	0	8.63558e-05	0.999905	8.43051e-06 9.5e-05 13
rVSVOmicron	323	T	135544	8.45926e-05	0.999807	9.97642e-05	8.50524e-06 0.000193 26
rVSVOmicron	324	C	136712	0.000102725	0.000527004	0.999345	2.5171e-05 0.000655 90
rVSVOmicron	325	G	137017	0.00023105	7.78512e-05	2.50399e-05	0.999666 0.000334 46
rVSVOmicron	326	A	135372	0.99978	2.73986e-05	0	0.000192247 0.00022 30
rVSVOmicron	327	C	134832	8.52182e-06	4.26091e-05	0.999938	1.05947e-05 6.2e-05 8
rVSVOmicron	328	T	134824	4.4356e-05	0.999873	8.27365e-05	0 0.000127 17
rVSVOmicron	329	C	135058	0.000103456	1.69001e-05	0.999871	8.45005e-06 0.000129 17
rVSVOmicron	330	T	135434	8.50595e-06	0.999762	0.000229661	0 0.000238 32
rVSVOmicron	331	A	136385	0.999876	0	2.37232e-05	9.996e-05 0.000124 17
rVSVOmicron	332	A	135870	0.999896	2.55862e-05	8.52872e-06	7.00738e-05 0.000104 14
rVSVOmicron	333	G	136413	4.26533e-05	3.61977e-05	2.5592e-05	0.999896 0.000104 14
rVSVOmicron	334	A	136358	0.999881	4.41089e-05	8.41253e-06	6.61634e-05 0.000119 16
rVSVOmicron	335	C	137024	2.50368e-05	8.3456e-05	0.999875	1.66912e-05 0.000125 17
rVSVOmicron	336	A	136399	0.999876	8.49863e-06	4.50198e-05	7.00563e-05 0.000124 17
rVSVOmicron	337	C	137213	7.48922e-05	0.000232548	0.999684	8.77116e-06 0.000316 43
rVSVOmicron	338	A	136718	0.99961	8.40369e-06	7.76773e-05	0.000303668 0.00039 53
rVSVOmicron	339	G	137469	9.39442e-05	3.85883e-05	6.89077e-06	0.999861 0.000139 19
rVSVOmicron	340	T	137154	1.51882e-05	0.999781	0.000153922	5.03252e-05 0.000219 30
rVSVOmicron	341	C	137868	1.66965e-05	0.000100179	0.999868	1.51171e-05 0.000132 18
rVSVOmicron	342	C	138382	6.95533e-05	0.000145492	0.999777	8.43761e-06 0.000223 31
rVSVOmicron	343	C	136902	3.36042e-05	6.26673e-05	0.999904	0 9.6e-05 13
rVSVOmicron	344	T	136873	1.66427e-05	0.999763	0.000212083	8.32137e-06 0.000237 32
rVSVOmicron	345	C	138616	2.19581e-05	0.000130404	0.999823	2.4871e-05 0.000177 25
rVSVOmicron	346	C	136189	5.9013e-05	0.000277521	0.999655	8.43043e-06 0.000345 47
rVSVOmicron	347	T	136377	0	0.99977	0.000229827	0 0.00023 31
rVSVOmicron	348	G	137835	7.0919e-05	4.22352e-05	0	0.999887 0.000113 16
rVSVOmicron	349	A	136521	0.999975	7.92582e-06	8.37873e-06	8.37873e-06 2.5e-05 3
rVSVOmicron	350	T	136707	2.8055e-05	0.99992	2.59508e-05	2.59508e-05 8e-05 11
rVSVOmicron	351	T	136801	8.40603e-06	0.999966	2.52181e-05	0 3.4e-05 5
rVSVOmicron	352	G	134233	8.79484e-05	3.48081e-05	0	0.999877 0.000123 17
rVSVOmicron	353	T	133803	2.77347e-05	0.999921	4.27577e-05	8.55153e-06 7.9e-05 11
rVSVOmicron	354	G	134238	0.000220615	4.28266e-05	1.71306e-05	0.999719 0.000281 38
rVSVOmicron	355	A	133917	0.999939	0	0	6.06392e-05 6.1e-05 8
rVSVOmicron	356	A	133745	0.999877	2.77649e-05	8.63277e-06	8.63277e-05 0.000123 16
rVSVOmicron	357	C	134029	4.29628e-05	9.21959e-05	0.999854	1.06826e-05 0.000146 20
rVSVOmicron	358	A	133438	0.999873	0	7.31634e-05	5.3996e-05 0.000127 17
rVSVOmicron	359	A	133589	0.999926	2.80875e-05	2.61993e-05	1.95905e-05 7.4e-05 10
rVSVOmicron	360	C	134306	4.47302e-05	0.000319601	0.999606	2.94339e-05 0.000394 53
rVSVOmicron	361	G	134571	0.000450026	5.38632e-05	1.72549e-05	0.999479 0.000521 70
rVSVOmicron	362	C	134815	5.33714e-05	9.35159e-05	0.999836	1.71717e-05 0.000164 22
rVSVOmicron	363	C	135299	5.94411e-05	0.000114522	0.999797	2.93763e-05 0.000203 27
rVSVOmicron	364	A	135099	0.999941	1.64089e-05	1.71022e-05	2.56533e-05 5.9e-05 8
rVSVOmicron	365	C	135805	3.21466e-05	4.08103e-05	0.999919	8.43564e-06 8.1e-05 11
rVSVOmicron	366	A	135952	0.999808	0	0.000127777	6.40039e-05 0.000192 26
rVSVOmicron	367	A	136136	0.999921	8.80291e-06	3.52116e-05	3.52116e-05 7.9e-05 11
rVSVOmicron	368	A	133810	0.999917	1.8048e-05	0	6.5363e-05 8.3e-05 11
rVSVOmicron	369	C	134447	3.46173e-05	0.000121161	0.999733	0.000111571 0.000267 36
rVSVOmicron	370	G	132508	0.000132522	7.8523e-05	0.000108942	0.99968 0.00032 42
rVSVOmicron	371	T	132103	5.42877e-05	0.999919	9.04794e-06	1.76068e-05 8.1e-05 11
rVSVOmicron	372	G	132309	7.88177e-05	7.43206e-05	3.50301e-05	0.999812 0.000188 25
rVSVOmicron	373	G	131713	7.42808e-05	2.83876e-05	2.60219e-06	0.999895 0.000105 14
rVSVOmicron	374	T	131282	0.00357318	0.996355	7.13191e-05	0 0.003645 479
rVSVOmicron	375	G	132236	4.34833e-05	4.53636e-05	0.00353178	0.996379 0.003621 479
rVSVOmicron	376	A	132032	0.999936	2.0087e-05	1.74875e-05	2.62312e-05 6.4e-05 8
rVSVOmicron	377	T	132190	1.9117e-05	0.999908	2.00849e-05	5.27532e-05 9.2e-05 12
rVSVOmicron	378	T	132082	1.73873e-05	0.999954	1.9502e-05	8.69366e-06 4.6e-05 6
rVSVOmicron	379	A	133444	0.999585	4.39753e-05	0	0.000370616 0.000415 55
rVSVOmicron	380	A	133921	0.999534	7.33741e-05	7.54705e-05	0.000317023 0.000466 62
rVSVOmicron	381	G	135294	8.79708e-05	0.000120235	2.57645e-05	0.999766 0.000234 32
rVSVOmicron	382	G	131245	0.000108713	5.51964e-05	0	0.999836 0.000164 22
rVSVOmicron	383	T	130862	3.74033e-05	0.99989	6.38477e-05	8.81479e-06 0.00011 14
rVSVOmicron	384	G	131337	0.000122377	2.63253e-05	0	0.999851 0.000149 20
rVSVOmicron	385	T	131224	0	0.99991	8.08214e-05	8.76948e-06 9e-05 12
rVSVOmicron	386	G	130583	0.000112332	4.38833e-05	0	0.999844 0.000156 20
rVSVOmicron	387	C	130900	3.54468e-05	0.00094365	0.999	2.1316e-05 0.001 131
rVSVOmicron	388	G	131193	0.000235323	6.15022e-05	4.58298e-05	0.999657 0.000343 45
rVSVOmicron	389	A	130641	0.999945	8.73973e-06	0	4.58246e-05 5.5e-05 7
rVSVOmicron	390	G	131350	0.000139911	5.44492e-05	3.52736e-05	0.99977 0.00023 30
rVSVOmicron	391	T	131596	1.77863e-05	0.999904	7.81154e-05	0 9.6e-05 13
rVSVOmicron	392	T	131924	8.69651e-06	0.999865	7.38028e-05	5.24141e-05 0.000135 18
rVSVOmicron	393	C	131158	4.44697e-05	8.31704e-05	0.999863	8.89395e-06 0.000137 18
rVSVOmicron	394	C	131485	3.72738e-05	0.000180157	0.999721	6.1884e-05 0.000279 37
rVSVOmicron	395	A	130985	0.999381	1.94404e-05	8.77189e-06	0.000590799 0.000619 81
rVSVOmicron	396	G	131454	0.000105599	8.7999e-06	0	0.999886 0.000114 15
rVSVOmicron	397	T	131282	0.00213138	0.997783	6.72429e-05	1.79638e-05 0.002217 291
rVSVOmicron	398	T	131562	0	0.997879	0.00212119	0 0.002121 279
rVSVOmicron	399	C	129825	5.55913e-05	0.000108776	0.999827	8.90423e-06 0.000173 22
rVSVOmicron	400	T	130182	0	0.999692	0.000299506	8.80899e-06 0.000308 40
rVSVOmicron	401	G	131840	0.000225707	9.64946e-05	0	0.999678 0.000322 42
rVSVOmicron	402	C	132387	7.86441e-05	0.000114305	0.999777	3.02295e-05 0.000223 30
rVSVOmicron	403	A	132386	0.999787	1.73641e-05	0	0.000195228 0.000213 28
rVSVOmicron	404	A	133089	0.999649	4.24546e-05	1.75511e-05	0.000291253 0.000351 47
rVSVOmicron	405	C	133761	4.10715e-05	0.000135816	0.999823	0 0.000177 24
rVSVOmicron	406	G	134331	0.000221349	8.17827e-05	1.72419e-05	0.99968 0.00032 43
rVSVOmicron	407	A	134275	0.999904	1.93062e-05	0	7.67595e-05 9.6e-05 13
rVSVOmicron	408	C	135185	3.38311e-05	0.000142324	0.999813	1.07326e-05 0.000187 25
rVSVOmicron	409	C	135674	4.41367e-05	9.08558e-05	0.999848	1.73729e-05 0.000152 21
rVSVOmicron	410	C	135243	0.000180921	0.000195107	0.999607	1.72084e-05 0.000393 53
rVSVOmicron	411	T	135078	1.75375e-05	0.999732	0.000232727	1.75375e-05 0.000268 36
rVSVOmicron	412	T	135958	8.95865e-06	0.99984	0.000113799	3.72874e-05 0.00016 22
rVSVOmicron	413	T	135970	1.38015e-05	0.999895	9.13198e-05	0 0.000105 14
rVSVOmicron	414	C	136747	4.47656e-05	0.000276901	0.999644	3.41511e-05 0.000356 49
rVSVOmicron	415	C	136304	5.57009e-05	5.73121e-05	0.999876	1.05878e-05 0.000124 17
rVSVOmicron	416	T	136154	2.57752e-05	0.99954	0.000416815	1.71835e-05 0.00046 63
rVSVOmicron	417	G	137760	0.00018993	0.000126928	3.41551e-05	0.999649 0.000351 48
rVSVOmicron	418	G	138118	0.000153233	0.000102765	2.53486e-05	0.999719 0.000281 39
rVSVOmicron	419	A	138122	0.999882	1.52491e-05	0	0.000103156 0.000118 16
rVSVOmicron	420	T	138381	8.33633e-06	0.999923	6.82678e-05	0 7.7e-05 11
rVSVOmicron	421	C	139204	6.5063e-05	7.87487e-05	0.999822	3.38777e-05 0.000178 25
rVSVOmicron	422	A	138986	0.999765	8.43405e-05	2.67748e-05	0.00012428 0.000235 33
rVSVOmicron	423	C	139236	4.15066e-05	9.13144e-05	0.999859	8.30131e-06 0.000141 20
rVSVOmicron	424	A	138637	0.999875	8.37415e-06	0	0.000117012 0.000125 17
rVSVOmicron	425	A	137591	0.999862	5.06503e-05	3.54325e-05	5.22402e-05 0.000138 19
rVSVOmicron	426	G	137286	0.000114351	0.000121352	0	0.999764 0.000236 32
rVSVOmicron	427	A	139241	0.999931	8.37852e-06	8.37852e-06	5.2762e-05 6.9e-05 10
rVSVOmicron	428	A	139424	0.999977	0	0	2.33878e-05 2.3e-05 3
rVSVOmicron	429	C	139644	3.30849e-05	0.000140387	0.999806	2.05663e-05 0.000194 27
rVSVOmicron	430	A	139468	0.99992	1.65923e-05	3.07182e-05	3.31846e-05 8e-05 11
rVSVOmicron	431	A	139156	0.999618	2.32271e-05	8.42551e-06	0.000350456 0.000382 53
rVSVOmicron	432	C	140110	2.68193e-05	9.87844e-05	0.999841	3.30771e-05 0.000159 22
rVSVOmicron	433	A	139758	0.999796	1.19066e-05	2.40422e-05	0.000168066 0.000204 29
rVSVOmicron	434	A	138638	0.999855	0	4.56474e-05	9.89804e-05 0.000145 20
rVSVOmicron	435	G	138904	2.77322e-05	1.35165e-05	8.45949e-05	0.999874 0.000126 18
rVSVOmicron	436	T	139088	1.90304e-05	0.999947	3.39337e-05	0 5.3e-05 7
rVSVOmicron	437	C	138424	0.000101492	2.50285e-05	0.999873	0 0.000127 18
rVSVOmicron	438	T	138081	2.77362e-05	0.999927	3.72127e-05	8.55198e-06 7.3e-05 10
rVSVOmicron	439	T	139303	6.24786e-05	0.999808	0.000121562	8.37575e-06 0.000192 27
rVSVOmicron	440	G	140046	0.000120425	0.000132129	2.00333e-05	0.999727 0.000273 38
rVSVOmicron	441	G	140283	0.000103292	9.0548e-05	1.65446e-05	0.99979 0.00021 29
rVSVOmicron	442	A	140025	0.999802	4.2925e-05	0	0.000155464 0.000198 28
rVSVOmicron	443	T	140236	1.60591e-05	0.999941	3.50177e-05	8.25258e-06 5.9e-05 8
rVSVOmicron	444	G	140969	0.000146466	8.75224e-05	4.13052e-05	0.999725 0.000275 39
rVSVOmicron	445	G	141025	3.48795e-05	5.75401e-05	2.46601e-05	0.999883 0.000117 16
rVSVOmicron	446	A	140449	0.999843	3.25956e-05	0	0.000124215 0.000157 22
rVSVOmicron	447	G	141166	0.000120517	4.89117e-05	8.15195e-06	0.999822 0.000178 25
rVSVOmicron	448	T	141221	1.84762e-05	0.999914	5.96582e-05	8.2364e-06 8.6e-05 12
rVSVOmicron	449	C	140602	4.10802e-05	0.000149887	0.999768	4.10802e-05 0.000232 33
rVSVOmicron	450	T	140431	8.1495e-06	0.999557	0.000391837	4.27298e-05 0.000443 62
rVSVOmicron	451	G	141661	0.000117613	5.2443e-05	5.68315e-05	0.999773 0.000227 32
rVSVOmicron	452	A	140968	0.999638	5.71843e-05	9.71471e-06	0.000295416 0.000362 51
rVSVOmicron	453	G	141447	0.000176391	1.62552e-05	2.43828e-05	0.999783 0.000217 31
rVSVOmicron	454	T	141631	0	0.999931	6.87353e-05	0 6.9e-05 10
rVSVOmicron	455	T	141556	7.98006e-06	0.999863	0.000128568	0 0.000137 19
rVSVOmicron	456	C	142298	5.66887e-05	0.00012651	0.999801	1.61968e-05 0.000199 28
rVSVOmicron	457	A	141562	0.999662	1.62427e-05	6.60684e-05	0.000255274 0.000338 48
rVSVOmicron	458	G	142112	6.49254e-05	9.32206e-05	3.24627e-05	0.999809 0.000191 27
rVSVOmicron	459	A	142727	0.999677	0	0	0.000323049 0.000323 46
rVSVOmicron	460	G	143035	8.28189e-05	1.00519e-05	3.19039e-05	0.999875 0.000125 18
rVSVOmicron	461	T	143291	2.81941e-06	0.999933	2.40735e-05	4.01224e-05 6.7e-05 10
rVSVOmicron	462	G	143606	0.00020231	4.49337e-05	8.03162e-06	0.999745 0.000255 37
rVSVOmicron	463	T	141805	1.90537e-05	0.998669	0.00130923	2.8471e-06 0.001331 189
rVSVOmicron	464	A	141266	0.999756	1.10245e-05	1.10245e-05	0.000222254 0.000244 34
rVSVOmicron	465	C	140931	0.000150744	0.000178939	0.99967	0 0.00033 47
rVSVOmicron	466	T	138896	6.64139e-05	0.999685	0.000249052	0 0.000315 44
rVSVOmicron	467	C	137689	4.0361e-05	2.50283e-05	0.999891	4.37432e-05 0.000109 15
rVSVOmicron	468	T	137785	0	0.999847	0.000144474	8.4448e-06 0.000153 21
rVSVOmicron	469	A	139034	0.999791	8.38682e-06	3.55873e-05	0.000164563 0.000209 29
rVSVOmicron	470	G	139220	4.4504e-05	8.28142e-05	1.69758e-05	0.999856 0.000144 20
rVSVOmicron	471	C	139003	1.67017e-05	0.000325006	0.999652	6.77095e-06 0.000348 48
rVSVOmicron	472	G	139177	0.000755627	2.49701e-05	1.66467e-05	0.999203 0.000797 111
rVSVOmicron	473	C	139457	4.37522e-05	8.54746e-05	0.999871	0 0.000129 18
rVSVOmicron	474	C	139881	1.6475e-05	7.61412e-05	0.999872	3.49537e-05 0.000128 18
rVSVOmicron	475	A	139565	0.999906	0	8.27794e-06	8.56879e-05 9.4e-05 13
rVSVOmicron	476	A	139130	0.999929	8.28955e-06	8.28955e-06	5.44422e-05 7.1e-05 10
rVSVOmicron	477	C	139467	3.49896e-05	6.99791e-05	0.999895	0 0.000105 15
rVSVOmicron	478	A	139400	0.999944	8.31868e-06	8.31868e-06	3.91203e-05 5.6e-05 8
rVSVOmicron	479	A	139425	0.999911	0	1.28009e-05	7.65769e-05 8.9e-05 12
rVSVOmicron	480	C	138582	2.39418e-05	0.000119933	0.999848	8.27893e-06 0.000152 21
rVSVOmicron	481	T	139489	6.90762e-05	0.999362	0.000423969	0.000144494 0.000638 89
rVSVOmicron	482	G	142029	0.000772685	3.97836e-05	3.47001e-05	0.999153 0.000847 120
rVSVOmicron	483	C	144358	7.33363e-05	0.000142371	0.999784	0 0.000216 31
rVSVOmicron	484	A	145953	0.999799	4.67791e-05	0	0.000153733 0.000201 29
rVSVOmicron	485	C	147901	5.29121e-05	4.67987e-05	0.999863	3.75233e-05 0.000137 20
rVSVOmicron	486	C	139899	4.13082e-05	0.00123545	0.998705	1.85329e-05 0.001295 181
rVSVOmicron	487	T	139900	1.87504e-05	0.99973	0.000190667	6.05435e-05 0.00027 38
rVSVOmicron	488	T	139986	8.25643e-06	0.999924	5.15469e-05	1.65129e-05 7.6e-05 11
rVSVOmicron	489	C	139776	5.81729e-05	0.000279274	0.999636	2.60775e-05 0.000364 51
rVSVOmicron	490	G	139785	8.67068e-05	8.02428e-05	7.62306e-05	0.999757 0.000243 34
rVSVOmicron	491	A	138963	0.999929	0	0	7.09442e-05 7.1e-05 10
rVSVOmicron	492	G	139562	8.30975e-05	1.01064e-05	0	0.999907 9.3e-05 13
rVSVOmicron	493	T	139772	7.8315e-06	0.999916	7.6525e-05	0 8.4e-05 12
rVSVOmicron	494	A	140030	0.999834	0	8.17803e-06	0.000157593 0.000166 23
rVSVOmicron	495	C	139386	4.01929e-05	0.00041689	0.999543	0 0.000457 64
rVSVOmicron	496	G	137095	0.000273748	2.72838e-05	2.95575e-06	0.999696 0.000304 42
rVSVOmicron	497	T	137313	1.68481e-05	0.999922	5.44149e-05	6.83032e-06 7.8e-05 11
rVSVOmicron	498	G	138168	9.15145e-05	8.3195e-06	0	0.9999 0.0001 14
rVSVOmicron	499	T	138158	3.30959e-05	0.999741	0.000217136	8.27398e-06 0.000259 36
rVSVOmicron	500	C	139119	6.61151e-05	5.73447e-05	0.999868	8.32061e-06 0.000132 18
rVSVOmicron	501	C	140142	0.000121209	0.00012935	0.999724	2.51011e-05 0.000276 39
rVSVOmicron	502	C	140762	5.75679e-05	0.000129361	0.999805	8.22398e-06 0.000195 27
rVSVOmicron	503	A	140675	0.999838	1.10495e-05	1.63533e-05	0.000134804 0.000162 23
rVSVOmicron	504	G	141654	0.000195276	4.92628e-05	2.88476e-06	0.999753 0.000247 35
rVSVOmicron	505	C	142934	0.000126006	0.000247827	0.999626	0 0.000374 53
rVSVOmicron	506	C	138571	8.99399e-05	0.000327363	0.999558	2.51469e-05 0.000442 61
rVSVOmicron	507	T	138743	5.07703e-05	0.999597	0.000282896	6.9752e-05 0.000403 56
rVSVOmicron	508	T	139643	8.95249e-06	0.999842	9.58158e-05	5.3473e-05 0.000158 22
rVSVOmicron	509	T	139647	0	0.999882	0.000117986	0 0.000118 16
rVSVOmicron	510	C	141010	5.34247e-05	0.000104846	0.999833	8.2363e-06 0.000167 24
rVSVOmicron	511	C	139806	6.65925e-05	0.000207652	0.999726	0 0.000274 38
rVSVOmicron	512	T	139462	5.35987e-05	0.999656	0.000281673	8.2977e-06 0.000344 48
rVSVOmicron	513	C	140353	7.92325e-05	0.000110748	0.99971	0.000100095 0.00029 41
rVSVOmicron	514	A	140073	0.999785	1.71832e-05	2.80969e-05	0.000169278 0.000215 30
rVSVOmicron	515	T	141582	8.2614e-06	0.999858	0.000125707	8.2614e-06 0.000142 20
rVSVOmicron	516	G	143307	0.00165118	0.00208075	8.19718e-06	0.99626 0.00374 536
rVSVOmicron	517	G	144841	5.7585e-05	7.95017e-06	1.78342e-05	0.999917 8.3e-05 12
rVSVOmicron	518	A	146659	0.999792	0	0	0.00020776 0.000208 31
rVSVOmicron	519	C	148370	3.13546e-05	7.77509e-05	0.999885	6.1438e-06 0.000115 17
rVSVOmicron	520	C	122977	0.000131808	0.00022104	0.999647	0 0.000353 43
rVSVOmicron	521	T	123391	3.09316e-05	0.999467	0.000492877	9.38088e-06 0.000533 66
rVSVOmicron	522	G	124227	0.000548121	8.62015e-05	3.71948e-05	0.999328 0.000672 83
rVSVOmicron	523	G	124973	0.000135638	4.82822e-05	4.60423e-05	0.99977 0.00023 29
rVSVOmicron	524	A	124641	0.99922	2.77558e-05	1.85039e-05	0.000733653 0.00078 97
rVSVOmicron	525	G	121499	8.23872e-05	0.000107103	9.52602e-06	0.999801 0.000199 24
rVSVOmicron	526	G	121598	0.00133563	1.91692e-05	0	0.998645 0.001355 165
rVSVOmicron	527	G	121312	0.000322726	6.89342e-05	1.91054e-05	0.999589 0.000411 50
rVSVOmicron	528	C	121581	5.28128e-05	0.000289833	0.999638	1.888e-05 0.000362 44
rVSVOmicron	529	A	121339	0.999756	0	2.84922e-05	0.000215873 0.000244 30
rVSVOmicron	530	A	121523	0.999666	4.07325e-05	6.35758e-05	0.000229809 0.000334 41
rVSVOmicron	531	G	121866	0.000184475	3.792e-05	0	0.999778 0.000222 27
rVSVOmicron	532	C	122422	9.40129e-06	0.000403747	0.999587	0 0.000413 51
rVSVOmicron	533	A	121954	0.999691	6.16822e-05	1.88402e-05	0.000228663 0.000309 38
rVSVOmicron	534	G	119245	0.00011012	7.61355e-05	4.37318e-05	0.99977 0.00023 27
rVSVOmicron	535	G	119702	0.000148626	0.0001013	9.83749e-06	0.99974 0.00026 31
rVSVOmicron	536	G	119598	0.000405215	7.78854e-05	1.18407e-05	0.999505 0.000495 59
