rVSVOmicron	7	G	9634	0	0	0.000126568	0.999873 0.000127 1
rVSVOmicron	9	G	11146	0.000181168	0.000344803	0	0.999474 0.000526 6
rVSVOmicron	12	C	13082	0	0.000112952	0.999887	0 0.000113 1
rVSVOmicron	13	C	13732	0	0.00041344	0.999587	0 0.000413 6
rVSVOmicron	14	T	14169	0	0.999917	8.2982e-05	0 8.3e-05 1
rVSVOmicron	15	C	15066	0	0.000257695	0.999742	0 0.000258 4
rVSVOmicron	16	G	16091	0.000145787	0.00021868	0	0.999636 0.000364 6
rVSVOmicron	17	T	16825	0	0.999767	0.000232814	0 0.000233 4
rVSVOmicron	18	G	17912	0.000305363	6.53088e-05	0	0.999629 0.000371 7
rVSVOmicron	19	C	18632	0	0.000138234	0.999862	0 0.000138 3
rVSVOmicron	20	T	19386	5.48466e-05	0.999742	0.000203255	0 0.000258 5
rVSVOmicron	21	C	20486	0.000211886	0.000396134	0.999392	0 0.000608 12
rVSVOmicron	22	C	20950	0	0.000338211	0.999662	0 0.000338 7
rVSVOmicron	23	T	21679	5.63219e-05	0.999048	0.000895374	0 0.000952 21
rVSVOmicron	24	G	22830	0.000195399	5.09137e-05	5.09137e-05	0.999703 0.000297 7
rVSVOmicron	25	C	24002	9.69972e-05	4.84986e-05	0.999855	0 0.000145 3
rVSVOmicron	26	C	24329	0	0.000299922	0.9997	0 0.0003 7
rVSVOmicron	27	T	25015	0	0.999791	0.000209409	0 0.000209 5
rVSVOmicron	28	C	25436	0	0.00013601	0.999864	0 0.000136 3
rVSVOmicron	29	T	26044	3.60606e-05	0.999643	0.000320939	0 0.000357 9
rVSVOmicron	30	G	27506	5.93713e-05	8.44899e-05	0	0.999856 0.000144 4
rVSVOmicron	31	G	28008	0.000124508	4.15028e-05	0	0.999834 0.000166 5
rVSVOmicron	32	T	28700	0	0.999613	0.000387181	0 0.000387 11
rVSVOmicron	33	G	29669	0.000327937	0	3.9015e-05	0.999633 0.000367 11
rVSVOmicron	34	T	30269	0	0.999716	0.000284179	0 0.000284 9
rVSVOmicron	35	C	30961	0	0.000255961	0.999744	0 0.000256 8
rVSVOmicron	36	T	31715	2.47642e-05	0.99977	8.0236e-05	0.000124812 0.00023 7
rVSVOmicron	37	A	33094	0.999901	2.91953e-05	0	6.9692e-05 9.9e-05 3
rVSVOmicron	38	G	33936	9.22807e-05	0	0	0.999908 9.2e-05 3
rVSVOmicron	39	C	34794	6.65527e-05	0.000329166	0.999604	0 0.000396 14
rVSVOmicron	40	C	35739	3.23988e-05	0.000169875	0.999798	0 0.000202 7
rVSVOmicron	41	A	36752	0.999903	0	0	9.66548e-05 9.7e-05 4
rVSVOmicron	42	G	37612	3.08424e-05	0	0	0.999969 3.1e-05 1
rVSVOmicron	44	G	39222	5.93553e-05	6.97826e-05	5.93553e-05	0.999812 0.000188 7
rVSVOmicron	45	C	40132	2.90371e-05	0.00064274	0.999299	2.90371e-05 0.000701 28
rVSVOmicron	46	G	42175	0.00042255	6.47215e-05	6.17458e-05	0.999451 0.000549 23
rVSVOmicron	47	T	43898	0	0.999831	0.000159444	9.33681e-06 0.000169 7
rVSVOmicron	48	G	46165	0.000175062	7.50265e-05	3.37957e-05	0.999716 0.000284 13
rVSVOmicron	49	A	48739	0.999627	0	2.37181e-05	0.000349361 0.000373 18
rVSVOmicron	50	A	51363	0.999923	2.3147e-05	0	5.38011e-05 7.7e-05 4
rVSVOmicron	51	C	53266	1.39547e-05	0.000234904	0.999751	0 0.000249 13
rVSVOmicron	52	C	40013	0	0.000122635	0.999819	5.81729e-05 0.000181 7
rVSVOmicron	53	T	40379	0	0.99987	0.000129657	0 0.00013 5
rVSVOmicron	54	G	41529	0.000180794	0	5.62134e-05	0.999763 0.000237 10
rVSVOmicron	55	A	42314	0.999823	2.7622e-05	0	0.000149308 0.000177 7
rVSVOmicron	56	C	43041	8.12988e-05	6.0791e-05	0.999858	0 0.000142 6
rVSVOmicron	57	C	43867	5.32014e-05	0.000145226	0.999802	0 0.000198 9
rVSVOmicron	58	A	44729	0.999862	0	0	0.000137659 0.000138 6
rVSVOmicron	59	C	45483	0	5.11179e-05	0.999949	0 5.1e-05 2
rVSVOmicron	60	A	46337	0.999504	0.000185016	0	0.000311071 0.000496 23
rVSVOmicron	61	C	47087	0	0.000838031	0.999162	0 0.000838 39
rVSVOmicron	62	G	48161	0.000215945	7.83458e-05	0	0.999706 0.000294 14
rVSVOmicron	63	G	48973	5.49281e-05	2.39099e-05	2.39099e-05	0.999897 0.000103 5
rVSVOmicron	64	A	49756	0.99993	2.34285e-05	0	4.68569e-05 7e-05 3
rVSVOmicron	65	C	50143	1.06941e-05	9.31015e-05	0.999896	0 0.000104 5
rVSVOmicron	66	C	51082	2.32145e-05	0.000168148	0.999809	0 0.000191 10
rVSVOmicron	67	C	52032	4.96185e-05	0.000605836	0.999345	0 0.000655 34
rVSVOmicron	68	A	53037	0.999876	0	2.21541e-05	0.000101789 0.000124 7
rVSVOmicron	69	G	53864	0.000287894	1.11632e-05	0.000178612	0.999522 0.000478 26
rVSVOmicron	70	C	54510	0.00125613	0.000178621	0.998565	0 0.001435 78
rVSVOmicron	71	T	55331	2.10705e-05	0.999772	0.000207288	0 0.000228 13
rVSVOmicron	72	C	56542	2.0655e-05	8.42948e-05	0.999874	2.0655e-05 0.000126 7
rVSVOmicron	73	C	57502	0.000180743	6.6531e-05	0.999753	0 0.000247 14
rVSVOmicron	74	C	56977	0.000201988	0.00041123	0.999387	0 0.000613 35
rVSVOmicron	75	T	57621	2.02568e-05	0.999557	0.000407326	1.58769e-05 0.000443 26
rVSVOmicron	76	C	58890	4.39929e-05	9.92523e-05	0.999857	0 0.000143 8
rVSVOmicron	77	C	59857	5.98263e-05	1.49566e-05	0.999874	5.07455e-05 0.000126 8
rVSVOmicron	78	C	60903	5.82841e-05	0.000341829	0.999565	3.46554e-05 0.000435 26
rVSVOmicron	79	G	61969	0.000514008	2.36207e-05	3.79986e-05	0.999424 0.000576 36
rVSVOmicron	80	C	63948	0	7.32451e-05	0.999927	0 7.3e-05 5
rVSVOmicron	81	C	62996	0.000402465	0.000177024	0.999421	0 0.000579 36
rVSVOmicron	82	T	63720	1.8508e-05	0.999506	0.000314636	0.000160569 0.000494 31
rVSVOmicron	83	A	65041	0.99996	0	0	4.00665e-05 4e-05 3
rVSVOmicron	84	C	65927	0	0.000150589	0.999849	0 0.000151 10
rVSVOmicron	85	A	66857	0.999965	0	0	3.53474e-05 3.5e-05 2
rVSVOmicron	86	C	67707	0.00245372	6.04756e-05	0.997486	0 0.002514 170
rVSVOmicron	87	A	68687	0.999771	1.73582e-05	0	0.000212052 0.000229 16
rVSVOmicron	88	A	69526	0.999692	1.74757e-05	0.000255995	3.49514e-05 0.000308 21
rVSVOmicron	89	A	68316	0.999963	1.84558e-05	1.84558e-05	0 3.7e-05 3
rVSVOmicron	90	C	68477	0.000105869	9.03411e-05	0.999804	0 0.000196 13
rVSVOmicron	91	T	69072	0	0.999891	0.000109423	0 0.000109 8
rVSVOmicron	92	C	69760	0	1.68929e-05	0.999983	0 1.7e-05 1
rVSVOmicron	93	T	70389	0	0.99991	8.99177e-05	0 9e-05 6
rVSVOmicron	94	T	71592	0	0.999911	8.89649e-05	0 8.9e-05 6
rVSVOmicron	95	T	72399	1.64718e-05	0.999817	0.000166944	0 0.000183 13
rVSVOmicron	96	C	73482	3.08908e-05	3.61118e-05	0.999913	2.04489e-05 8.7e-05 6
rVSVOmicron	97	A	74448	0.999902	0	3.18584e-05	6.62999e-05 9.8e-05 7
rVSVOmicron	98	C	75337	1.9545e-05	8.88023e-05	0.999892	0 0.000108 8
rVSVOmicron	99	C	76357	1.57107e-05	0.000340539	0.999644	0 0.000356 27
rVSVOmicron	100	C	77240	0.000128772	0.00017885	0.999657	3.49284e-05 0.000343 26
rVSVOmicron	101	G	78270	0.00027594	1.89169e-05	0.000392321	0.999313 0.000687 54
rVSVOmicron	102	G	79121	0.000318423	3.77999e-05	1.52021e-05	0.999629 0.000371 29
rVSVOmicron	103	G	79591	0.000272212	7.58423e-05	1.51685e-05	0.999637 0.000363 29
rVSVOmicron	104	G	80334	8.15636e-05	0	1.50142e-05	0.999903 9.7e-05 8
rVSVOmicron	105	C	81164	1.46106e-05	0.000306823	0.999618	6.04169e-05 0.000382 31
rVSVOmicron	106	G	81731	0.000501483	4.3556e-05	1.45187e-05	0.99944 0.00056 46
rVSVOmicron	107	T	82447	2.31985e-05	0.999774	0.000202888	0 0.000226 19
rVSVOmicron	108	G	83631	0.000122133	1.42104e-05	0	0.999864 0.000136 11
rVSVOmicron	109	T	84287	5.72151e-05	0.999761	0.000181944	0 0.000239 20
rVSVOmicron	110	A	85493	0.999866	0	5.70819e-05	7.68703e-05 0.000134 11
rVSVOmicron	111	C	86089	5.84586e-05	0.000166812	0.999747	2.75537e-05 0.000253 22
rVSVOmicron	112	T	86834	2.74065e-05	0.999598	0.000374803	0 0.000402 35
rVSVOmicron	113	A	87976	0.999884	0	2.73632e-05	8.83756e-05 0.000116 10
rVSVOmicron	114	C	88733	3.26711e-05	0.000156821	0.999797	1.34315e-05 0.000203 18
rVSVOmicron	115	C	88761	5.20412e-05	0.000107381	0.999824	1.68584e-05 0.000176 16
rVSVOmicron	116	C	89624	7.06742e-05	5.39164e-05	0.999875	0 0.000125 11
rVSVOmicron	117	C	90585	6.94377e-05	0.00136285	0.998511	5.64856e-05 0.001489 135
rVSVOmicron	118	G	91882	0.000349274	2.60023e-05	3.90034e-05	0.999586 0.000414 38
rVSVOmicron	119	A	93365	0.99992	0	0	7.99872e-05 8e-05 7
rVSVOmicron	120	C	95220	1.24843e-05	0.000122819	0.999865	0 0.000135 13
rVSVOmicron	121	A	97550	0.999767	1.54604e-05	4.03314e-05	0.000177458 0.000233 23
rVSVOmicron	122	A	99733	0.999614	2.736e-05	3.65899e-05	0.000321727 0.000386 38
rVSVOmicron	123	G	101929	8.80048e-05	0.000160704	0	0.999751 0.000249 25
rVSVOmicron	124	G	93582	0.000117158	1.29013e-05	0	0.99987 0.00013 12
rVSVOmicron	125	T	94217	0	0.999891	0.000109289	0 0.000109 10
rVSVOmicron	126	G	95383	6.57416e-05	2.07784e-05	0	0.999913 8.7e-05 8
rVSVOmicron	127	T	95993	0	0.999828	0.000172503	0 0.000172 17
rVSVOmicron	128	T	96849	0	0.99995	4.9611e-05	0 5e-05 5
rVSVOmicron	129	C	98107	3.9832e-05	0.000184887	0.999744	3.12018e-05 0.000256 25
rVSVOmicron	130	C	98983	5.11784e-05	0.000308721	0.999615	2.47637e-05 0.000385 38
rVSVOmicron	131	G	100455	0.00014324	0.000138683	4.81808e-05	0.99967 0.00033 33
rVSVOmicron	132	G	100671	0.000117458	4.99685e-05	1.20054e-05	0.999821 0.000179 18
rVSVOmicron	133	T	99369	1.21914e-05	0.999909	7.90792e-05	0 9.1e-05 9
rVSVOmicron	134	C	99381	3.87926e-05	3.19469e-05	0.999929	0 7.1e-05 7
rVSVOmicron	135	T	100015	0	0.999947	5.3207e-05	0 5.3e-05 5
rVSVOmicron	136	A	101797	0.99985	0	1.20045e-05	0.000137889 0.00015 15
rVSVOmicron	137	G	101587	0.000131593	6.02316e-05	0	0.999808 0.000192 20
rVSVOmicron	138	C	102462	0.00013256	0.000212543	0.999643	1.17902e-05 0.000357 37
rVSVOmicron	139	G	103060	9.464e-05	9.36905e-05	0	0.999812 0.000188 19
rVSVOmicron	140	T	103676	1.16464e-05	0.999885	2.5811e-05	7.71183e-05 0.000115 12
rVSVOmicron	141	G	104982	9.97754e-05	4.50699e-05	8.76531e-05	0.999767 0.000233 24
rVSVOmicron	142	C	103433	1.73228e-05	0.000570078	0.999386	2.61417e-05 0.000614 64
rVSVOmicron	143	T	104139	0.000106509	0.999652	0.000241753	0 0.000348 36
rVSVOmicron	144	C	105751	3.42107e-05	8.53726e-05	0.999846	3.42107e-05 0.000154 16
rVSVOmicron	145	C	106697	0.000148497	0.000150028	0.999665	3.67416e-05 0.000335 36
rVSVOmicron	146	A	107113	0.999906	0	4.62645e-05	4.77864e-05 9.4e-05 10
rVSVOmicron	147	C	106200	4.51839e-05	3.84674e-05	0.999916	0 8.4e-05 9
rVSVOmicron	148	T	106495	0	0.999876	9.04661e-05	3.39248e-05 0.000124 13
rVSVOmicron	149	C	106924	4.72031e-05	6.0432e-05	0.999881	1.11243e-05 0.000119 13
rVSVOmicron	150	T	107034	2.23905e-05	0.999722	0.000255675	0 0.000278 30
rVSVOmicron	151	A	107913	0.999953	0	1.12098e-05	3.60532e-05 4.7e-05 5
rVSVOmicron	152	C	108359	3.53857e-05	4.93616e-05	0.999902	1.33812e-05 9.8e-05 11
rVSVOmicron	153	A	108931	0.999917	0	2.20848e-05	6.05839e-05 8.3e-05 9
rVSVOmicron	154	C	106866	2.22117e-05	0.000164186	0.999814	0 0.000186 20
rVSVOmicron	155	A	107490	0.999469	4.51105e-05	2.49611e-05	0.000461029 0.000531 57
rVSVOmicron	156	G	109213	0.000114981	7.71465e-05	5.46824e-05	0.999753 0.000247 27
rVSVOmicron	157	G	110811	0.000252117	2.15934e-05	4.31868e-05	0.999683 0.000317 35
rVSVOmicron	158	A	112209	0.999836	2.11787e-05	2.11787e-05	0.000121635 0.000164 18
rVSVOmicron	159	C	114413	1.04775e-05	0.00011497	0.995942	0.00393247 0.004058 464
rVSVOmicron	160	C	104128	9.45752e-05	9.17845e-05	0.999814	0 0.000186 19
rVSVOmicron	161	T	103523	7.14971e-05	0.99929	0.00062738	1.14519e-05 0.00071 74
rVSVOmicron	162	G	104644	0.000280509	2.28106e-05	0	0.999697 0.000303 32
rVSVOmicron	163	T	104907	1.23205e-05	0.995491	3.69616e-05	0.00445937 0.004509 473
rVSVOmicron	164	T	105214	0	0.995645	0.000226125	0.00412936 0.004355 458
rVSVOmicron	165	C	107446	9.21084e-05	6.15066e-05	0.999835	1.12106e-05 0.000165 18
rVSVOmicron	166	C	104944	0.000108902	0.000276112	0.999615	0 0.000385 40
rVSVOmicron	167	T	104969	2.52768e-05	0.999613	0.000350525	1.1268e-05 0.000387 41
rVSVOmicron	168	C	105959	0	0.000243611	0.999756	0 0.000244 26
rVSVOmicron	169	C	106367	3.70505e-05	0.000145423	0.999795	2.28478e-05 0.000205 22
rVSVOmicron	170	C	106383	0.000233049	7.31135e-05	0.99968	1.37088e-05 0.00032 34
rVSVOmicron	171	T	106470	9.86171e-05	0.999606	0.000188685	0.000107166 0.000394 42
rVSVOmicron	172	T	107144	3.27881e-05	0.999746	0.00019799	2.333e-05 0.000254 27
rVSVOmicron	173	T	107476	0	0.999941	5.9028e-05	0 5.9e-05 6
rVSVOmicron	174	C	107512	2.20319e-05	2.20319e-05	0.999956	0 4.4e-05 5
rVSVOmicron	175	T	107614	8.45195e-05	0.999802	4.99296e-05	6.37656e-05 0.000198 21
rVSVOmicron	176	T	108491	0	0.999914	8.58474e-05	0 8.6e-05 9
rVSVOmicron	177	C	109199	4.09298e-05	0.000116065	0.999819	2.39732e-05 0.000181 20
rVSVOmicron	178	A	108898	0.99985	0	0	0.000149893 0.00015 16
rVSVOmicron	179	G	109535	0.000167055	6.77011e-05	2.16878e-05	0.999744 0.000256 28
rVSVOmicron	180	C	110363	7.6915e-05	0.000131191	0.999792	0 0.000208 23
rVSVOmicron	181	A	110581	0.999881	0	8.66245e-05	3.19446e-05 0.000119 13
rVSVOmicron	182	A	110909	0.99993	2.11727e-05	0	4.85207e-05 7e-05 8
rVSVOmicron	183	C	111844	6.05202e-05	0.00056495	0.999269	0.000105625 0.000731 82
rVSVOmicron	184	G	111115	0.000228025	5.71505e-05	0	0.999715 0.000285 32
rVSVOmicron	185	T	111581	0	0.999854	0.000134983	1.06263e-05 0.000146 16
rVSVOmicron	186	G	112733	4.56408e-05	5.18775e-05	1.04889e-05	0.999892 0.000108 12
rVSVOmicron	187	A	113139	0.999751	4.68027e-05	0	0.000202436 0.000249 28
rVSVOmicron	188	C	114059	6.3973e-05	0.000104377	0.999832	0 0.000168 19
rVSVOmicron	189	A	113538	0.999734	2.09579e-05	9.43107e-05	0.00015067 0.000266 30
rVSVOmicron	190	T	113857	0	0.999948	5.19621e-05	0 5.2e-05 6
rVSVOmicron	191	G	114562	0.00013308	5.19407e-05	1.03881e-05	0.999805 0.000195 22
rVSVOmicron	192	G	114756	9.57826e-05	2.07249e-05	0	0.999883 0.000117 13
rVSVOmicron	193	T	114891	0	0.999944	5.56865e-05	0 5.6e-05 6
rVSVOmicron	194	T	115146	0	0.999934	5.61381e-05	1.02321e-05 6.6e-05 8
rVSVOmicron	195	C	115938	1.02326e-05	0.000327996	0.999649	1.27216e-05 0.000351 41
rVSVOmicron	196	C	116569	0.00010668	0.000279623	0.999614	0 0.000386 45
rVSVOmicron	197	A	116571	0.999879	1.01254e-05	0	0.000111106 0.000121 14
rVSVOmicron	198	C	117329	0	0.000135216	0.999855	1.00664e-05 0.000145 17
rVSVOmicron	199	G	117801	0.000363568	3.20876e-05	2.01227e-05	0.999584 0.000416 49
rVSVOmicron	200	T	117931	2.0389e-05	0.999888	9.17503e-05	0 0.000112 13
rVSVOmicron	201	G	118529	5.19707e-05	0.00014164	9.9633e-06	0.999796 0.000204 24
rVSVOmicron	202	A	118223	0.999889	9.91668e-06	7.50451e-06	9.38064e-05 0.000111 13
rVSVOmicron	203	T	118576	0	0.999894	0.000106039	0 0.000106 13
rVSVOmicron	204	C	118232	9.12394e-05	0.000180064	0.999719	9.92899e-06 0.000281 33
rVSVOmicron	205	T	118415	9.91023e-06	0.999768	0.000222311	0 0.000232 27
rVSVOmicron	206	C	117807	7.8086e-05	0.000109051	0.999781	3.20422e-05 0.000219 26
rVSVOmicron	207	T	118173	3.95807e-05	0.999691	0.000219444	4.98124e-05 0.000309 37
rVSVOmicron	208	G	119768	0.000137012	3.21122e-05	3.21122e-05	0.999799 0.000201 24
rVSVOmicron	209	G	120253	0.000312322	4.94265e-05	2.32438e-05	0.999615 0.000385 46
rVSVOmicron	210	C	120889	9.76916e-06	0.000270896	0.999701	1.87462e-05 0.000299 36
rVSVOmicron	211	A	120946	0.999772	0	0.000101712	0.000126417 0.000228 28
rVSVOmicron	212	C	121722	3.52723e-05	0.000265196	0.9997	0 0.0003 37
rVSVOmicron	213	A	121752	0.999616	0.000108738	0	0.000275242 0.000384 47
rVSVOmicron	214	A	122045	0.999804	3.01263e-05	1.95557e-05	0.000146139 0.000196 24
rVSVOmicron	215	A	122361	0.999889	4.02528e-05	3.01896e-05	4.02528e-05 0.000111 14
rVSVOmicron	216	C	123051	3.82779e-05	0.000340104	0.999622	0 0.000378 47
rVSVOmicron	217	G	123444	0.000339181	0.000105831	1.8553e-05	0.999536 0.000464 57
rVSVOmicron	218	G	123627	0.000509186	9.35717e-05	9.61709e-06	0.999388 0.000612 76
rVSVOmicron	219	C	123848	1.85179e-05	0.000267738	0.999714	0 0.000286 35
rVSVOmicron	220	A	123919	0.999889	0	1.89554e-05	9.22154e-05 0.000111 14
rVSVOmicron	221	C	124698	3.77392e-05	5.89037e-05	0.999903	0 9.7e-05 12
rVSVOmicron	222	A	124836	0.999693	0	7.17735e-06	0.000300167 0.000307 38
rVSVOmicron	223	A	125205	0.999845	9.61368e-06	4.93675e-06	0.000140048 0.000155 19
rVSVOmicron	224	A	123881	0.99978	9.72195e-06	2.91658e-05	0.000181564 0.00022 27
rVSVOmicron	225	G	124564	9.58484e-05	9.58484e-06	1.91697e-05	0.999875 0.000125 16
rVSVOmicron	226	C	125321	8.72305e-05	0.000483964	0.999414	1.5259e-05 0.000586 73
rVSVOmicron	227	G	125985	0.000100307	8.96416e-05	9.39586e-06	0.999801 0.000199 25
rVSVOmicron	228	G	125705	0.000128724	4.27384e-05	1.17022e-05	0.999817 0.000183 23
rVSVOmicron	229	T	125614	0	0.999835	5.87393e-05	0.000105782 0.000165 21
rVSVOmicron	230	T	124357	2.48624e-05	0.999951	2.40935e-05	0 4.9e-05 6
rVSVOmicron	231	C	125188	4.67599e-05	0.000268427	0.999685	0 0.000315 39
rVSVOmicron	232	G	125701	0.000190666	6.73534e-05	1.87374e-05	0.999723 0.000277 35
rVSVOmicron	233	A	125672	0.999917	9.26468e-06	0	7.41174e-05 8.3e-05 10
rVSVOmicron	234	C	126528	3.92039e-05	0.000725147	0.999226	9.23913e-06 0.000774 98
rVSVOmicron	235	A	126620	0.999904	2.79912e-05	1.86608e-05	4.89215e-05 9.6e-05 12
rVSVOmicron	236	A	126254	0.999814	0	2.8227e-05	0.00015741 0.000186 23
rVSVOmicron	237	C	125703	3.27198e-05	0.000228024	0.999739	0 0.000261 33
rVSVOmicron	238	C	127232	3.7229e-05	5.58435e-05	0.999898	9.30725e-06 0.000102 13
rVSVOmicron	239	C	127406	0.000123478	0.00012499	0.999733	1.86477e-05 0.000267 34
rVSVOmicron	240	C	127861	4.90361e-05	0.000260942	0.999681	9.25681e-06 0.000319 41
rVSVOmicron	241	G	128317	0.000172723	2.9652e-05	5.13967e-05	0.999746 0.000254 33
rVSVOmicron	242	T	128289	2.78775e-05	0.999825	0.000146671	0 0.000175 22
rVSVOmicron	243	G	129137	0.000514566	4.52231e-05	1.80892e-05	0.999422 0.000578 75
rVSVOmicron	244	C	129160	2.73919e-05	0.000133535	0.999832	6.6034e-06 0.000168 22
rVSVOmicron	245	T	129263	3.14811e-06	0.999765	0.000223031	8.47567e-06 0.000235 30
rVSVOmicron	246	C	130572	6.17566e-05	0.000125451	0.999741	7.19282e-05 0.000259 34
rVSVOmicron	247	C	131080	3.80405e-05	0.000287986	0.999665	9.02242e-06 0.000335 44
rVSVOmicron	248	C	130652	0.000227227	0.000274962	0.99948	1.80223e-05 0.00052 68
rVSVOmicron	249	T	130490	8.99325e-06	0.999639	0.000255457	9.64951e-05 0.000361 47
rVSVOmicron	250	T	130821	0.000139841	0.999726	0.000115713	1.82187e-05 0.000274 36
rVSVOmicron	251	T	130896	0	0.999941	5.86906e-05	0 5.9e-05 8
rVSVOmicron	252	C	131410	8.88277e-06	7.51435e-05	0.999907	8.88277e-06 9.3e-05 12
rVSVOmicron	253	A	131367	0.99592	8.98346e-06	5.58431e-06	0.00406538 0.00408 536
rVSVOmicron	254	A	131704	0.999865	9.03133e-06	2.7094e-05	9.88565e-05 0.000135 18
rVSVOmicron	255	C	132527	1.75248e-05	0.000398097	0.999576	8.76239e-06 0.000424 56
rVSVOmicron	256	G	132592	0.00110629	3.5409e-05	1.93793e-05	0.998839 0.001161 154
rVSVOmicron	257	A	132105	0.999945	8.84649e-06	8.84649e-06	3.75378e-05 5.5e-05 7
rVSVOmicron	258	C	132059	2.84893e-05	0.000301037	0.999662	8.7842e-06 0.000338 45
rVSVOmicron	259	G	132531	0.000128269	7.77748e-05	8.85436e-06	0.999785 0.000215 28
rVSVOmicron	260	G	132820	0.000111676	2.82755e-05	0	0.99986 0.00014 19
rVSVOmicron	261	C	133134	8.73718e-06	0.000416315	0.999557	1.74744e-05 0.000443 59
rVSVOmicron	262	G	133206	0.000726342	4.47922e-05	0	0.999229 0.000771 103
rVSVOmicron	263	T	133389	0	0.999566	0.000397904	3.56044e-05 0.000434 58
rVSVOmicron	264	G	134152	0.000261409	2.60237e-05	6.09563e-05	0.999652 0.000348 47
rVSVOmicron	265	T	134125	4.368e-05	0.999672	0.000207655	7.68487e-05 0.000328 44
rVSVOmicron	266	A	134359	0.999857	6.88171e-06	8.16313e-05	5.48164e-05 0.000143 19
rVSVOmicron	267	C	134633	1.73214e-05	0.000619592	0.999354	8.66071e-06 0.000646 87
rVSVOmicron	268	T	134478	2.67987e-05	0.999789	0.000149204	3.50073e-05 0.000211 28
rVSVOmicron	269	T	130550	6.48542e-05	0.999915	1.08897e-05	8.95376e-06 8.5e-05 11
rVSVOmicron	270	C	131368	3.42323e-05	0.000213001	0.999735	1.75916e-05 0.000265 35
rVSVOmicron	271	G	131912	0.000343374	4.42369e-05	8.84737e-06	0.999604 0.000396 52
rVSVOmicron	272	C	132393	5.22161e-05	0.000105382	0.999842	0 0.000158 21
rVSVOmicron	273	C	133079	0.000157756	0.000101634	0.999669	7.19216e-05 0.000331 44
rVSVOmicron	274	A	132802	0.99977	1.44682e-05	8.77581e-05	0.000127842 0.00023 31
rVSVOmicron	275	G	133380	0.000315229	7.34127e-05	8.67818e-06	0.999603 0.000397 53
rVSVOmicron	276	C	134283	0	0.000321562	0.999659	1.94107e-05 0.000341 46
rVSVOmicron	277	A	134337	0.99992	2.5889e-05	2.79881e-05	2.5889e-05 8e-05 11
rVSVOmicron	278	T	134803	8.60355e-06	0.999929	4.51105e-05	1.72071e-05 7.1e-05 10
rVSVOmicron	279	A	134213	0.999308	0	8.71445e-06	0.000682789 0.000692 93
rVSVOmicron	280	G	134977	8.21692e-05	0.000150447	0.000115366	0.999652 0.000348 47
rVSVOmicron	281	A	134948	0.999884	1.71459e-05	0	9.84731e-05 0.000116 16
rVSVOmicron	282	G	135729	7.09055e-05	6.43961e-05	4.30083e-05	0.999822 0.000178 24
rVSVOmicron	283	A	136583	0.999891	0	8.58103e-06	0.000100421 0.000109 15
rVSVOmicron	284	A	133767	0.999893	8.97501e-06	2.57122e-05	7.22852e-05 0.000107 14
rVSVOmicron	285	G	134566	0.000163096	5.00754e-05	8.65789e-06	0.999778 0.000222 30
rVSVOmicron	286	T	134906	2.79636e-05	0.999881	8.22459e-05	8.69456e-06 0.000119 16
rVSVOmicron	287	C	134850	6.34516e-05	0	0.999911	2.58938e-05 8.9e-05 12
rVSVOmicron	288	T	134888	2.5741e-05	0.999856	9.85579e-05	1.94797e-05 0.000144 19
rVSVOmicron	289	A	135960	0.999702	0	0.000210504	8.78647e-05 0.000298 41
rVSVOmicron	290	A	136336	0.999699	0.000162497	1.23563e-05	0.000126594 0.000301 41
rVSVOmicron	291	C	137134	1.69963e-05	0.000174097	0.999792	1.69963e-05 0.000208 29
rVSVOmicron	292	A	135622	0.999923	8.55438e-06	8.55438e-06	5.98807e-05 7.7e-05 10
rVSVOmicron	293	T	135962	0	0.999915	6.76354e-05	1.72636e-05 8.5e-05 12
rVSVOmicron	294	T	136254	8.65055e-06	0.999926	5.65793e-05	8.65055e-06 7.4e-05 10
rVSVOmicron	295	A	136671	0.999916	8.22156e-06	0	7.56384e-05 8.4e-05 11
rVSVOmicron	296	T	136818	8.57449e-06	0.999855	0.000136265	0 0.000145 20
rVSVOmicron	297	C	137625	1.68995e-05	8.19855e-05	0.999901	0 9.9e-05 14
rVSVOmicron	298	C	138018	8.68535e-05	8.8916e-05	0.999814	1.05416e-05 0.000186 26
rVSVOmicron	299	G	138589	0.000124878	7.56562e-05	3.37262e-05	0.999766 0.000234 32
rVSVOmicron	300	G	138936	6.96214e-05	6.30017e-05	0	0.999867 0.000133 18
rVSVOmicron	301	G	139148	0.000109364	3.1604e-05	1.68252e-05	0.999842 0.000158 22
rVSVOmicron	302	G	139302	0.000262391	8.36316e-05	1.03694e-05	0.999644 0.000356 50
rVSVOmicron	303	C	138330	6.11574e-05	0.000127583	0.999811	0 0.000189 26
rVSVOmicron	304	T	138511	3.35881e-05	0.999584	0.000365837	1.6794e-05 0.000416 58
rVSVOmicron	305	G	140585	0.000177003	4.88208e-05	1.64965e-05	0.999758 0.000242 34
rVSVOmicron	306	G	141129	7.48034e-05	3.82975e-05	8.2866e-06	0.999879 0.000121 17
rVSVOmicron	307	A	140731	0.999892	8.2184e-06	1.64368e-05	8.35167e-05 0.000108 15
rVSVOmicron	308	T	140991	8.34977e-06	0.999961	1.66995e-05	1.42172e-05 3.9e-05 5
rVSVOmicron	309	T	141288	1.03428e-05	0.999963	2.69811e-05	0 3.7e-05 5
rVSVOmicron	310	T	141738	3.03458e-05	0.999937	3.2354e-05	0 6.3e-05 9
rVSVOmicron	311	T	142079	8.20595e-06	0.999951	3.28238e-05	8.20595e-06 4.9e-05 7
rVSVOmicron	312	C	142612	8.65345e-05	0.000414098	0.999467	3.23412e-05 0.000533 76
rVSVOmicron	313	G	142868	0.000226804	8.75888e-05	2.44896e-05	0.999661 0.000339 48
rVSVOmicron	314	G	143139	0.000268715	5.71405e-05	7.28045e-06	0.999667 0.000333 48
rVSVOmicron	315	C	143549	2.41626e-05	0.000183722	0.999784	8.05418e-06 0.000216 31
rVSVOmicron	316	A	143526	0.999942	8.00483e-06	8.00483e-06	4.19713e-05 5.8e-05 8
rVSVOmicron	317	C	143742	1.79749e-05	0.000676982	0.999295	9.74541e-06 0.000705 101
rVSVOmicron	318	C	144114	5.2729e-05	0.000690052	0.999249	8.06187e-06 0.000751 108
rVSVOmicron	319	A	144042	0.999751	2.7354e-05	0.000133351	8.8473e-05 0.000249 36
rVSVOmicron	320	C	144780	0.000742071	0.000162569	0.999095	0 0.000905 131
rVSVOmicron	321	A	144722	0.999093	0	0.00077517	0.000131768 0.000907 131
rVSVOmicron	322	C	144756	3.94649e-05	9.70623e-05	0.999854	9.81289e-06 0.000146 21
rVSVOmicron	323	T	144602	0.0023993	0.997541	5.99338e-05	0 0.002459 356
rVSVOmicron	324	C	145218	2.37071e-05	0.00295207	0.997006	1.77269e-05 0.002994 435
rVSVOmicron	325	G	145148	0.000119396	3.18388e-05	1.82858e-05	0.99983 0.00017 25
rVSVOmicron	326	A	144025	0.999924	7.94546e-06	1.3314e-05	5.47593e-05 7.6e-05 11
rVSVOmicron	327	C	144392	1.59199e-05	3.18398e-05	0.999952	0 4.8e-05 7
rVSVOmicron	328	T	144299	0	0.999934	5.76296e-05	7.95632e-06 6.6e-05 10
rVSVOmicron	329	C	143894	3.96959e-05	3.54045e-05	0.999917	7.93918e-06 8.3e-05 12
rVSVOmicron	330	T	144272	8.00648e-06	0.999796	0.000173979	2.16391e-05 0.000204 29
rVSVOmicron	331	A	145268	0.99985	0	1.60465e-05	0.000134226 0.00015 22
rVSVOmicron	332	A	144606	0.999804	4.00621e-05	5.80358e-05	9.78813e-05 0.000196 28
rVSVOmicron	333	G	145366	8.38134e-05	3.99525e-05	1.60679e-05	0.99986 0.00014 20
rVSVOmicron	334	A	146134	0.999901	7.95171e-06	3.37411e-05	5.75962e-05 9.9e-05 14
rVSVOmicron	335	C	146904	3.11956e-05	0.000122675	0.999838	7.79889e-06 0.000162 24
rVSVOmicron	336	A	146432	0.99995	2.38003e-05	0	2.573e-05 5e-05 7
rVSVOmicron	337	C	147148	4.52048e-05	0.000388762	0.999543	2.33383e-05 0.000457 67
rVSVOmicron	338	A	146648	0.99951	3.52386e-05	7.09017e-05	0.000383803 0.00049 72
rVSVOmicron	339	G	147452	0.000152739	1.59193e-05	0	0.999831 0.000169 25
rVSVOmicron	340	T	147656	4.68915e-05	0.999859	8.59678e-05	7.81525e-06 0.000141 21
rVSVOmicron	341	C	148490	5.44146e-05	5.42045e-05	0.999874	1.78581e-05 0.000126 19
rVSVOmicron	342	C	149287	0.000131285	0.000422486	0.999438	7.84739e-06 0.000562 84
rVSVOmicron	343	C	148546	5.42578e-05	0.000305645	0.999609	3.12139e-05 0.000391 58
rVSVOmicron	344	T	148418	3.1237e-05	0.999805	0.000163682	0 0.000195 29
rVSVOmicron	345	C	150081	2.88848e-05	4.19765e-05	0.999883	4.61326e-05 0.000117 18
rVSVOmicron	346	C	149114	6.73105e-05	9.87776e-05	0.999795	3.85524e-05 0.000205 31
rVSVOmicron	347	T	149039	5.42857e-05	0.999753	0.000185284	7.75509e-06 0.000247 37
rVSVOmicron	348	G	150334	6.06621e-05	6.33536e-05	4.96891e-05	0.999826 0.000174 26
rVSVOmicron	349	A	147571	0.999866	1.54988e-05	6.38803e-05	5.42459e-05 0.000134 20
rVSVOmicron	350	T	147863	3.92425e-05	0.999898	4.01098e-05	2.2765e-05 0.000102 15
rVSVOmicron	351	T	147792	1.55702e-05	0.999798	9.51042e-05	9.11065e-05 0.000202 30
rVSVOmicron	352	G	146277	0.000119676	2.36371e-05	1.57581e-05	0.999841 0.000159 23
rVSVOmicron	353	T	146422	2.3405e-05	0.999922	5.46116e-05	0 7.8e-05 11
rVSVOmicron	354	G	147490	0.00012057	4.27149e-05	2.33564e-05	0.999813 0.000187 28
rVSVOmicron	355	A	147056	0.99977	1.57557e-05	0	0.000214405 0.00023 34
rVSVOmicron	356	A	147352	0.999846	0	7.82326e-06	0.000146528 0.000154 23
rVSVOmicron	357	C	148139	1.55024e-05	9.53189e-05	0.999889	0 0.000111 16
rVSVOmicron	358	A	145312	0.999946	0	1.58521e-05	3.81306e-05 5.4e-05 8
rVSVOmicron	359	A	145277	0.999944	0	2.41178e-05	3.21571e-05 5.6e-05 8
rVSVOmicron	360	C	146119	4.91296e-05	0.000251603	0.999685	1.42497e-05 0.000315 46
rVSVOmicron	361	G	146335	0.000560924	8.9233e-05	1.58732e-05	0.999334 0.000666 97
rVSVOmicron	362	C	146559	0.000184219	3.99177e-05	0.999776	0 0.000224 33
rVSVOmicron	363	C	147031	3.90372e-05	0.000798469	0.999082	8.08176e-05 0.000918 135
rVSVOmicron	364	A	146871	0.999976	7.85446e-06	0	1.57089e-05 2.4e-05 4
rVSVOmicron	365	C	147670	0.000188911	4.64947e-05	0.999757	7.74911e-06 0.000243 36
rVSVOmicron	366	A	147852	0.999896	7.84859e-06	7.84859e-06	8.86679e-05 0.000104 15
rVSVOmicron	367	A	145661	0.999833	2.45977e-05	3.10241e-05	0.000111022 0.000167 24
rVSVOmicron	368	A	145898	0.999431	2.4162e-05	0.00045013	9.5082e-05 0.000569 83
rVSVOmicron	369	C	146701	3.16857e-05	9.89108e-05	0.999846	2.37643e-05 0.000154 23
rVSVOmicron	370	G	146289	0.000170309	1.53662e-05	1.57931e-05	0.999799 0.000201 29
rVSVOmicron	371	T	145827	4.0901e-05	0.999916	2.65304e-05	1.63604e-05 8.4e-05 12
rVSVOmicron	372	G	145884	0.000103205	6.71587e-05	1.58778e-05	0.999814 0.000186 27
rVSVOmicron	373	G	145416	9.88955e-05	3.9601e-05	1.58404e-05	0.999846 0.000154 22
rVSVOmicron	374	T	145259	0.00679974	0.99316	3.21624e-05	8.0406e-06 0.00684 994
rVSVOmicron	375	G	146372	0.000146687	1.57089e-05	0.0064882	0.993349 0.006651 974
rVSVOmicron	376	A	145608	0.999976	7.91044e-06	0	1.58209e-05 2.4e-05 3
rVSVOmicron	377	T	145864	6.34273e-06	0.999937	1.61849e-05	4.04622e-05 6.3e-05 9
rVSVOmicron	378	T	146104	5.06973e-05	0.999885	6.44853e-05	0 0.000115 17
rVSVOmicron	379	A	146615	0.999678	3.95199e-05	7.90398e-06	0.00027493 0.000322 47
rVSVOmicron	380	A	144896	0.999541	9.79614e-05	5.95073e-05	0.000301618 0.000459 67
rVSVOmicron	381	G	145736	8.1028e-05	8.62e-05	7.9735e-06	0.999825 0.000175 26
rVSVOmicron	382	G	145632	8.16451e-05	2.09513e-05	1.59834e-05	0.999881 0.000119 17
rVSVOmicron	383	T	145490	7.91101e-06	0.999943	3.35683e-05	1.5822e-05 5.7e-05 8
rVSVOmicron	384	G	145874	9.31023e-05	7.8828e-06	7.8828e-06	0.999891 0.000109 16
rVSVOmicron	385	T	145934	1.76556e-05	0.999949	3.31841e-05	0 5.1e-05 7
rVSVOmicron	386	G	146763	0.000136826	5.66396e-05	7.84894e-06	0.999799 0.000201 29
rVSVOmicron	387	C	145303	3.97284e-05	0.000681429	0.999253	2.56939e-05 0.000747 109
rVSVOmicron	388	G	145926	0.000386882	4.74256e-05	4.33667e-05	0.999522 0.000478 70
rVSVOmicron	389	A	144072	0.999946	2.03303e-05	7.91812e-06	2.54664e-05 5.4e-05 8
rVSVOmicron	390	G	144934	0.000114898	5.35907e-05	0	0.999831 0.000169 24
rVSVOmicron	391	T	145220	0	0.999885	9.05148e-05	2.41518e-05 0.000115 17
rVSVOmicron	392	T	145570	0	0.999794	0.000206181	0 0.000206 30
rVSVOmicron	393	C	145982	6.01139e-05	0.00034043	0.999566	3.38275e-05 0.000434 63
rVSVOmicron	394	C	146434	7.91771e-05	0.0015538	0.998333	3.35967e-05 0.001667 244
rVSVOmicron	395	A	146062	0.999703	3.0321e-05	0	0.000266528 0.000297 43
rVSVOmicron	396	G	146946	0.000134177	5.50742e-05	1.57355e-05	0.999795 0.000205 30
rVSVOmicron	397	T	147186	0.00220723	0.997709	6.79947e-05	1.58077e-05 0.002291 337
rVSVOmicron	398	T	147623	1.57372e-05	0.997751	0.00222575	7.86862e-06 0.002249 332
rVSVOmicron	399	C	146300	1.57955e-05	9.66938e-05	0.999868	1.94241e-05 0.000132 19
rVSVOmicron	400	T	146713	5.71106e-06	0.999744	0.000250229	0 0.000256 38
rVSVOmicron	401	G	148641	0.000213547	5.56987e-05	7.77679e-06	0.999723 0.000277 41
rVSVOmicron	402	C	149343	7.93245e-05	0.000306414	0.99961	4.18599e-06 0.00039 58
rVSVOmicron	403	A	148842	0.999765	5.01079e-06	7.72497e-06	0.000221936 0.000235 35
rVSVOmicron	404	A	149533	0.999871	7.81286e-06	2.34386e-05	9.79775e-05 0.000129 19
rVSVOmicron	405	C	150036	0.000155784	0.000230661	0.999614	0 0.000386 58
rVSVOmicron	406	G	151510	0.000182824	3.81743e-05	6.14916e-05	0.999718 0.000282 43
rVSVOmicron	407	A	151410	0.999937	3.09044e-05	7.6231e-06	2.45175e-05 6.3e-05 10
rVSVOmicron	408	C	152398	4.58827e-05	0.000213499	0.999733	7.64711e-06 0.000267 41
rVSVOmicron	409	C	152867	3.8698e-05	0.00019557	0.999758	7.69799e-06 0.000242 37
rVSVOmicron	410	C	152511	0.000113746	0.000248511	0.99963	7.6243e-06 0.00037 56
rVSVOmicron	411	T	152360	2.36657e-05	0.999772	0.000160843	4.39805e-05 0.000228 35
rVSVOmicron	412	T	153361	0	0.999934	3.95702e-05	2.63088e-05 6.6e-05 10
rVSVOmicron	413	T	153566	0	0.999889	9.045e-05	2.01679e-05 0.000111 17
rVSVOmicron	414	C	154839	2.2611e-05	0.000306979	0.999648	2.2611e-05 0.000352 55
rVSVOmicron	415	C	154645	9.67533e-05	0.00022089	0.999645	3.75249e-05 0.000355 55
rVSVOmicron	416	T	154481	3.0249e-05	0.99957	0.000361762	3.78113e-05 0.00043 66
rVSVOmicron	417	G	156010	9.29056e-05	9.20924e-05	7.52189e-06	0.999807 0.000193 30
rVSVOmicron	418	G	156465	9.85182e-05	4.5129e-05	3.14291e-05	0.999825 0.000175 27
rVSVOmicron	419	A	156648	0.999978	7.3248e-06	0	1.46496e-05 2.2e-05 3
rVSVOmicron	420	T	156088	0	0.999937	6.27958e-05	0 6.3e-05 10
rVSVOmicron	421	C	157090	2.94505e-05	5.69111e-05	0.999914	0 8.6e-05 14
rVSVOmicron	422	A	155962	0.999861	9.50319e-05	1.47121e-05	2.94241e-05 0.000139 22
rVSVOmicron	423	C	156612	2.5737e-05	0.000133673	0.999833	7.38192e-06 0.000167 26
rVSVOmicron	424	A	156487	0.999751	0	7.44008e-06	0.000241501 0.000249 39
rVSVOmicron	425	A	155795	0.999877	2.23342e-05	1.48894e-05	8.55137e-05 0.000123 19
rVSVOmicron	426	G	156547	6.83133e-05	7.775e-05	2.01042e-05	0.999834 0.000166 26
rVSVOmicron	427	A	157115	0.999858	0	0	0.000142453 0.000142 22
rVSVOmicron	428	A	157389	0.999932	7.38071e-06	7.38071e-06	5.34603e-05 6.8e-05 11
rVSVOmicron	429	C	157184	8.07547e-05	4.03774e-05	0.999879	0 0.000121 19
rVSVOmicron	430	A	156095	0.999887	6.10359e-05	7.40436e-06	4.44261e-05 0.000113 18
rVSVOmicron	431	A	156428	0.999594	3.17566e-05	1.49681e-05	0.000359032 0.000406 64
rVSVOmicron	432	C	157305	3.12838e-05	3.94535e-05	0.999929	0 7.1e-05 11
rVSVOmicron	433	A	157172	0.999827	7.55464e-06	7.55464e-06	0.000158239 0.000173 27
rVSVOmicron	434	A	154765	0.999922	7.76991e-06	3.10796e-05	3.88495e-05 7.8e-05 12
rVSVOmicron	435	G	155609	0.000191407	7.15425e-05	7.73997e-06	0.999729 0.000271 42
rVSVOmicron	436	T	155802	0	0.999954	4.56745e-05	0 4.6e-05 7
rVSVOmicron	437	C	155575	7.56735e-05	1.51347e-05	0.999894	1.51347e-05 0.000106 16
rVSVOmicron	438	T	155241	0	0.999937	5.49743e-05	7.61816e-06 6.3e-05 10
rVSVOmicron	439	T	156781	0.000165347	0.999736	6.91632e-05	2.9843e-05 0.000264 41
rVSVOmicron	440	G	157622	6.68451e-05	7.62514e-05	7.40499e-06	0.999849 0.000151 24
rVSVOmicron	441	G	157895	7.53413e-05	6.73897e-05	2.04753e-05	0.999837 0.000163 26
rVSVOmicron	442	A	157006	0.999835	0	7.35266e-06	0.000157784 0.000165 26
rVSVOmicron	443	T	157322	0	0.999796	0.000204038	0 0.000204 32
rVSVOmicron	444	G	158239	0.000106529	6.4913e-05	1.65269e-05	0.999812 0.000188 30
rVSVOmicron	445	G	157845	4.41041e-05	6.49642e-05	3.85415e-05	0.999852 0.000148 23
rVSVOmicron	446	A	157231	0.999854	1.45861e-05	7.29307e-06	0.000124376 0.000146 23
rVSVOmicron	447	G	158091	0.00010969	5.10049e-05	6.10483e-06	0.999833 0.000167 26
rVSVOmicron	448	T	158131	2.06266e-05	0.997748	0.00223105	0 0.002252 356
rVSVOmicron	449	C	155487	6.10391e-05	7.04761e-05	0.999861	7.42911e-06 0.000139 22
rVSVOmicron	450	T	155600	7.34826e-06	0.99941	0.000563234	1.96616e-05 0.00059 92
rVSVOmicron	451	G	157834	3.80043e-05	6.20278e-05	4.5487e-05	0.999855 0.000145 23
rVSVOmicron	452	A	157642	0.999776	3.10243e-05	7.31146e-06	0.000185948 0.000224 35
rVSVOmicron	453	G	157529	6.57613e-05	4.38409e-05	7.30681e-06	0.999883 0.000117 18
rVSVOmicron	454	T	157975	3.06685e-05	0.996053	0.00390864	7.3684e-06 0.003947 624
rVSVOmicron	455	T	158385	7.34564e-06	0.999939	5.32063e-05	0 6.1e-05 10
rVSVOmicron	456	C	159216	7.24683e-05	7.22724e-05	0.999838	1.76274e-05 0.000162 26
rVSVOmicron	457	A	158208	0.999556	2.18401e-05	0	0.000422243 0.000444 70
rVSVOmicron	458	G	158977	7.98924e-05	2.90518e-05	3.08184e-05	0.99986 0.00014 22
rVSVOmicron	459	A	159330	0.999895	1.63571e-05	0	8.9077e-05 0.000105 17
rVSVOmicron	460	G	158945	6.54774e-05	1.55337e-05	0	0.999919 8.1e-05 13
rVSVOmicron	461	T	159344	0	0.999933	3.78344e-05	2.88633e-05 6.7e-05 11
rVSVOmicron	462	G	159073	0.000114218	2.66444e-05	1.70446e-05	0.999842 0.000158 25
rVSVOmicron	463	T	158826	2.16975e-05	0.999899	5.96193e-05	1.93518e-05 0.000101 16
rVSVOmicron	464	A	158883	0.999905	1.37112e-05	0	8.16796e-05 9.5e-05 15
rVSVOmicron	465	C	158525	1.69815e-05	8.15507e-05	0.999866	3.51478e-05 0.000134 21
rVSVOmicron	466	T	154653	0	0.999904	9.64653e-05	0 9.6e-05 15
rVSVOmicron	467	C	154410	4.5655e-05	2.97662e-05	0.999917	7.44156e-06 8.3e-05 13
rVSVOmicron	468	T	154242	7.55397e-06	0.999812	0.000175375	5.10404e-06 0.000188 29
rVSVOmicron	469	A	155345	0.999838	0	0	0.000161618 0.000162 25
rVSVOmicron	470	G	155576	0.000196573	7.01755e-05	1.68257e-05	0.999716 0.000284 44
rVSVOmicron	471	C	155197	2.99327e-05	0.000660339	0.99931	0 0.00069 107
rVSVOmicron	472	G	155752	0.000600751	5.47418e-05	1.4893e-05	0.99933 0.00067 104
rVSVOmicron	473	C	156306	5.22204e-05	8.56898e-05	0.999855	7.46006e-06 0.000145 23
rVSVOmicron	474	C	156782	3.12675e-05	0.000191987	0.999747	2.94751e-05 0.000253 40
rVSVOmicron	475	A	156575	0.999645	1.6612e-05	0	0.000338245 0.000355 56
rVSVOmicron	476	A	156512	0.999956	0	0	4.42934e-05 4.4e-05 7
rVSVOmicron	477	C	156780	5.40032e-05	6.61143e-05	0.999834	4.58631e-05 0.000166 26
rVSVOmicron	478	A	156648	0.999958	0	3.21325e-06	3.87598e-05 4.2e-05 7
rVSVOmicron	479	A	156131	0.999916	5.17766e-05	1.47349e-05	1.76e-05 8.4e-05 13
rVSVOmicron	480	C	155274	2.40438e-05	0.0001647	0.999811	0 0.000189 29
rVSVOmicron	481	T	155716	3.95477e-05	0.999645	0.000269699	4.52556e-05 0.000355 55
rVSVOmicron	482	G	157816	0.000623068	7.53905e-05	4.60719e-05	0.999255 0.000745 118
rVSVOmicron	483	C	159519	4.51031e-05	0.000304592	0.999636	1.44486e-05 0.000364 58
rVSVOmicron	484	A	161018	0.999903	1.43439e-05	7.17197e-06	7.52088e-05 9.7e-05 16
rVSVOmicron	485	C	162984	2.47678e-05	3.55198e-05	0.99994	0 6e-05 10
rVSVOmicron	486	C	153482	0.000118607	9.96541e-05	0.999757	2.4455e-05 0.000243 37
rVSVOmicron	487	T	153634	8.35587e-05	0.999715	0.000171028	3.04598e-05 0.000285 44
rVSVOmicron	488	T	154329	1.50029e-05	0.99995	2.4329e-05	1.03398e-05 5e-05 8
rVSVOmicron	489	C	155150	5.20718e-05	0.000275639	0.999641	3.15648e-05 0.000359 56
rVSVOmicron	490	G	155997	3.70127e-05	2.84098e-05	3.88133e-05	0.999896 0.000104 16
rVSVOmicron	491	A	156292	0.99988	1.46544e-05	6.93113e-06	9.86201e-05 0.00012 19
rVSVOmicron	492	G	157033	2.80347e-05	3.36416e-05	1.48183e-05	0.999924 7.6e-05 12
rVSVOmicron	493	T	157296	0	0.999899	9.03997e-05	1.05766e-05 0.000101 16
rVSVOmicron	494	A	156851	0.999937	0	0	6.29909e-05 6.3e-05 10
rVSVOmicron	495	C	156017	2.04446e-05	0.000519332	0.999453	7.41616e-06 0.000547 85
rVSVOmicron	496	G	153584	0.000420093	3.01376e-05	5.29444e-06	0.999545 0.000455 70
rVSVOmicron	497	T	153864	9.84604e-05	0.999787	9.27526e-05	2.22199e-05 0.000213 33
rVSVOmicron	498	G	155249	0.000122701	2.33332e-05	7.4425e-06	0.999847 0.000153 24
rVSVOmicron	499	T	155450	0.000147937	0.99961	0.000227303	1.47937e-05 0.00039 61
rVSVOmicron	500	C	157199	1.47783e-05	0.000125216	0.999853	7.38915e-06 0.000147 23
rVSVOmicron	501	C	157361	9.72164e-05	0.000145724	0.999757	0 0.000243 38
rVSVOmicron	502	C	157836	5.69766e-05	0.000108375	0.999789	4.60195e-05 0.000211 33
rVSVOmicron	503	A	157308	0.999665	1.99983e-05	3.29971e-05	0.000281975 0.000335 53
rVSVOmicron	504	G	158119	0.00014417	1.85704e-05	2.15657e-05	0.999816 0.000184 29
rVSVOmicron	505	C	158880	7.64145e-05	0.000240017	0.999677	6.78353e-06 0.000323 51
rVSVOmicron	506	C	152862	0.00013472	0.00011618	0.999734	1.52435e-05 0.000266 41
rVSVOmicron	507	T	152681	6.97205e-05	0.999727	0.000170847	3.28712e-05 0.000273 42
rVSVOmicron	508	T	153215	2.92223e-05	0.99982	9.58579e-05	5.44597e-05 0.00018 28
rVSVOmicron	509	T	152567	1.52254e-05	0.999833	0.000131679	1.97519e-05 0.000167 25
rVSVOmicron	510	C	153354	4.56376e-05	3.98815e-05	0.999907	7.60627e-06 9.3e-05 14
rVSVOmicron	511	C	153064	0.000189223	0.000249347	0.999539	2.28551e-05 0.000461 71
rVSVOmicron	512	T	152713	3.98711e-05	0.999482	0.000470438	7.60428e-06 0.000518 79
rVSVOmicron	513	C	153840	3.93646e-05	7.10187e-05	0.999873	1.68416e-05 0.000127 20
rVSVOmicron	514	A	153637	0.999695	1.57518e-05	4.72555e-05	0.000241599 0.000305 47
rVSVOmicron	515	T	155208	0	0.999819	0.000173438	7.54965e-06 0.000181 28
rVSVOmicron	516	G	155948	6.28956e-05	0.000906795	2.82928e-05	0.999002 0.000998 156
rVSVOmicron	517	G	157031	4.02996e-05	4.40715e-05	1.33009e-05	0.999902 9.8e-05 15
rVSVOmicron	518	A	158047	0.999853	1.44892e-05	1.44892e-05	0.000117675 0.000147 23
rVSVOmicron	519	C	159711	1.95531e-05	8.98654e-05	0.999878	1.30354e-05 0.000122 19
rVSVOmicron	520	C	134192	4.1331e-05	8.84998e-05	0.999842	2.77875e-05 0.000158 21
rVSVOmicron	521	T	133690	5.25983e-05	0.999456	0.000448025	4.34406e-05 0.000544 73
rVSVOmicron	522	G	132851	0.000110631	6.60026e-05	6.08351e-05	0.999763 0.000237 31
rVSVOmicron	523	G	133537	4.51609e-05	2.58395e-05	0.000122912	0.999806 0.000194 26
rVSVOmicron	524	A	133430	0.999277	6.04722e-05	4.2961e-05	0.000619665 0.000723 96
rVSVOmicron	525	G	129664	0.000102417	0.000102417	1.75916e-05	0.999778 0.000222 29
rVSVOmicron	526	G	129895	0.000129735	3.58225e-05	8.95562e-06	0.999825 0.000175 23
rVSVOmicron	527	G	129759	0.00399242	2.62564e-05	8.91274e-06	0.995972 0.004028 523
rVSVOmicron	528	C	129722	4.42388e-05	0.000324737	0.999631	0 0.000369 48
rVSVOmicron	529	A	129737	0.999798	3.76034e-05	3.54478e-05	0.000129097 0.000202 26
rVSVOmicron	530	A	128476	0.999581	4.11159e-05	4.84487e-05	0.000329713 0.000419 54
rVSVOmicron	531	G	128914	0.000181067	4.49647e-05	0	0.999774 0.000226 29
rVSVOmicron	532	C	129537	1.77265e-05	0.00033872	0.999624	1.98825e-05 0.000376 49
rVSVOmicron	533	A	129128	0.999572	0.000118147	1.79894e-05	0.000291478 0.000428 55
rVSVOmicron	534	G	125569	3.19207e-05	0.000220452	9.22707e-06	0.999738 0.000262 33
rVSVOmicron	535	G	126012	7.42918e-05	8.8096e-05	2.83614e-05	0.999809 0.000191 24
rVSVOmicron	536	G	125617	0.000190562	6.16085e-05	0	0.999748 0.000252 32
rVSVOmicron	537	C	125762	5.52753e-05	0.000177671	0.999758	9.1303e-06 0.000242 30
rVSVOmicron	538	A	125422	0.999848	2.99598e-05	2.59652e-05	9.56217e-05 0.000152 19
rVSVOmicron	539	A	125466	0.999891	3.38318e-05	4.63236e-05	2.88872e-05 0.000109 14
