rVSVOmicron	8	T	9981	0.000116879	0.999435	0.000116879	0.000331683 0.000565 6
rVSVOmicron	9	G	10780	0	0.000107916	0	0.999892 0.000108 1
rVSVOmicron	12	C	12551	0.000128597	9.15019e-05	0.99978	0 0.00022 3
rVSVOmicron	13	C	13270	0	0.000361978	0.999638	0 0.000362 5
rVSVOmicron	15	C	14786	0	0.000261546	0.999738	0 0.000262 4
rVSVOmicron	16	G	15745	0.000144168	4.87055e-05	0	0.999807 0.000193 3
rVSVOmicron	17	T	16462	0	0.999732	0.000268112	0 0.000268 4
rVSVOmicron	18	G	17400	0.000194832	6.49438e-05	0	0.99974 0.00026 5
rVSVOmicron	19	C	18064	0	0.000124423	0.999876	0 0.000124 2
rVSVOmicron	20	T	18831	0	0.999881	0.000118578	0 0.000119 2
rVSVOmicron	21	C	19849	0.000177555	7.95935e-05	0.999743	0 0.000257 5
rVSVOmicron	23	T	21237	1.84844e-05	0.999227	0.000702408	5.26095e-05 0.000773 16
rVSVOmicron	24	G	22261	0.000309543	5.04542e-05	0	0.99964 0.00036 8
rVSVOmicron	25	C	22840	0	0.000196933	0.999803	0 0.000197 4
rVSVOmicron	26	C	23060	4.87057e-05	1.71128e-05	0.999885	4.87057e-05 0.000115 3
rVSVOmicron	27	T	23744	5.99525e-05	0.999506	0.000433699	0 0.000494 12
rVSVOmicron	28	C	24366	4.56197e-05	9.12394e-05	0.999863	0 0.000137 3
rVSVOmicron	29	T	25058	0	0.999867	0.000133443	0 0.000133 3
rVSVOmicron	30	G	26182	0.000128721	4.29072e-05	4.29072e-05	0.999785 0.000215 6
rVSVOmicron	31	G	26730	0.000148533	4.19521e-05	0	0.99981 0.00019 5
rVSVOmicron	32	T	27412	0	0.999937	0	6.30328e-05 6.3e-05 2
rVSVOmicron	33	G	28306	0.000157939	3.94849e-05	0	0.999803 0.000197 6
rVSVOmicron	34	T	28864	0	0.999826	0.000173796	0 0.000174 5
rVSVOmicron	35	C	29566	0	0.000150286	0.99985	0 0.00015 4
rVSVOmicron	37	A	31639	0.99993	3.51461e-05	0	3.51461e-05 7e-05 2
rVSVOmicron	38	G	32264	0.000168561	0.000261124	7.21013e-05	0.999498 0.000502 16
rVSVOmicron	39	C	33086	6.75805e-05	0.000278541	0.999654	0 0.000346 11
rVSVOmicron	40	C	34052	6.55122e-05	9.82683e-05	0.999804	3.18708e-05 0.000196 7
rVSVOmicron	41	A	34995	0.999738	3.19347e-05	0	0.000229753 0.000262 9
rVSVOmicron	42	G	35772	0.000737332	0	3.12859e-05	0.999231 0.000769 28
rVSVOmicron	43	T	36409	0	0.999411	3.68683e-05	0.000552187 0.000589 21
rVSVOmicron	44	G	36160	0	3.11194e-05	0	0.999969 3.1e-05 1
rVSVOmicron	45	C	36993	6.75231e-05	0.000723815	0.999178	3.04677e-05 0.000822 30
rVSVOmicron	46	G	38585	0.000564028	0.000128224	5.82121e-05	0.99925 0.00075 29
rVSVOmicron	47	T	39814	2.84592e-05	0.99965	0.000321512	0 0.00035 14
rVSVOmicron	48	G	41492	0.000215743	0.000119533	0	0.999665 0.000335 14
rVSVOmicron	49	A	43218	0.999896	2.60509e-05	5.21019e-05	2.60509e-05 0.000104 4
rVSVOmicron	50	A	45092	0.999891	0	0	0.000109087 0.000109 5
rVSVOmicron	51	C	46849	2.38977e-05	0.000119489	0.999809	4.77954e-05 0.000191 9
rVSVOmicron	52	C	38113	5.90001e-05	5.90001e-05	0.999882	0 0.000118 4
rVSVOmicron	53	T	38841	6.30961e-05	0.999613	0.000324049	0 0.000387 15
rVSVOmicron	54	G	39671	0.000213277	5.69765e-05	0	0.99973 0.00027 11
rVSVOmicron	55	A	40424	0.999647	0	0.00014467	0.000208295 0.000353 14
rVSVOmicron	56	C	41213	2.7431e-05	0.000253551	0.999524	0.000194982 0.000476 20
rVSVOmicron	57	C	42166	2.68525e-05	8.05574e-05	0.999746	0.0001466 0.000254 11
rVSVOmicron	58	A	43100	0.999965	0	0	3.4997e-05 3.5e-05 2
rVSVOmicron	59	C	43939	0	0.000138682	0.999861	0 0.000139 6
rVSVOmicron	60	A	44913	0.999579	2.51817e-05	2.51817e-05	0.00037092 0.000421 19
rVSVOmicron	61	C	45746	2.46765e-05	0.000831664	0.999119	2.46765e-05 0.000881 40
rVSVOmicron	62	G	46851	0.000152246	7.31573e-05	1.97722e-05	0.999755 0.000245 11
rVSVOmicron	63	G	47025	2.42566e-05	2.42566e-05	2.42566e-05	0.999927 7.3e-05 3
rVSVOmicron	64	A	47201	0.999882	0	0	0.000118186 0.000118 6
rVSVOmicron	65	C	48003	3.19845e-05	0.000118343	0.99985	0 0.00015 7
rVSVOmicron	66	C	48958	6.95885e-05	0.000132154	0.999775	2.36218e-05 0.000225 11
rVSVOmicron	67	C	49885	2.30387e-05	0.000189914	0.999787	0 0.000213 11
rVSVOmicron	68	A	50878	0.999733	2.25781e-05	0	0.000244698 0.000267 14
rVSVOmicron	69	G	51583	0.000619359	6.65526e-05	0.000133105	0.999181 0.000819 42
rVSVOmicron	70	C	52227	0.000174118	0.000239412	0.999586	0 0.000414 22
rVSVOmicron	71	T	52963	8.5951e-05	0.994989	0.00492534	0 0.005011 265
rVSVOmicron	72	C	54379	2.09457e-05	8.88776e-05	0.999785	0.000104728 0.000215 12
rVSVOmicron	73	C	55491	0.00014796	0.000104079	0.999748	0 0.000252 14
rVSVOmicron	74	C	55239	0.000129751	0.00756208	0.992308	0 0.007692 425
rVSVOmicron	75	T	55861	0	0.996068	0.00389322	3.86068e-05 0.003932 220
rVSVOmicron	76	C	56873	4.01273e-05	2.00637e-05	0.99994	0 6e-05 3
rVSVOmicron	77	C	57881	2.43084e-05	0.00014531	0.999732	9.88542e-05 0.000268 16
rVSVOmicron	78	C	58877	0.000142312	0.000122665	0.999686	4.88535e-05 0.000314 18
rVSVOmicron	79	G	59940	0.000475337	6.39677e-05	3.84846e-05	0.999422 0.000578 35
rVSVOmicron	80	C	60987	6.10603e-05	4.17245e-05	0.999897	0 0.000103 6
rVSVOmicron	81	C	60675	9.93415e-05	0.00012853	0.999753	1.89466e-05 0.000247 15
rVSVOmicron	82	T	61346	0.000111826	0.998896	0.000973393	1.88071e-05 0.001104 68
rVSVOmicron	83	A	62701	0.999944	3.71141e-05	0	1.85571e-05 5.6e-05 4
rVSVOmicron	84	C	63565	0	0.00012647	0.999874	0 0.000126 8
rVSVOmicron	85	A	64479	0.999964	1.79355e-05	0	1.79355e-05 3.6e-05 2
rVSVOmicron	86	C	65346	1.76091e-05	0.00014468	0.999838	0 0.000162 11
rVSVOmicron	87	A	66310	0.999884	0	0	0.000115706 0.000116 8
rVSVOmicron	88	A	67138	0.999977	0	2.25477e-05	0 2.3e-05 2
rVSVOmicron	89	A	67263	0.999963	0	3.70124e-05	0 3.7e-05 2
rVSVOmicron	90	C	67544	5.17985e-05	3.87322e-05	0.999909	0 9.1e-05 6
rVSVOmicron	91	T	68172	1.69825e-05	0.999926	5.04884e-05	6.88478e-06 7.4e-05 5
rVSVOmicron	92	C	69016	3.34883e-05	4.75172e-05	0.999919	0 8.1e-05 6
rVSVOmicron	93	T	69628	1.71584e-05	0.999655	0.000306996	2.1332e-05 0.000345 24
rVSVOmicron	94	T	70506	1.70417e-05	0.999894	7.23122e-05	1.70417e-05 0.000106 7
rVSVOmicron	95	T	71394	0	0.999951	4.91367e-05	0 4.9e-05 3
rVSVOmicron	96	C	72615	3.19646e-05	8.37992e-05	0.999884	0 0.000116 8
rVSVOmicron	97	A	73624	0.999915	0	0	8.47542e-05 8.5e-05 6
rVSVOmicron	98	C	74552	0	0.000299498	0.9997	0 0.0003 22
rVSVOmicron	99	C	75522	8.18485e-05	0.000252296	0.999666	0 0.000334 25
rVSVOmicron	100	C	76539	0.00019577	8.08073e-05	0.999646	7.70585e-05 0.000354 27
rVSVOmicron	101	G	77650	0.000251767	4.52203e-05	0.000708858	0.998994 0.001006 78
rVSVOmicron	102	G	78595	9.39892e-05	3.01091e-05	1.50546e-05	0.999861 0.000139 11
rVSVOmicron	103	G	79568	3.34856e-05	6.61643e-05	1.21032e-05	0.999888 0.000112 9
rVSVOmicron	104	G	80302	0.00010342	4.79164e-05	1.39756e-05	0.999835 0.000165 13
rVSVOmicron	105	C	81239	3.22153e-05	0.000885338	0.999047	3.53204e-05 0.000953 77
rVSVOmicron	106	G	82389	0.000910141	7.43441e-05	2.83581e-05	0.998987 0.001013 83
rVSVOmicron	107	T	83065	1.42709e-05	0.999929	5.70834e-05	0 7.1e-05 6
rVSVOmicron	108	G	84457	0.000148822	3.0739e-05	6.33523e-05	0.999757 0.000243 21
rVSVOmicron	109	T	85102	1.37634e-05	0.999754	0.000231746	0 0.000246 21
rVSVOmicron	110	A	86450	0.99983	1.3729e-05	1.29869e-05	0.000143598 0.00017 15
rVSVOmicron	111	C	87109	2.68336e-05	0.000180945	0.999792	0 0.000208 18
rVSVOmicron	112	T	87910	0	0.999507	0.000492785	0 0.000493 43
rVSVOmicron	113	A	88958	0.999889	0	1.65455e-05	9.45973e-05 0.000111 10
rVSVOmicron	114	C	89407	0.000124913	0.000119219	0.999743	1.31675e-05 0.000257 23
rVSVOmicron	115	C	90387	8.98862e-05	4.19232e-05	0.999868	0 0.000132 12
rVSVOmicron	116	C	91379	4.2267e-05	0.00014723	0.999797	1.30323e-05 0.000203 19
rVSVOmicron	117	C	92440	0.00033521	7.28262e-05	0.999553	3.8678e-05 0.000447 41
rVSVOmicron	118	G	93601	0.000381762	7.64207e-05	2.4905e-05	0.999517 0.000483 45
rVSVOmicron	119	A	94972	0.9998	6.70293e-05	0	0.000133053 0.0002 19
rVSVOmicron	120	C	96531	1.21722e-05	3.65167e-05	0.999939	1.18432e-05 6.1e-05 6
rVSVOmicron	121	A	98255	0.999738	7.3481e-05	2.41627e-05	0.000164505 0.000262 26
rVSVOmicron	122	A	100253	0.999724	1.20526e-05	0.000150495	0.000113686 0.000276 28
rVSVOmicron	123	G	100659	0.000131343	9.77064e-05	2.65889e-05	0.999744 0.000256 26
rVSVOmicron	124	G	95388	5.31221e-05	1.25192e-05	0	0.999934 6.6e-05 6
rVSVOmicron	125	T	96033	4.90688e-05	0.999843	0.000107818	0 0.000157 15
rVSVOmicron	126	G	97464	0.000149825	1.22104e-05	2.44208e-05	0.999814 0.000186 18
rVSVOmicron	127	T	98100	0	0.999947	5.27897e-05	0 5.3e-05 5
rVSVOmicron	128	T	99062	0	0.99991	9.03666e-05	0 9e-05 9
rVSVOmicron	129	C	100442	3.56303e-05	0.000233042	0.99969	4.10872e-05 0.00031 31
rVSVOmicron	130	C	101460	6.60062e-05	0.000227036	0.999669	3.82645e-05 0.000331 34
rVSVOmicron	131	G	102894	0.000124916	0.000119882	3.55556e-05	0.99972 0.00028 29
rVSVOmicron	132	G	103391	0.00010989	3.47515e-05	0	0.999855 0.000145 15
rVSVOmicron	133	T	97458	6.16519e-05	0.999849	8.96452e-05	0 0.000151 15
rVSVOmicron	134	C	98110	5.45595e-05	8.67694e-05	0.999859	0 0.000141 14
rVSVOmicron	135	T	98802	1.20849e-05	0.999934	4.2134e-05	1.20849e-05 6.6e-05 7
rVSVOmicron	136	A	100742	0.999874	2.41221e-05	0	0.00010203 0.000126 13
rVSVOmicron	137	G	98793	5.56953e-05	8.05233e-05	0	0.999864 0.000136 13
rVSVOmicron	138	C	99801	3.91763e-05	0.000523003	0.999428	9.79406e-06 0.000572 57
rVSVOmicron	139	G	100719	0.00107087	1.19524e-05	0	0.998917 0.001083 109
rVSVOmicron	140	T	101295	1.18809e-05	0.999914	2.66518e-05	4.75237e-05 8.6e-05 9
rVSVOmicron	141	G	102486	0.000181656	0.000439848	3.52514e-05	0.999343 0.000657 67
rVSVOmicron	142	C	103011	7.3017e-05	0.000108103	0.999819	0 0.000181 19
rVSVOmicron	143	T	103635	0	0.99964	0.0003603	0 0.00036 37
rVSVOmicron	144	C	105155	2.70014e-05	0.000187769	0.999752	3.3519e-05 0.000248 26
rVSVOmicron	145	C	105967	5.69841e-05	9.76431e-05	0.999811	3.48065e-05 0.000189 20
rVSVOmicron	146	A	105955	0.99992	2.54317e-05	3.18662e-05	2.26741e-05 8e-05 8
rVSVOmicron	147	C	106105	4.99403e-05	0.000131855	0.999818	0 0.000182 19
rVSVOmicron	148	T	106414	6.17492e-05	0.99986	7.84793e-05	0 0.00014 15
rVSVOmicron	149	C	106274	6.11338e-05	2.28875e-05	0.999905	1.11426e-05 9.5e-05 10
rVSVOmicron	150	T	106515	1.12194e-05	0.999776	0.000212561	0 0.000224 24
rVSVOmicron	151	A	107677	0.999916	2.23799e-05	0	6.13934e-05 8.4e-05 9
rVSVOmicron	152	C	108512	4.37729e-05	0.000139304	0.999817	0 0.000183 20
rVSVOmicron	153	A	108677	0.99988	0	0	0.000119774 0.00012 13
rVSVOmicron	154	C	110011	0.00011415	9.26013e-05	0.999783	1.07744e-05 0.000217 24
rVSVOmicron	155	A	110500	0.999633	2.43261e-05	1.26027e-05	0.000330014 0.000367 41
rVSVOmicron	156	G	112485	0.000221553	0.000119673	0	0.999659 0.000341 38
rVSVOmicron	157	G	114185	0.000107498	1.04394e-05	6.26364e-05	0.999819 0.000181 21
rVSVOmicron	158	A	115465	0.999936	1.02507e-05	0	5.37468e-05 6.4e-05 7
rVSVOmicron	159	C	117525	0.000985755	0.000119486	0.985237	0.0136578 0.014763 1735
rVSVOmicron	160	C	101935	3.49709e-05	0.000218017	0.999747	0 0.000253 26
rVSVOmicron	161	T	102406	5.16818e-05	0.999427	0.000498138	2.30389e-05 0.000573 59
rVSVOmicron	162	G	103586	9.86386e-05	0	1.14768e-05	0.99989 0.00011 11
rVSVOmicron	163	T	103837	2.51792e-05	0.983686	0.000123854	0.0161647 0.016314 1694
rVSVOmicron	164	T	104104	0	0.985099	0.000153185	0.0147473 0.014901 1551
rVSVOmicron	165	C	106159	6.27071e-05	8.21889e-05	0.999816	3.9268e-05 0.000184 20
rVSVOmicron	166	C	103064	0.000112229	0.000253059	0.999635	0 0.000365 38
rVSVOmicron	167	T	103057	1.38414e-05	0.998968	0.00100673	1.13807e-05 0.001032 106
rVSVOmicron	168	C	104101	2.54817e-05	7.09189e-05	0.999894	9.51726e-06 0.000106 11
rVSVOmicron	169	C	104510	0.000123714	5.76499e-05	0.999819	0 0.000181 19
rVSVOmicron	170	C	104529	0.000110709	0.000110401	0.999756	2.27568e-05 0.000244 26
rVSVOmicron	171	T	104552	5.11728e-05	0.999607	0.000271277	7.0902e-05 0.000393 41
rVSVOmicron	172	T	105274	1.17571e-05	0.9998	0.000187796	0 0.0002 21
rVSVOmicron	173	T	105651	0	0.999906	8.23814e-05	1.12893e-05 9.4e-05 10
rVSVOmicron	174	C	105617	7.71957e-05	0.000138772	0.999762	2.25279e-05 0.000238 25
rVSVOmicron	175	T	105671	1.12546e-05	0.999873	0.000115284	0 0.000127 13
rVSVOmicron	176	T	106978	0	0.99994	6.04904e-05	0 6e-05 6
rVSVOmicron	177	C	107806	2.43814e-05	0.000154807	0.999788	3.26065e-05 0.000212 23
rVSVOmicron	178	A	107197	0.999663	1.1e-05	0.00012219	0.000203352 0.000337 36
rVSVOmicron	179	G	107892	0.000133744	5.90482e-05	4.36956e-05	0.999763 0.000237 26
rVSVOmicron	180	C	108846	8.08923e-05	0.000193032	0.999715	1.08051e-05 0.000285 31
rVSVOmicron	181	A	108955	0.999775	2.14008e-05	0.000182485	2.14008e-05 0.000225 25
rVSVOmicron	182	A	109376	0.999895	0	2.95569e-05	7.537e-05 0.000105 11
rVSVOmicron	183	C	110216	3.70622e-05	0.000201687	0.999697	6.43561e-05 0.000303 33
rVSVOmicron	184	G	109451	0.000217225	2.14902e-05	0	0.999761 0.000239 26
rVSVOmicron	185	T	110031	3.2102e-05	0.999869	9.8909e-05	0 0.000131 14
rVSVOmicron	186	G	111132	0.000137291	1.0539e-05	1.0539e-05	0.999842 0.000158 18
rVSVOmicron	187	A	111473	0.999848	1.04845e-05	0	0.000141399 0.000152 17
rVSVOmicron	188	C	112361	1.04444e-05	0.000151867	0.999817	2.08888e-05 0.000183 21
rVSVOmicron	189	A	106663	0.999736	1.10833e-05	3.32499e-05	0.000219569 0.000264 28
rVSVOmicron	190	T	107007	1.09829e-05	0.999871	3.29486e-05	8.48946e-05 0.000129 14
rVSVOmicron	191	G	107954	0.000149892	6.16681e-05	1.09173e-05	0.999777 0.000223 24
rVSVOmicron	192	G	107691	9.55564e-05	2.01171e-05	0	0.999884 0.000116 12
rVSVOmicron	193	T	107801	1.13195e-05	0.99985	0.000127268	1.13195e-05 0.00015 16
rVSVOmicron	194	T	108235	0	0.999907	8.2149e-05	1.08168e-05 9.3e-05 10
rVSVOmicron	195	C	108982	3.00764e-05	0.000228347	0.999742	0 0.000258 28
rVSVOmicron	196	C	109389	4.29202e-05	0.000202131	0.999712	4.29202e-05 0.000288 32
rVSVOmicron	197	A	109340	0.999662	2.1425e-05	0	0.000317033 0.000338 37
rVSVOmicron	198	C	109970	1.06343e-05	0.000176471	0.999789	2.38552e-05 0.000211 23
rVSVOmicron	199	G	110447	0.000652794	0.00015767	0	0.99919 0.00081 89
rVSVOmicron	200	T	110570	1.07675e-05	0.999864	0.000104183	2.15351e-05 0.000136 15
rVSVOmicron	201	G	111186	0.000110247	4.20529e-05	5.59758e-05	0.999792 0.000208 23
rVSVOmicron	202	A	110863	0.999963	0	5.93753e-06	3.13841e-05 3.7e-05 4
rVSVOmicron	203	T	110194	0	0.99992	7.95441e-05	0 8e-05 9
rVSVOmicron	204	C	109389	4.2503e-05	0.000119181	0.999828	1.06258e-05 0.000172 19
rVSVOmicron	205	T	109575	1.0599e-05	0.999836	0.000142943	1.0599e-05 0.000164 18
rVSVOmicron	206	C	108147	4.3988e-05	0.000101578	0.999833	2.14152e-05 0.000167 18
rVSVOmicron	207	T	108257	2.40565e-05	0.999775	0.000182307	1.91292e-05 0.000225 24
rVSVOmicron	208	G	109449	9.07258e-05	8.00352e-05	2.13812e-05	0.999808 0.000192 21
rVSVOmicron	209	G	109733	0.000457107	6.37757e-05	1.32746e-05	0.999466 0.000534 59
rVSVOmicron	210	C	110104	4.20168e-05	0.000292974	0.999654	1.05757e-05 0.000346 38
rVSVOmicron	211	A	110193	0.999882	2.07304e-05	0	9.71204e-05 0.000118 13
rVSVOmicron	212	C	110890	2.0908e-05	0.000122623	0.999856	0 0.000144 16
rVSVOmicron	213	A	110794	0.999855	1.3577e-05	0	0.000131244 0.000145 16
rVSVOmicron	214	A	111073	0.999665	6.85558e-06	7.39831e-05	0.000253656 0.000335 37
rVSVOmicron	215	A	111283	0.999921	1.08728e-05	2.17455e-05	4.61358e-05 7.9e-05 9
rVSVOmicron	216	C	111893	1.03529e-05	0.000291279	0.999698	0 0.000302 34
rVSVOmicron	217	G	110789	7.68459e-05	0.00099699	2.17921e-05	0.998904 0.001096 121
rVSVOmicron	218	G	110935	0.000587908	9.50357e-05	2.1119e-05	0.999296 0.000704 78
rVSVOmicron	219	C	111178	4.25812e-05	0.000286507	0.999671	0 0.000329 37
rVSVOmicron	220	A	110652	0.999948	7.62609e-06	1.04506e-05	3.36113e-05 5.2e-05 6
rVSVOmicron	221	C	110894	3.13145e-05	4.68306e-05	0.999922	0 7.8e-05 9
rVSVOmicron	222	A	111685	0.999626	0.00028039	0	9.34632e-05 0.000374 42
rVSVOmicron	223	A	111978	0.9999	1.02841e-05	4.19934e-05	4.74212e-05 0.0001 11
rVSVOmicron	224	A	111924	0.999634	3.17799e-05	0.000175219	0.000158613 0.000366 41
rVSVOmicron	225	G	112445	2.3441e-05	6.49569e-05	1.04496e-05	0.999901 9.9e-05 11
rVSVOmicron	226	C	113131	1.27637e-05	0.00039956	0.999567	2.05329e-05 0.000433 49
rVSVOmicron	227	G	113760	0.00193151	4.09723e-05	3.07292e-05	0.997997 0.002003 228
rVSVOmicron	228	G	113943	8.67756e-05	3.06754e-05	2.04503e-05	0.999862 0.000138 16
rVSVOmicron	229	T	113832	2.04287e-05	0.99989	7.89542e-05	1.02144e-05 0.00011 13
rVSVOmicron	230	T	113909	2.03675e-05	0.999905	6.41301e-05	1.01838e-05 9.5e-05 11
rVSVOmicron	231	C	114630	3.06849e-05	0.000142291	0.999827	0 0.000173 20
rVSVOmicron	232	G	114976	0.000234099	8.28475e-05	4.52391e-05	0.999638 0.000362 42
rVSVOmicron	233	A	114873	0.999873	3.30809e-05	0	9.41326e-05 0.000127 15
rVSVOmicron	234	C	115532	9.93571e-06	0.000121645	0.999845	2.30938e-05 0.000155 18
rVSVOmicron	235	A	115621	0.999917	1.00402e-05	0	7.2724e-05 8.3e-05 10
rVSVOmicron	236	A	115303	0.99988	1.01409e-05	1.58965e-05	9.37347e-05 0.00012 14
rVSVOmicron	237	C	115303	4.94507e-05	0.000117106	0.999813	2.01063e-05 0.000187 22
rVSVOmicron	238	C	116826	5.9841e-05	0.000219147	0.999691	2.99205e-05 0.000309 36
rVSVOmicron	239	C	116829	0.000117939	0.000128734	0.999744	9.71577e-06 0.000256 30
rVSVOmicron	240	C	117273	0.000113807	0.000166148	0.99968	3.97252e-05 0.00032 38
rVSVOmicron	241	G	117635	0.000355092	7.69057e-06	9.81211e-06	0.999627 0.000373 44
rVSVOmicron	242	T	117573	0	0.999915	7.47599e-05	9.98598e-06 8.5e-05 10
rVSVOmicron	243	G	118349	0.000295139	7.97532e-05	1.94136e-05	0.999606 0.000394 47
rVSVOmicron	244	C	118260	6.07612e-05	0.000160452	0.999779	0 0.000221 26
rVSVOmicron	245	T	118302	0	0.99964	0.000350044	9.63663e-06 0.00036 43
rVSVOmicron	246	C	119549	4.81404e-05	9.62807e-05	0.998218	0.00163781 0.001782 213
rVSVOmicron	247	C	119854	4.12094e-05	0.000197385	0.999752	9.71178e-06 0.000248 30
rVSVOmicron	248	C	119484	0.000128313	0.000181995	0.99969	0 0.00031 37
rVSVOmicron	249	T	119302	0	0.999599	0.00034981	5.07578e-05 0.000401 48
rVSVOmicron	250	T	119638	9.8081e-06	0.999845	0.000119023	2.59782e-05 0.000155 19
rVSVOmicron	251	T	119629	2.92284e-05	0.999932	3.89712e-05	0 6.8e-05 8
rVSVOmicron	252	C	119804	1.9186e-05	5.26319e-05	0.999928	0 7.2e-05 9
rVSVOmicron	253	A	119652	0.999743	9.68312e-06	0	0.000247312 0.000257 31
rVSVOmicron	254	A	119897	0.999875	0	0	0.000124816 0.000125 15
rVSVOmicron	255	C	120586	4.01447e-05	0.0381505	0.961809	0 0.038191 4605
rVSVOmicron	256	G	121216	0.000312523	5.94179e-05	2.85515e-05	0.9996 0.0004 48
rVSVOmicron	257	A	120854	0.999828	0	3.6258e-05	0.000135517 0.000172 21
rVSVOmicron	258	C	120326	2.84104e-05	0.000243664	0.999728	0 0.000272 33
rVSVOmicron	259	G	120605	0.000156429	6.69669e-05	1.91334e-05	0.999757 0.000243 29
rVSVOmicron	260	G	120851	0.00012588	4.00761e-05	0	0.999834 0.000166 20
rVSVOmicron	261	C	121187	6.65556e-05	0.000316458	0.999598	1.88702e-05 0.000402 49
rVSVOmicron	262	G	119750	0.000912402	4.05111e-05	9.5472e-06	0.999038 0.000962 115
rVSVOmicron	263	T	119582	9.76513e-06	0.999881	9.97627e-05	9.76513e-06 0.000119 14
rVSVOmicron	264	G	120411	0.000106889	4.03402e-05	2.64652e-05	0.999826 0.000174 21
rVSVOmicron	265	T	120300	9.47264e-06	0.999907	4.96673e-05	3.37943e-05 9.3e-05 11
rVSVOmicron	266	A	120880	0.999829	9.37165e-06	3.48834e-05	0.000126778 0.000171 21
rVSVOmicron	267	C	121067	9.95392e-05	0.00016111	0.99973	9.49214e-06 0.00027 33
rVSVOmicron	268	T	120905	3.92158e-05	0.9997	0.000167992	9.30051e-05 0.0003 36
rVSVOmicron	269	T	117850	9.83143e-06	0.999958	3.18857e-05	0 4.2e-05 5
rVSVOmicron	270	C	118903	0.000144746	7.95453e-05	0.999776	0 0.000224 27
rVSVOmicron	271	G	119528	0.000354368	9.69076e-06	9.69076e-06	0.999626 0.000374 45
rVSVOmicron	272	C	119922	6.21961e-05	0.000272466	0.999665	0 0.000335 40
rVSVOmicron	273	C	120468	4.78751e-05	6.28846e-05	0.99987	1.915e-05 0.00013 16
rVSVOmicron	274	A	120167	0.999776	9.61103e-06	0	0.0002143 0.000224 27
rVSVOmicron	275	G	120849	0.000378355	9.5297e-06	0	0.999612 0.000388 47
rVSVOmicron	276	C	121633	5.69613e-05	0.000178325	0.999765	0 0.000235 29
rVSVOmicron	277	A	121671	0.999945	9.45953e-06	1.68738e-05	2.83786e-05 5.5e-05 7
rVSVOmicron	278	T	122063	2.11552e-05	0.999234	0.000736863	7.64645e-06 0.000766 94
rVSVOmicron	279	A	121528	0.997694	0	0.00205992	0.00024556 0.002306 280
rVSVOmicron	280	G	122276	3.82886e-05	7.16617e-05	8.87364e-05	0.999801 0.000199 24
rVSVOmicron	281	A	122272	0.999934	1.87726e-05	0	4.69314e-05 6.6e-05 8
rVSVOmicron	282	G	122957	4.71999e-05	7.52646e-05	4.71999e-05	0.99983 0.00017 21
rVSVOmicron	283	A	123650	0.999923	9.40302e-06	0	6.81083e-05 7.7e-05 10
rVSVOmicron	284	A	123231	0.999894	9.65557e-06	2.89667e-05	6.78499e-05 0.000106 13
rVSVOmicron	285	G	123961	0.000186446	3.73396e-05	4.66745e-05	0.99973 0.00027 33
rVSVOmicron	286	T	124393	0	0.999951	3.96622e-05	9.34715e-06 4.9e-05 6
rVSVOmicron	287	C	124424	2.98583e-05	5.49493e-05	0.999887	2.7851e-05 0.000113 14
rVSVOmicron	288	T	124514	0	0.999909	9.11124e-05	0 9.1e-05 11
rVSVOmicron	289	A	125557	0.999778	2.3885e-05	5.5234e-05	0.000142563 0.000222 28
rVSVOmicron	290	A	125976	0.999886	2.77426e-05	2.74927e-06	8.32279e-05 0.000114 14
rVSVOmicron	291	C	126802	6.37053e-05	3.6403e-05	0.999891	9.10076e-06 0.000109 14
rVSVOmicron	292	A	124689	0.999963	1.84838e-05	0	1.8234e-05 3.7e-05 5
rVSVOmicron	293	T	125011	0	0.999924	6.67789e-05	9.4306e-06 7.6e-05 10
rVSVOmicron	294	T	125411	1.87286e-05	0.999843	0.000119964	1.87286e-05 0.000157 20
rVSVOmicron	295	A	125817	0.999924	0	2.65271e-05	4.94832e-05 7.6e-05 10
rVSVOmicron	296	T	126013	2.07777e-05	0.999933	4.63116e-05	0 6.7e-05 8
rVSVOmicron	297	C	126744	2.73056e-05	0.000104549	0.99985	1.82038e-05 0.00015 19
rVSVOmicron	298	C	127132	6.39565e-05	0.000362996	0.999564	9.13664e-06 0.000436 55
rVSVOmicron	299	G	127605	0.000229567	2.04005e-05	0.00010741	0.999643 0.000357 46
rVSVOmicron	300	G	127954	0.000118547	4.09975e-05	1.13608e-05	0.999829 0.000171 22
rVSVOmicron	301	G	126869	0.000110125	2.75312e-05	9.17705e-06	0.999853 0.000147 19
rVSVOmicron	302	G	126659	0.000211293	2.78601e-05	1.82447e-05	0.999743 0.000257 33
rVSVOmicron	303	C	126167	6.43212e-05	0.000141156	0.999765	3.00332e-05 0.000235 30
rVSVOmicron	304	T	124866	0	0.999562	0.000407521	3.00569e-05 0.000438 55
rVSVOmicron	305	G	126307	0.000268475	5.51224e-05	4.77399e-05	0.999629 0.000371 47
rVSVOmicron	306	G	126549	6.64442e-05	8.97493e-05	2.75198e-05	0.999816 0.000184 23
rVSVOmicron	307	A	126534	0.999867	1.44291e-05	0	0.000118857 0.000133 17
rVSVOmicron	308	T	126775	0	0.999943	5.52249e-05	1.74133e-06 5.7e-05 7
rVSVOmicron	309	T	127074	0	0.999938	5.32332e-05	9.16107e-06 6.2e-05 8
rVSVOmicron	310	T	127476	9.08517e-06	0.999852	0.000138733	0 0.000148 19
rVSVOmicron	311	T	126601	9.61437e-06	0.999936	5.44814e-05	0 6.4e-05 8
rVSVOmicron	312	C	127134	5.66239e-05	0.000153832	0.999772	1.79836e-05 0.000228 29
rVSVOmicron	313	G	126574	0.000208164	3.90152e-05	5.67943e-05	0.999696 0.000304 38
rVSVOmicron	314	G	126207	0.000180488	5.4543e-05	0	0.999765 0.000235 30
rVSVOmicron	315	C	126500	4.34095e-05	0.000190315	0.999766	0 0.000234 30
rVSVOmicron	316	A	125375	0.999857	2.99366e-05	1.12876e-05	0.000101588 0.000143 18
rVSVOmicron	317	C	126029	3.62427e-05	6.34246e-05	0.999884	1.64071e-05 0.000116 15
rVSVOmicron	318	C	126341	4.51149e-05	0.000157286	0.999764	3.3528e-05 0.000236 30
rVSVOmicron	319	A	126373	0.999853	8.92975e-06	8.35052e-05	5.40612e-05 0.000147 19
rVSVOmicron	320	C	127051	9.11463e-05	1.79384e-05	0.999884	7.27231e-06 0.000116 15
rVSVOmicron	321	A	126642	0.999825	6.66699e-06	0.00011087	5.70398e-05 0.000175 22
rVSVOmicron	322	C	126872	1.76254e-05	3.62167e-05	0.999937	8.93344e-06 6.3e-05 8
rVSVOmicron	323	T	126758	9.04443e-06	0.999919	7.23554e-05	0 8.1e-05 10
rVSVOmicron	324	C	127948	0.000176175	0.000111193	0.999643	6.93149e-05 0.000357 46
rVSVOmicron	325	G	128273	0.000835042	4.47387e-05	1.11242e-05	0.999109 0.000891 114
rVSVOmicron	326	A	127571	0.999971	8.8929e-06	0	1.99489e-05 2.9e-05 4
rVSVOmicron	327	C	127871	1.78507e-05	0.000129056	0.999842	1.10964e-05 0.000158 20
rVSVOmicron	328	T	127676	8.92674e-06	0.9999	8.22708e-05	8.92674e-06 0.0001 13
rVSVOmicron	329	C	127907	8.86792e-06	1.77358e-05	0.999973	0 2.7e-05 3
rVSVOmicron	330	T	127894	3.00692e-05	0.99959	0.00037635	3.63741e-06 0.00041 52
rVSVOmicron	331	A	129187	0.999838	0	1.79266e-05	0.000143655 0.000162 21
rVSVOmicron	332	A	128649	0.999755	7.18833e-05	1.79708e-05	0.000154938 0.000245 32
rVSVOmicron	333	G	129150	1.79923e-05	0	1.79923e-05	0.999964 3.6e-05 5
rVSVOmicron	334	A	129859	0.999947	1.7611e-05	0	3.52219e-05 5.3e-05 7
rVSVOmicron	335	C	130392	1.74789e-05	5.55072e-05	0.999918	8.73944e-06 8.2e-05 11
rVSVOmicron	336	A	130265	0.999925	3.11758e-06	8.87312e-06	6.25915e-05 7.5e-05 10
rVSVOmicron	337	C	130965	1.73644e-05	0.000194998	0.999788	0 0.000212 28
rVSVOmicron	338	A	130373	0.999547	3.51612e-05	2.63709e-05	0.000391525 0.000453 59
rVSVOmicron	339	G	131037	0.000316868	0	0	0.999683 0.000317 42
rVSVOmicron	340	T	131196	4.3726e-05	0.999857	9.64337e-05	3.07264e-06 0.000143 19
rVSVOmicron	341	C	131863	3.59377e-05	0.000111571	0.999841	1.17444e-05 0.000159 21
rVSVOmicron	342	C	132330	0.000118636	0.000178073	0.999693	1.02232e-05 0.000307 41
rVSVOmicron	343	C	131820	5.41824e-05	5.20714e-05	0.999885	8.67856e-06 0.000115 15
rVSVOmicron	344	T	131690	1.72176e-05	0.999731	0.000252215	0 0.000269 35
rVSVOmicron	345	C	133091	4.30136e-05	3.44109e-05	0.999895	2.79007e-05 0.000105 14
rVSVOmicron	346	C	132604	0.000115883	0.00013543	0.999731	1.72196e-05 0.000269 36
rVSVOmicron	347	T	132496	0	0.998427	0.00156432	8.65947e-06 0.001573 208
rVSVOmicron	348	G	133614	4.32353e-05	5.34083e-05	2.38141e-05	0.99988 0.00012 16
rVSVOmicron	349	A	126616	0.999945	1.79207e-05	0	3.68101e-05 5.5e-05 7
rVSVOmicron	350	T	126802	0	0.999956	2.77792e-05	1.65173e-05 4.4e-05 6
rVSVOmicron	351	T	126993	1.50741e-05	0.999923	3.64695e-05	2.50424e-05 7.7e-05 10
rVSVOmicron	352	G	125142	0.000547591	3.65555e-05	1.82777e-05	0.999398 0.000602 75
rVSVOmicron	353	T	125436	1.80934e-05	0.99994	4.22995e-05	0 6e-05 8
rVSVOmicron	354	G	126581	0.000157354	8.99861e-06	1.11875e-05	0.999822 0.000178 23
rVSVOmicron	355	A	127003	0.999914	9.02873e-06	0	7.66222e-05 8.6e-05 11
rVSVOmicron	356	A	127759	0.999889	1.78982e-05	1.49958e-05	7.76396e-05 0.000111 14
rVSVOmicron	357	C	128617	1.77376e-05	4.69806e-05	0.999926	9.34818e-06 7.4e-05 10
rVSVOmicron	358	A	127491	0.999919	8.96389e-06	0	7.17111e-05 8.1e-05 10
rVSVOmicron	359	A	127692	0.999952	0	9.08474e-06	3.85488e-05 4.8e-05 6
rVSVOmicron	360	C	128376	1.78185e-05	0.000366484	0.999607	8.90926e-06 0.000393 50
rVSVOmicron	361	G	128614	0.000367407	8.28846e-05	1.11482e-05	0.999539 0.000461 59
rVSVOmicron	362	C	128794	3.56947e-05	8.0313e-05	0.999884	0 0.000116 15
rVSVOmicron	363	C	129088	3.98308e-05	0.000137619	0.999787	3.52992e-05 0.000213 27
rVSVOmicron	364	A	128871	0.999822	0.000128716	1.70501e-05	3.26593e-05 0.000178 23
rVSVOmicron	365	C	129580	1.11432e-05	3.50891e-05	0.999954	0 4.6e-05 6
rVSVOmicron	366	A	129594	0.999865	8.86959e-06	5.34573e-05	7.31142e-05 0.000135 17
rVSVOmicron	367	A	129791	0.999935	2.66733e-05	8.39715e-06	2.9637e-05 6.5e-05 8
rVSVOmicron	368	A	127853	0.99997	9.36439e-06	9.36439e-06	1.16422e-05 3e-05 4
rVSVOmicron	369	C	128523	3.59415e-05	6.50832e-05	0.999845	5.41551e-05 0.000155 20
rVSVOmicron	370	G	125998	7.25925e-05	2.55919e-05	0	0.999902 9.8e-05 12
rVSVOmicron	371	T	125696	0.000141392	0.999819	3.99973e-05	0 0.000181 23
rVSVOmicron	372	G	125800	8.84879e-05	8.05783e-05	7.11858e-05	0.99976 0.00024 30
rVSVOmicron	373	G	125393	0.000143905	3.86867e-05	9.11726e-06	0.999808 0.000192 24
rVSVOmicron	374	T	125329	3.23406e-05	0.999907	6.01685e-05	0 9.3e-05 12
rVSVOmicron	375	G	126221	5.64765e-05	8.19032e-05	3.56951e-05	0.999826 0.000174 22
rVSVOmicron	376	A	126449	0.99994	0	0	6.01442e-05 6e-05 8
rVSVOmicron	377	T	126631	6.48765e-05	0.999888	4.68414e-05	0 0.000112 14
rVSVOmicron	378	T	127089	1.81654e-05	0.999941	3.24556e-05	8.71941e-06 5.9e-05 7
rVSVOmicron	379	A	127920	0.999447	8.98512e-06	8.74228e-06	0.000534979 0.000553 71
rVSVOmicron	380	A	127344	0.999312	0.000145007	0.000135065	0.000407863 0.000688 88
rVSVOmicron	381	G	128397	7.92033e-05	4.13024e-05	0	0.999879 0.000121 16
rVSVOmicron	382	G	125528	3.90746e-05	3.31014e-05	7.96426e-06	0.99992 8e-05 10
rVSVOmicron	383	T	124756	0	0.999847	0.000153244	0 0.000153 19
rVSVOmicron	384	G	123867	0.000235706	9.72757e-06	0	0.999755 0.000245 30
rVSVOmicron	385	T	123893	9.19496e-06	0.99988	0.000110837	0 0.00012 15
rVSVOmicron	386	G	124468	0.00427548	6.43209e-05	0	0.99566 0.00434 540
rVSVOmicron	387	C	123626	5.11954e-05	0.000910926	0.999008	3.00111e-05 0.000992 123
rVSVOmicron	388	G	124106	8.54036e-05	3.92058e-05	2.99662e-05	0.999845 0.000155 19
rVSVOmicron	389	A	123493	0.999917	1.66275e-05	9.18236e-06	5.73277e-05 8.3e-05 10
rVSVOmicron	390	G	124302	0.000296936	5.54578e-05	2.43716e-05	0.999623 0.000377 47
rVSVOmicron	391	T	124535	1.26292e-05	0.999941	2.80368e-05	1.86912e-05 5.9e-05 7
rVSVOmicron	392	T	124855	9.1306e-06	0.999822	0.00013918	2.96128e-05 0.000178 22
rVSVOmicron	393	C	125443	3.49982e-05	7.8246e-05	0.999852	3.52482e-05 0.000148 19
rVSVOmicron	394	C	125762	8.14181e-05	0.000233084	0.999621	6.4787e-05 0.000379 48
rVSVOmicron	395	A	125437	0.9997	2.73513e-05	2.9569e-05	0.000243205 0.0003 38
rVSVOmicron	396	G	126167	6.36481e-05	1.5542e-05	1.82557e-05	0.999903 9.7e-05 12
rVSVOmicron	397	T	126554	0.00206939	0.997855	7.23457e-05	3.51681e-06 0.002145 271
rVSVOmicron	398	T	126917	1.57691e-05	0.997959	0.00202534	0 0.002041 259
rVSVOmicron	399	C	125310	2.85481e-05	0.000107738	0.999816	4.81594e-05 0.000184 23
rVSVOmicron	400	T	125616	2.726e-05	0.999595	0.000368379	9.08667e-06 0.000405 51
rVSVOmicron	401	G	127307	0.000301874	9.04401e-06	0	0.999689 0.000311 40
rVSVOmicron	402	C	127884	4.96304e-05	0.000161055	0.999771	1.80032e-05 0.000229 29
rVSVOmicron	403	A	126790	0.999861	2.70529e-05	0	0.000112355 0.000139 18
rVSVOmicron	404	A	127438	0.9997	0	0.000219393	8.05181e-05 0.0003 38
rVSVOmicron	405	C	127994	5.07454e-05	0.000202496	0.999738	8.98364e-06 0.000262 34
rVSVOmicron	406	G	128957	0.000277371	5.90921e-05	1.78482e-05	0.999646 0.000354 46
rVSVOmicron	407	A	128505	0.999955	1.78582e-05	0	2.67873e-05 4.5e-05 6
rVSVOmicron	408	C	126767	1.83017e-05	6.40558e-05	0.999882	3.53667e-05 0.000118 15
rVSVOmicron	409	C	126708	7.34902e-05	0.00014698	0.99977	9.18627e-06 0.00023 29
rVSVOmicron	410	C	125753	0.404812	8.74036e-05	0.594845	0.000255487 0.405155 50949
rVSVOmicron	411	T	127704	9.33468e-06	0.999869	8.77964e-05	3.35544e-05 0.000131 17
rVSVOmicron	412	T	128422	1.87956e-05	0.99986	3.57889e-05	8.57388e-05 0.00014 18
rVSVOmicron	413	T	128849	0	0.999944	2.68209e-05	2.89956e-05 5.6e-05 7
rVSVOmicron	414	C	130125	0.000101097	6.0803e-05	0.999809	2.89538e-05 0.000191 25
rVSVOmicron	415	C	129460	9.6952e-05	6.31034e-05	0.999829	1.11217e-05 0.000171 22
rVSVOmicron	416	T	129632	3.58432e-05	0.999593	0.000356495	1.42889e-05 0.000407 53
rVSVOmicron	417	G	131262	0.000109693	2.16975e-05	6.29228e-05	0.999806 0.000194 25
rVSVOmicron	418	G	131352	0.000198524	9.36343e-05	4.26263e-05	0.999665 0.000335 44
rVSVOmicron	419	A	131671	0.999937	0	0	6.3035e-05 6.3e-05 8
rVSVOmicron	420	T	131914	0.00583464	0.994112	4.46077e-05	8.26069e-06 0.005888 777
rVSVOmicron	421	C	132762	5.64635e-05	2.61143e-05	0.999917	0 8.3e-05 11
rVSVOmicron	422	A	132620	0.999878	8.5301e-05	0	3.71585e-05 0.000122 16
rVSVOmicron	423	C	133222	8.67822e-06	5.41802e-05	0.999937	0 6.3e-05 8
rVSVOmicron	424	A	133083	0.9998	0	0	0.000200192 0.0002 27
rVSVOmicron	425	A	132489	0.999689	0	8.75748e-06	0.000302015 0.000311 41
rVSVOmicron	426	G	132800	8.92384e-05	0.000160147	3.73836e-05	0.999713 0.000287 38
rVSVOmicron	427	A	133563	0.999907	0	0	9.26591e-05 9.3e-05 12
rVSVOmicron	428	A	133785	0.999893	1.38371e-05	5.86317e-05	3.44754e-05 0.000107 14
rVSVOmicron	429	C	133686	1.72878e-05	7.82622e-05	0.999889	1.56524e-05 0.000111 15
rVSVOmicron	430	A	133475	0.999353	1.73288e-05	0	0.000629927 0.000647 86
rVSVOmicron	431	A	133707	0.999895	0	3.4583e-05	7.01134e-05 0.000105 14
rVSVOmicron	432	C	134450	7.14591e-05	1.72247e-05	0.999911	0 8.9e-05 12
rVSVOmicron	433	A	134387	0.999864	1.82386e-05	3.11975e-05	8.61532e-05 0.000136 18
rVSVOmicron	434	A	131474	0.999896	2.33518e-05	5.515e-05	2.5836e-05 0.000104 14
rVSVOmicron	435	G	132150	2.7421e-05	1.85277e-05	0	0.999954 4.6e-05 6
rVSVOmicron	436	T	132326	8.95516e-06	0.999964	2.68655e-05	0 3.6e-05 5
rVSVOmicron	437	C	130199	6.51356e-05	0	0.999917	1.79852e-05 8.3e-05 11
rVSVOmicron	438	T	129978	9.033e-06	0.999919	4.5165e-05	2.7099e-05 8.1e-05 11
rVSVOmicron	439	T	131159	0.000103981	0.999814	7.33839e-05	8.84432e-06 0.000186 24
rVSVOmicron	440	G	131872	0.000146488	9.31978e-05	1.76837e-05	0.999743 0.000257 34
rVSVOmicron	441	G	132140	6.15224e-05	5.48713e-05	8.64639e-05	0.999797 0.000203 27
rVSVOmicron	442	A	131941	0.999782	5.03052e-05	0	0.00016792 0.000218 29
rVSVOmicron	443	T	132163	2.61802e-05	0.999586	0.000388222	0 0.000414 55
rVSVOmicron	444	G	132871	0.000115299	8.99664e-05	2.74634e-05	0.999767 0.000233 31
rVSVOmicron	445	G	133004	2.92201e-05	5.27847e-05	5.49055e-05	0.999863 0.000137 18
rVSVOmicron	446	A	132357	0.999798	2.59244e-05	8.64146e-06	0.000167224 0.000202 27
rVSVOmicron	447	G	133034	0.00011382	3.45901e-05	0	0.999852 0.000148 20
rVSVOmicron	448	T	133099	2.75669e-05	0.995029	0.00494367	0 0.004971 662
rVSVOmicron	449	C	130639	6.177e-05	0.000240879	0.999671	2.64729e-05 0.000329 43
rVSVOmicron	450	T	130446	0.000110084	0.99953	0.000333804	2.62782e-05 0.00047 61
rVSVOmicron	451	G	132007	4.35669e-05	6.09936e-05	9.93796e-05	0.999796 0.000204 27
rVSVOmicron	452	A	131481	0.999601	8.80013e-05	1.75056e-05	0.000293574 0.000399 52
rVSVOmicron	453	G	132123	7.2267e-05	5.22582e-05	8.70971e-06	0.999867 0.000133 18
rVSVOmicron	454	T	132377	3.2358e-05	0.999921	4.66335e-05	0 7.9e-05 10
rVSVOmicron	455	T	132439	8.78653e-06	0.999908	8.31158e-05	0 9.2e-05 12
rVSVOmicron	456	C	133054	8.01188e-05	6.06747e-05	0.999809	5.03671e-05 0.000191 25
rVSVOmicron	457	A	132295	0.999582	2.60541e-05	0	0.000391984 0.000418 55
rVSVOmicron	458	G	132946	4.2223e-05	7.81125e-05	0	0.99988 0.00012 16
rVSVOmicron	459	A	132131	0.99987	0	1.75474e-05	0.000112635 0.00013 17
rVSVOmicron	460	G	132540	5.88953e-05	2.61495e-05	0	0.999915 8.5e-05 11
rVSVOmicron	461	T	132801	8.65771e-06	0.999961	6.31779e-06	2.38672e-05 3.9e-05 5
rVSVOmicron	462	G	133364	0.000102029	0	8.63861e-06	0.999889 0.000111 15
rVSVOmicron	463	T	132731	8.65363e-06	0.999889	0.000102206	0 0.000111 15
rVSVOmicron	464	A	132942	0.99947	2.3864e-05	0	0.000506524 0.00053 70
rVSVOmicron	465	C	133132	0.000504154	6.09029e-05	0.999409	2.61013e-05 0.000591 79
rVSVOmicron	466	T	131961	3.49581e-05	0.999494	0.00047099	0 0.000506 67
rVSVOmicron	467	C	132029	9.80169e-05	7.09859e-05	0.999788	4.34847e-05 0.000212 28
rVSVOmicron	468	T	131870	0	0.999725	0.000274796	0 0.000275 36
rVSVOmicron	469	A	132589	0.999659	8.79493e-06	1.56882e-05	0.00031638 0.000341 45
rVSVOmicron	470	G	133080	3.71958e-05	8.68702e-05	0	0.999876 0.000124 17
rVSVOmicron	471	C	132651	1.74797e-05	0.000197	0.999766	1.93693e-05 0.000234 31
rVSVOmicron	472	G	132907	0.000560035	9.93004e-05	2.61193e-05	0.999315 0.000685 91
rVSVOmicron	473	C	133263	5.962e-05	4.66591e-05	0.999894	0 0.000106 14
rVSVOmicron	474	C	133648	7.08573e-05	0.00361372	0.996307	8.62408e-06 0.003693 494
rVSVOmicron	475	A	132808	0.995371	0	8.68976e-06	0.0046199 0.004629 615
rVSVOmicron	476	A	133051	0.999952	8.66784e-06	0	3.88882e-05 4.8e-05 6
rVSVOmicron	477	C	131570	4.31862e-05	8.87324e-05	0.999851	1.74633e-05 0.000149 20
rVSVOmicron	478	A	131504	0.999963	0	8.83838e-06	2.79484e-05 3.7e-05 5
rVSVOmicron	479	A	131717	0.999936	1.72524e-05	2.69721e-05	2.01683e-05 6.4e-05 8
rVSVOmicron	480	C	131158	2.67011e-05	5.2457e-05	0.999921	0 7.9e-05 10
rVSVOmicron	481	T	131716	3.55964e-05	0.999703	0.00023763	2.38111e-05 0.000297 39
rVSVOmicron	482	G	133762	0.000631206	6.29561e-05	8.6917e-06	0.999297 0.000703 94
rVSVOmicron	483	C	135416	8.4835e-06	0.000264823	0.99971	1.6967e-05 0.00029 39
rVSVOmicron	484	A	136939	0.999947	0	1.67641e-05	3.60202e-05 5.3e-05 7
rVSVOmicron	485	C	138616	3.03246e-05	1.70716e-05	0.999949	3.14477e-06 5.1e-05 7
rVSVOmicron	486	C	132014	0.000280673	5.67494e-05	0.999652	1.0877e-05 0.000348 46
rVSVOmicron	487	T	132132	8.75542e-05	0.999746	0.000157645	8.8511e-06 0.000254 34
rVSVOmicron	488	T	132340	8.71119e-06	0.999938	4.42623e-05	8.71119e-06 6.2e-05 8
rVSVOmicron	489	C	132372	5.91523e-05	0.000228863	0.999686	2.60552e-05 0.000314 42
rVSVOmicron	490	G	132457	6.40663e-05	5.20979e-05	3.52013e-05	0.999849 0.000151 20
rVSVOmicron	491	A	131004	0.999923	0	0	7.72113e-05 7.7e-05 10
rVSVOmicron	492	G	131825	0.000162102	9.64551e-05	8.76865e-06	0.999733 0.000267 35
rVSVOmicron	493	T	132071	8.75309e-06	0.99993	4.37655e-05	1.75062e-05 7e-05 9
rVSVOmicron	494	A	131838	0.99992	8.67329e-06	8.67329e-06	6.28228e-05 8e-05 11
rVSVOmicron	495	C	131402	2.43863e-05	0.000270143	0.999681	2.48598e-05 0.000319 42
rVSVOmicron	496	G	131713	0.0011713	5.24355e-05	3.07055e-06	0.998773 0.001227 162
rVSVOmicron	497	T	131563	1.7555e-05	0.999868	0.000105567	8.77752e-06 0.000132 17
rVSVOmicron	498	G	131843	0.00448562	0.000123438	8.69944e-06	0.995382 0.004618 609
rVSVOmicron	499	T	131370	6.56721e-05	0.999836	9.85082e-05	0 0.000164 22
rVSVOmicron	500	C	132090	4.96213e-05	0.000182181	0.999765	3.07179e-06 0.000235 31
rVSVOmicron	501	C	132639	0.000137661	0.000118845	0.999715	2.85801e-05 0.000285 38
rVSVOmicron	502	C	133124	7.68606e-05	6.84247e-05	0.99982	3.4681e-05 0.00018 24
rVSVOmicron	503	A	132668	0.999543	0	0.000161775	0.000295385 0.000457 61
rVSVOmicron	504	G	133364	0.000157032	7.37043e-05	0	0.999769 0.000231 31
rVSVOmicron	505	C	134388	0.000114355	0.000295457	0.99959	0 0.00041 55
rVSVOmicron	506	C	130004	0.000564923	0.000160653	0.999248	2.66157e-05 0.000752 98
rVSVOmicron	507	T	130131	4.2912e-05	0.999638	0.000301596	1.79406e-05 0.000362 47
rVSVOmicron	508	T	130748	1.91076e-05	0.999824	0.00010974	4.72526e-05 0.000176 23
rVSVOmicron	509	T	130859	3.55625e-05	0.999855	6.56721e-05	4.38605e-05 0.000145 19
rVSVOmicron	510	C	131838	7.01214e-05	4.38259e-05	0.999857	2.89014e-05 0.000143 19
rVSVOmicron	511	C	127528	0.000106966	0.000138052	0.999747	7.58795e-06 0.000253 32
rVSVOmicron	512	T	127683	1.7984e-05	0.999591	0.000391031	0 0.000409 52
rVSVOmicron	513	C	129188	3.51651e-05	0.000169366	0.999772	2.32042e-05 0.000228 29
rVSVOmicron	514	A	129495	0.99932	9.39915e-06	6.09675e-05	0.000609929 0.00068 88
rVSVOmicron	515	T	130612	8.89763e-06	0.998875	0.00111629	0 0.001125 147
rVSVOmicron	516	G	130579	4.68601e-05	0.00585847	3.57489e-05	0.994059 0.005941 776
rVSVOmicron	517	G	131075	5.15515e-05	3.49983e-05	8.74957e-06	0.999905 9.5e-05 12
rVSVOmicron	518	A	132734	0.999778	0	8.54995e-06	0.000213749 0.000222 29
rVSVOmicron	519	C	134772	3.2736e-05	0.000208489	0.99975	8.59031e-06 0.00025 34
rVSVOmicron	520	C	111294	1.03564e-05	8.76094e-05	0.999902	0 9.8e-05 11
rVSVOmicron	521	T	111595	5.16482e-05	0.999344	0.000583764	2.06593e-05 0.000656 73
rVSVOmicron	522	G	109966	7.56082e-05	0.000281556	8.4354e-05	0.999559 0.000441 48
rVSVOmicron	523	G	110502	0.000166105	3.10398e-05	6.20796e-05	0.999741 0.000259 29
rVSVOmicron	524	A	110399	0.999534	3.7307e-05	3.28189e-05	0.000395791 0.000466 51
rVSVOmicron	525	G	108193	0.00010887	0.000122084	0	0.999769 0.000231 25
rVSVOmicron	526	G	108453	0.000108924	7.22306e-05	0	0.999819 0.000181 20
rVSVOmicron	527	G	108218	0.000258292	4.2522e-05	1.06305e-05	0.999689 0.000311 34
rVSVOmicron	528	C	108286	3.41885e-05	0.00035613	0.999599	1.05415e-05 0.000401 43
rVSVOmicron	529	A	108123	0.999747	1.31595e-05	0	0.000239446 0.000253 27
rVSVOmicron	530	A	107826	0.999508	1.14923e-05	7.14388e-05	0.000408754 0.000492 53
rVSVOmicron	531	G	107062	0.000191481	3.46572e-05	2.13719e-05	0.999752 0.000248 27
rVSVOmicron	532	C	107582	8.42365e-05	0.000262165	0.999622	3.12305e-05 0.000378 41
rVSVOmicron	533	A	107215	0.999804	4.50988e-05	2.15311e-05	0.000128895 0.000196 21
rVSVOmicron	534	G	104571	0.000148546	7.97803e-05	3.30433e-05	0.999739 0.000261 27
rVSVOmicron	535	G	105005	0.000362231	0.000100453	2.21896e-05	0.999515 0.000485 51
rVSVOmicron	536	G	105057	0.000202254	0.000101275	4.38265e-05	0.999653 0.000347 36
rVSVOmicron	537	C	105184	7.84433e-05	0.000243233	0.999667	1.08299e-05 0.000333 35
rVSVOmicron	538	A	104819	0.999902	1.09998e-05	0	8.71066e-05 9.8e-05 10
rVSVOmicron	539	A	104957	0.999926	1.14659e-05	0	6.29076e-05 7.4e-05 8
rVSVOmicron	540	C	104863	5.65955e-05	0.00010674	0.999833	3.81213e-06 0.000167 18
rVSVOmicron	541	T	104723	2.19569e-05	0.999846	0.000132038	0 0.000154 16
rVSVOmicron	542	T	105212	4.68868e-05	0.999767	0.00018636	0 0.000233 25
