rVSVOmicron	6	C	9283	0	0.000130359	0.99987	0 0.00013 1
rVSVOmicron	7	G	10192	0.000322759	0	0	0.999677 0.000323 3
rVSVOmicron	8	T	10923	0	0.999891	0.000109052	0 0.000109 1
rVSVOmicron	9	G	11792	0.000100982	0.000125545	0	0.999774 0.000226 3
rVSVOmicron	10	T	12276	0	0.999887	0.000113045	0 0.000113 1
rVSVOmicron	12	C	13708	0	0.000257807	0.999742	0 0.000258 4
rVSVOmicron	14	T	15064	0	0.999601	0.000398531	0 0.000399 6
rVSVOmicron	15	C	16157	0.000143819	0.000204067	0.999652	0 0.000348 6
rVSVOmicron	16	G	17355	0.000201554	0	0	0.999798 0.000202 4
rVSVOmicron	17	T	18139	0	0.999746	0.000190585	6.35285e-05 0.000254 5
rVSVOmicron	18	G	19296	0.000261219	0	0	0.999739 0.000261 5
rVSVOmicron	19	C	20040	0	0.000184671	0.999815	0 0.000185 4
rVSVOmicron	20	T	20885	0	0.99989	0.000109668	0 0.00011 2
rVSVOmicron	21	C	22187	0.000165094	0.000167916	0.999667	0 0.000333 7
rVSVOmicron	22	C	22933	0	0.000100488	0.9999	0 0.0001 2
rVSVOmicron	23	T	23731	9.42793e-05	0.999345	0.000560438	0 0.000655 16
rVSVOmicron	24	G	24942	0.000504103	0	0	0.999496 0.000504 13
rVSVOmicron	25	C	26151	0	0	0.999956	4.40631e-05 4.4e-05 1
rVSVOmicron	26	C	26518	0	0.000383962	0.999565	5.06453e-05 0.000435 12
rVSVOmicron	27	T	27288	0	0.999815	0.000185421	0 0.000185 5
rVSVOmicron	28	C	27795	4.11113e-05	0.000388891	0.999529	4.11113e-05 0.000471 13
rVSVOmicron	29	T	28603	4.00819e-05	0.999727	0.000136495	9.64132e-05 0.000273 8
rVSVOmicron	30	G	29909	0.000743818	8.64663e-05	0.000162515	0.999007 0.000993 30
rVSVOmicron	31	G	30736	3.74378e-05	0	0	0.999963 3.7e-05 1
rVSVOmicron	32	T	31454	0	0.999758	0.000242153	0 0.000242 8
rVSVOmicron	33	G	32500	8.58003e-05	7.05469e-05	0	0.999844 0.000156 5
rVSVOmicron	34	T	33125	0	0.999917	8.25542e-05	0 8.3e-05 3
rVSVOmicron	35	C	33795	1.3654e-05	0.00013472	0.999784	6.73599e-05 0.000216 7
rVSVOmicron	36	T	34642	0	0.999814	0.000105557	8.05095e-05 0.000186 6
rVSVOmicron	37	A	36026	0.999774	0	0	0.000226243 0.000226 8
rVSVOmicron	38	G	36943	6.42934e-05	3.21467e-05	0	0.999904 9.6e-05 4
rVSVOmicron	39	C	37891	5.55729e-05	0.00043069	0.999484	3.02382e-05 0.000516 20
rVSVOmicron	40	C	38524	5.93943e-05	5.93943e-05	0.999881	0 0.000119 5
rVSVOmicron	41	A	39605	0.999288	0	0	0.000711918 0.000712 28
rVSVOmicron	42	G	40550	0.000110898	0.000146844	2.37092e-05	0.999719 0.000281 11
rVSVOmicron	43	T	41329	0	0.999972	2.79315e-05	0 2.8e-05 1
rVSVOmicron	44	G	41885	2.75072e-05	0.000125641	0	0.999847 0.000153 6
rVSVOmicron	45	C	42005	2.75709e-05	0.000505218	0.99944	2.75709e-05 0.00056 24
rVSVOmicron	46	G	43798	0.000538695	0.000393716	5.89864e-05	0.999009 0.000991 43
rVSVOmicron	47	T	45231	2.56764e-05	0.999556	0.000418456	0 0.000444 20
rVSVOmicron	48	G	47676	0.000173711	0.000313591	0	0.999513 0.000487 23
rVSVOmicron	49	A	50041	0.999603	2.30492e-05	0	0.000373771 0.000397 20
rVSVOmicron	50	A	52216	0.99979	0	0	0.000210311 0.00021 11
rVSVOmicron	51	C	54252	0	0.00015269	0.999826	2.11593e-05 0.000174 9
rVSVOmicron	52	C	42704	8.77355e-05	0.000158655	0.999754	0 0.000246 11
rVSVOmicron	53	T	43558	2.6442e-05	0.999575	0.00039806	0 0.000425 19
rVSVOmicron	54	G	44863	0.000212712	0	0	0.999787 0.000213 10
rVSVOmicron	55	A	45593	0.999801	2.54504e-05	0	0.000173338 0.000199 9
rVSVOmicron	56	C	46481	0	0.000128865	0.999846	2.49634e-05 0.000154 7
rVSVOmicron	57	C	47485	0.000103734	0.000311203	0.999585	0 0.000415 20
rVSVOmicron	58	A	48477	0.999928	2.40646e-05	0	4.81291e-05 7.2e-05 3
rVSVOmicron	59	C	49351	0	7.0262e-05	0.99993	0 7e-05 3
rVSVOmicron	60	A	50366	0.999672	0	0	0.000327735 0.000328 17
rVSVOmicron	61	C	51266	0	0.000789875	0.999202	7.91701e-06 0.000798 41
rVSVOmicron	62	G	54975	0.000995642	4.25636e-05	2.12818e-05	0.998941 0.001059 58
rVSVOmicron	63	G	56311	4.64413e-05	4.14055e-05	0	0.999912 8.8e-05 5
rVSVOmicron	64	A	55104	0.999907	0	0	9.29944e-05 9.3e-05 5
rVSVOmicron	65	C	52641	7.17251e-05	0.000326349	0.999602	0 0.000398 21
rVSVOmicron	66	C	53685	6.61481e-05	0.000125741	0.999786	2.20494e-05 0.000214 11
rVSVOmicron	67	C	54718	5.17158e-05	0.000212674	0.999736	0 0.000264 14
rVSVOmicron	68	A	55820	0.999434	0	2.09947e-05	0.000544726 0.000566 32
rVSVOmicron	69	G	56696	0.000519645	4.01873e-05	4.13037e-05	0.999399 0.000601 34
rVSVOmicron	70	C	56920	0	0.000199195	0.999801	0 0.000199 11
rVSVOmicron	71	T	57715	6.05158e-05	0.999879	6.05158e-05	0 0.000121 7
rVSVOmicron	72	C	59066	0	9.86912e-05	0.999862	3.94765e-05 0.000138 8
rVSVOmicron	73	C	59833	8.11868e-05	0.000152759	0.999742	2.40356e-05 0.000258 15
rVSVOmicron	74	C	60480	9.23853e-05	0.000450378	0.999414	4.30432e-05 0.000586 35
rVSVOmicron	75	T	61134	4.2756e-05	0.999423	0.000534192	0 0.000577 35
rVSVOmicron	76	C	62644	0	5.74528e-05	0.999943	0 5.7e-05 4
rVSVOmicron	77	C	63679	4.16701e-05	0.000145594	0.99979	2.30943e-05 0.00021 13
rVSVOmicron	78	C	64829	6.56591e-05	0.000113546	0.999766	5.47982e-05 0.000234 15
rVSVOmicron	79	G	65773	0.000408392	0	3.87561e-05	0.999553 0.000447 29
rVSVOmicron	80	C	67198	1.74537e-05	0.000181613	0.999801	0 0.000199 13
rVSVOmicron	81	C	65970	0.000182474	0.000154068	0.999628	3.56282e-05 0.000372 25
rVSVOmicron	82	T	66691	3.86343e-05	0.999265	0.000679201	1.76478e-05 0.000735 49
rVSVOmicron	83	A	68092	0.999923	3.49839e-05	0	4.20753e-05 7.7e-05 5
rVSVOmicron	84	C	69004	0	8.4971e-05	0.999915	0 8.5e-05 6
rVSVOmicron	85	A	69956	0.999631	7.05858e-05	5.87456e-05	0.000239536 0.000369 26
rVSVOmicron	86	C	70864	4.96655e-05	1.65552e-05	0.999934	0 6.6e-05 5
rVSVOmicron	87	A	71874	0.999983	1.6573e-05	0	0 1.7e-05 1
rVSVOmicron	88	A	72738	0.999983	1.66969e-05	0	0 1.7e-05 1
rVSVOmicron	89	A	72442	0.999937	0	0	6.31233e-05 6.3e-05 5
rVSVOmicron	90	C	72981	3.2648e-05	7.32374e-05	0.999894	0 0.000106 8
rVSVOmicron	91	T	73627	0	0.999948	5.15701e-05	0 5.2e-05 4
rVSVOmicron	92	C	74193	6.35526e-05	1.58882e-05	0.999921	0 7.9e-05 6
rVSVOmicron	93	T	74883	3.19515e-05	0.999658	0.000261657	4.79272e-05 0.000342 26
rVSVOmicron	94	T	75870	1.60876e-05	0.999952	1.60876e-05	1.56528e-05 4.8e-05 4
rVSVOmicron	95	T	76687	1.51213e-05	0.999884	0.000100388	0 0.000116 9
rVSVOmicron	96	C	76776	4.62878e-05	0.000351954	0.999602	0 0.000398 31
rVSVOmicron	97	A	77767	0.999951	0	0	4.92214e-05 4.9e-05 4
rVSVOmicron	98	C	78828	4.67997e-05	0.000424453	0.999529	0 0.000471 37
rVSVOmicron	99	C	79899	0	8.63441e-05	0.999914	0 8.6e-05 7
rVSVOmicron	100	C	80950	7.79951e-05	0.000270973	0.999636	1.48754e-05 0.000364 29
rVSVOmicron	101	G	82123	0.000142801	0.000119984	0.00056727	0.99917 0.00083 68
rVSVOmicron	102	G	83052	7.94811e-05	2.91168e-05	0	0.999891 0.000109 9
rVSVOmicron	103	G	83945	4.32976e-05	7.56733e-05	0	0.999881 0.000119 10
rVSVOmicron	104	G	84809	4.97253e-05	4.62561e-05	0	0.999904 9.6e-05 8
rVSVOmicron	105	C	85720	2.77939e-05	0.000386485	0.999572	1.38969e-05 0.000428 37
rVSVOmicron	106	G	86816	0.000444009	6.86803e-05	1.6706e-05	0.999471 0.000529 46
rVSVOmicron	107	T	87501	2.75631e-05	0.999917	5.51261e-05	0 8.3e-05 7
rVSVOmicron	108	G	88715	0.00014161	0.000546781	0	0.999312 0.000688 61
rVSVOmicron	109	T	89375	5.49081e-05	0.999829	0.000116319	0 0.000171 15
rVSVOmicron	110	A	90646	0.99956	3.99794e-05	5.47466e-05	0.000345768 0.00044 40
rVSVOmicron	111	C	91183	1.30745e-05	0.000140286	0.999847	0 0.000153 14
rVSVOmicron	112	T	91984	0	0.999736	0.000263988	0 0.000264 24
rVSVOmicron	113	A	92705	0.999873	0	2.60636e-05	0.000100732 0.000127 12
rVSVOmicron	114	C	93531	3.84759e-05	9.91362e-05	0.99985	1.28253e-05 0.00015 14
rVSVOmicron	115	C	94614	3.83557e-05	6.98005e-05	0.999892	0 0.000108 10
rVSVOmicron	116	C	95615	6.85914e-05	0.000110775	0.999821	0 0.000179 17
rVSVOmicron	117	C	96724	1.25547e-05	0.000166944	0.999783	3.76641e-05 0.000217 21
rVSVOmicron	118	G	97970	0.000272024	3.68228e-05	2.45485e-05	0.999667 0.000333 33
rVSVOmicron	119	A	99468	0.999949	2.21412e-05	1.20474e-05	1.69315e-05 5.1e-05 5
rVSVOmicron	120	C	101803	2.63911e-05	7.05883e-05	0.999903	0 9.7e-05 10
rVSVOmicron	121	A	104684	0.999709	1.16587e-05	4.66347e-05	0.000232543 0.000291 30
rVSVOmicron	122	A	107759	0.999865	1.13634e-05	1.13634e-05	0.000112405 0.000135 15
rVSVOmicron	123	G	110729	0.000119687	6.5015e-05	2.18687e-05	0.999793 0.000207 23
rVSVOmicron	124	G	100467	5.14085e-05	4.19126e-05	0	0.999907 9.3e-05 9
rVSVOmicron	125	T	101139	0	0.999961	3.87638e-05	0 3.9e-05 4
rVSVOmicron	126	G	102547	0.000221519	8.63061e-05	0	0.999692 0.000308 32
rVSVOmicron	127	T	103210	1.20366e-05	0.999937	3.87123e-05	1.20366e-05 6.3e-05 7
rVSVOmicron	128	T	104187	3.48554e-05	0.999874	9.10637e-05	0 0.000126 13
rVSVOmicron	129	C	105486	6.04199e-05	0.00012302	0.999794	2.30468e-05 0.000206 22
rVSVOmicron	130	C	106520	4.58479e-05	0.000318148	0.999599	3.7174e-05 0.000401 43
rVSVOmicron	131	G	108110	0.000198092	8.2894e-05	5.91229e-05	0.99966 0.00034 37
rVSVOmicron	132	G	108518	0.000703688	1.1242e-05	1.00266e-05	0.999275 0.000725 79
rVSVOmicron	133	T	102899	1.18934e-05	0.999914	7.42534e-05	0 8.6e-05 9
rVSVOmicron	134	C	103510	6.27266e-05	0.000131789	0.999782	2.34433e-05 0.000218 23
rVSVOmicron	135	T	104266	0	0.999969	3.1145e-05	0 3.1e-05 3
rVSVOmicron	136	A	106194	0.99988	0	0	0.000119958 0.00012 13
rVSVOmicron	137	G	105869	0.000571974	5.88189e-05	1.46252e-05	0.999355 0.000645 68
rVSVOmicron	138	C	106771	4.86004e-05	0.000360943	0.99959	0 0.00041 44
rVSVOmicron	139	G	107739	0.00023119	1.13449e-05	0	0.999757 0.000243 26
rVSVOmicron	140	T	108296	2.13164e-05	0.999897	7.06488e-05	1.12673e-05 0.000103 11
rVSVOmicron	141	G	109515	6.35894e-05	1.11507e-05	1.11507e-05	0.999914 8.6e-05 9
rVSVOmicron	142	C	110057	1.11309e-05	0.000165158	0.999824	0 0.000176 19
rVSVOmicron	143	T	110687	2.47913e-05	0.99975	0.000214161	1.10515e-05 0.00025 28
rVSVOmicron	144	C	112234	5.72327e-05	3.54017e-05	0.999864	4.36621e-05 0.000136 15
rVSVOmicron	145	C	113081	0.000258874	7.02824e-05	0.999636	3.51412e-05 0.000364 41
rVSVOmicron	146	A	113124	0.999692	0	0.000228727	7.87708e-05 0.000308 35
rVSVOmicron	147	C	113142	5.99815e-05	4.54932e-05	0.999873	2.14427e-05 0.000127 14
rVSVOmicron	148	T	113512	1.07239e-05	0.999877	0.000112166	0 0.000123 14
rVSVOmicron	149	C	113940	5.53318e-05	0.00013177	0.999802	1.0553e-05 0.000198 23
rVSVOmicron	150	T	114103	0	0.99985	0.000139856	1.06039e-05 0.00015 17
rVSVOmicron	151	A	115008	0.999934	1.0635e-05	0	5.5762e-05 6.6e-05 8
rVSVOmicron	152	C	115875	5.44926e-05	5.39308e-05	0.999879	1.29209e-05 0.000121 14
rVSVOmicron	153	A	116078	0.999796	8.33992e-05	0	0.000120276 0.000204 24
rVSVOmicron	154	C	117153	2.05156e-05	0.00020682	0.999678	9.4261e-05 0.000322 38
rVSVOmicron	155	A	117513	0.999098	0.000187451	0.000149179	0.000564868 0.000902 106
rVSVOmicron	156	G	118190	7.92751e-05	0.000878401	1.63539e-05	0.999026 0.000974 115
rVSVOmicron	157	G	119872	6.067e-05	3.49809e-05	0.000136098	0.999768 0.000232 28
rVSVOmicron	158	A	120999	0.999938	0	0	6.1815e-05 6.2e-05 8
rVSVOmicron	159	C	122860	4.53488e-05	0.00291966	0.972908	0.0241271 0.027092 3329
rVSVOmicron	160	C	109245	6.92584e-05	0.000168369	0.999762	0 0.000238 26
rVSVOmicron	161	T	109759	3.54142e-05	0.999343	0.000535049	8.70598e-05 0.000657 72
rVSVOmicron	162	G	110267	9.13972e-05	2.24796e-05	0	0.999886 0.000114 13
rVSVOmicron	163	T	110553	2.38119e-05	0.972506	0.000159926	0.02731 0.027494 3040
rVSVOmicron	164	T	111148	2.21671e-05	0.974563	2.48631e-05	0.0253903 0.025437 2827
rVSVOmicron	165	C	112959	1.0757e-05	6.83216e-05	0.999896	2.47121e-05 0.000104 12
rVSVOmicron	166	C	107148	9.22567e-05	0.000208712	0.999699	0 0.000301 32
rVSVOmicron	167	T	107309	1.10655e-05	0.999626	0.000363068	0 0.000374 40
rVSVOmicron	168	C	108504	4.32384e-05	0.000214701	0.999731	1.10332e-05 0.000269 29
rVSVOmicron	169	C	109023	5.77136e-05	0.000211818	0.999697	3.35404e-05 0.000303 33
rVSVOmicron	170	C	109175	0.000144873	0.000110295	0.999712	3.30884e-05 0.000288 31
rVSVOmicron	171	T	109345	2.20661e-05	0.999827	7.99151e-05	7.09694e-05 0.000173 19
rVSVOmicron	172	T	110059	3.21256e-05	0.999914	4.22223e-05	1.13205e-05 8.6e-05 9
rVSVOmicron	173	T	110708	2.18098e-05	0.999932	3.53672e-05	1.09049e-05 6.8e-05 8
rVSVOmicron	174	C	110642	5.00629e-05	0.000179586	0.999746	2.41583e-05 0.000254 28
rVSVOmicron	175	T	110726	1.08643e-05	0.999756	0.000194676	3.84653e-05 0.000244 27
rVSVOmicron	176	T	112263	3.45502e-05	0.9998	0.000164977	0 0.0002 22
rVSVOmicron	177	C	113084	6.57916e-05	0.000170603	0.999743	2.10761e-05 0.000257 29
rVSVOmicron	178	A	112835	0.999814	0	0	0.000186288 0.000186 21
rVSVOmicron	179	G	113513	0.000396392	5.5649e-05	0	0.999548 0.000452 51
rVSVOmicron	180	C	114474	1.04628e-05	0.000253087	0.99972	1.69667e-05 0.00028 32
rVSVOmicron	181	A	114730	0.999937	2.9625e-05	0	3.35377e-05 6.3e-05 7
rVSVOmicron	182	A	115180	0.99993	0	1.05118e-05	5.96613e-05 7e-05 8
rVSVOmicron	183	C	115332	1.87283e-05	0.000285398	0.999406	0.00029015 0.000594 69
rVSVOmicron	184	G	114613	0.000216796	0.000495776	1.04582e-05	0.999277 0.000723 83
rVSVOmicron	185	T	115105	0	0.9999	0.000100204	0 0.0001 12
rVSVOmicron	186	G	116183	0.000201321	4.27633e-05	4.16526e-05	0.999714 0.000286 33
rVSVOmicron	187	A	117121	0.99978	2.65874e-05	0	0.000193787 0.00022 26
rVSVOmicron	188	C	118148	7.94434e-05	6.66123e-05	0.999821	3.27602e-05 0.000179 21
rVSVOmicron	189	A	114608	0.999696	2.91589e-05	0.000214303	6.00163e-05 0.000304 35
rVSVOmicron	190	T	115073	1.87991e-05	0.999839	5.30303e-05	8.89449e-05 0.000161 19
rVSVOmicron	191	G	115900	9.05304e-05	6.47447e-05	1.03704e-05	0.999834 0.000166 19
rVSVOmicron	192	G	115851	7.50763e-05	1.0365e-05	0	0.999915 8.5e-05 10
rVSVOmicron	193	T	115969	0	0.999907	8.2265e-05	1.06427e-05 9.3e-05 11
rVSVOmicron	194	T	116309	3.31708e-05	0.99989	7.65692e-05	0 0.00011 13
rVSVOmicron	195	C	117091	7.88294e-05	6.11273e-05	0.999848	1.21701e-05 0.000152 18
rVSVOmicron	196	C	117596	4.07377e-05	0.000299202	0.999629	3.05533e-05 0.000371 44
rVSVOmicron	197	A	117573	0.999696	5.31239e-05	8.40672e-05	0.000166765 0.000304 36
rVSVOmicron	198	C	118084	1.00998e-05	0.000127749	0.999862	0 0.000138 16
rVSVOmicron	199	G	118659	0.000479524	1.25401e-05	0	0.999508 0.000492 58
rVSVOmicron	200	T	118788	1.01894e-05	0.999893	8.64726e-05	1.01894e-05 0.000107 13
rVSVOmicron	201	G	119371	0.000134474	9.91002e-05	3.48336e-05	0.999732 0.000268 32
rVSVOmicron	202	A	117390	0.999951	0	1.00736e-05	3.86609e-05 4.9e-05 6
rVSVOmicron	203	T	115693	0	0.999723	0.00026673	1.02909e-05 0.000277 32
rVSVOmicron	204	C	115245	1.02808e-05	4.11233e-05	0.999949	0 5.1e-05 6
rVSVOmicron	205	T	115502	2.05005e-05	0.999755	0.000119956	0.000104996 0.000245 28
rVSVOmicron	206	C	115637	1.21972e-05	0.000105062	0.999842	4.10269e-05 0.000158 18
rVSVOmicron	207	T	115998	2.04907e-05	0.999256	0.00051919	0.000204353 0.000744 86
rVSVOmicron	208	G	117547	0.000152122	2.86087e-05	4.5664e-05	0.999774 0.000226 27
rVSVOmicron	209	G	118066	0.000256093	3.43472e-05	3.26985e-05	0.999677 0.000323 38
rVSVOmicron	210	C	118678	5.02386e-05	0.000187919	0.999752	1.00477e-05 0.000248 29
rVSVOmicron	211	A	118726	0.999951	9.9933e-06	9.45312e-06	2.99799e-05 4.9e-05 6
rVSVOmicron	212	C	119477	1.99032e-05	6.4551e-05	0.999916	0 8.4e-05 10
rVSVOmicron	213	A	119523	0.999854	0	0	0.000146267 0.000146 17
rVSVOmicron	214	A	119820	0.999926	0	1.00234e-05	6.36619e-05 7.4e-05 9
rVSVOmicron	215	A	120146	0.999884	0	9.52264e-05	2.06045e-05 0.000116 14
rVSVOmicron	216	C	120769	9.83254e-06	0.00029285	0.999687	9.83254e-06 0.000313 38
rVSVOmicron	217	G	121135	0.000344974	7.16793e-05	1.20808e-05	0.999571 0.000429 52
rVSVOmicron	218	G	121246	0.000840866	2.16635e-05	4.19898e-05	0.999095 0.000905 110
rVSVOmicron	219	C	121491	3.91389e-05	0.000339821	0.999621	0 0.000379 46
rVSVOmicron	220	A	121552	0.999915	9.73298e-06	0	7.52333e-05 8.5e-05 10
rVSVOmicron	221	C	122318	5.0862e-05	5.79407e-05	0.999891	0 0.000109 13
rVSVOmicron	222	A	122493	0.999554	0	1.94319e-05	0.000426977 0.000446 55
rVSVOmicron	223	A	123003	0.999846	9.84767e-06	7.50552e-05	6.89337e-05 0.000154 19
rVSVOmicron	224	A	123117	0.999732	3.94898e-05	3.09515e-05	0.000197182 0.000268 33
rVSVOmicron	225	G	123797	4.12546e-05	2.91672e-05	9.72241e-06	0.99992 8e-05 10
rVSVOmicron	226	C	124606	2.89734e-05	0.000583089	0.999388	0 0.000612 76
rVSVOmicron	227	G	125226	9.54073e-05	5.90494e-05	0	0.999846 0.000154 19
rVSVOmicron	228	G	125521	0.000104519	3.8873e-05	0	0.999857 0.000143 18
rVSVOmicron	229	T	125434	9.49841e-06	0.999924	5.72472e-05	9.49841e-06 7.6e-05 10
rVSVOmicron	230	T	125577	0.000104257	0.999856	4.01186e-05	0 0.000144 18
rVSVOmicron	231	C	126250	3.74261e-05	0.0011152	0.998847	0 0.001153 146
rVSVOmicron	232	G	125782	0.000238727	8.94586e-05	3.78282e-05	0.999634 0.000366 46
rVSVOmicron	233	A	125876	0.999832	0	0	0.000167692 0.000168 21
rVSVOmicron	234	C	126865	9.30593e-06	0.000143865	0.999828	1.86119e-05 0.000172 22
rVSVOmicron	235	A	126881	0.999892	9.37235e-06	1.87447e-05	8.00449e-05 0.000108 14
rVSVOmicron	236	A	126472	0.999861	9.46735e-06	9.46735e-06	0.000120261 0.000139 18
rVSVOmicron	237	C	126369	9.40354e-06	0.000222635	0.999768	0 0.000232 29
rVSVOmicron	238	C	127956	9.08582e-06	0.000165059	0.999817	9.3382e-06 0.000183 23
rVSVOmicron	239	C	128072	0.00808749	0.000347887	0.991555	9.34094e-06 0.008445 1082
rVSVOmicron	240	C	128528	0.000204409	0.000132501	0.999566	9.73017e-05 0.000434 56
rVSVOmicron	241	G	127719	0.000217572	6.55972e-05	1.85274e-05	0.999698 0.000302 39
rVSVOmicron	242	T	127700	1.88433e-05	0.999877	8.70866e-05	1.68062e-05 0.000123 16
rVSVOmicron	243	G	128469	0.000398282	0.000300136	3.61849e-05	0.999265 0.000735 94
rVSVOmicron	244	C	126861	4.64903e-05	0.000111325	0.999833	9.29807e-06 0.000167 21
rVSVOmicron	245	T	127075	1.11734e-05	0.999679	0.000300937	9.18703e-06 0.000321 41
rVSVOmicron	246	C	128537	0	6.30588e-05	0.999882	5.48983e-05 0.000118 15
rVSVOmicron	247	C	129350	0.00109907	8.69911e-05	0.998805	9.1962e-06 0.001195 155
rVSVOmicron	248	C	129321	0.000268364	0.000366424	0.999347	1.83709e-05 0.000653 84
rVSVOmicron	249	T	129324	4.10363e-05	0.999354	0.000575497	2.96648e-05 0.000646 84
rVSVOmicron	250	T	129055	4.87719e-05	0.999825	9.82979e-05	2.79056e-05 0.000175 23
rVSVOmicron	251	T	129293	2.7508e-05	0.999864	0.000108282	0 0.000136 18
rVSVOmicron	252	C	129929	0.000661927	0.000163091	0.999166	9.07421e-06 0.000834 108
rVSVOmicron	253	A	129980	0.999269	2.05238e-05	0	0.000710916 0.000731 95
rVSVOmicron	254	A	129016	0.999903	0	9.29162e-06	8.81448e-05 9.7e-05 13
rVSVOmicron	255	C	129751	3.61124e-05	0.00036698	0.99957	2.70843e-05 0.00043 56
rVSVOmicron	256	G	130266	0.000156375	3.84809e-05	2.72062e-05	0.999778 0.000222 29
rVSVOmicron	257	A	129211	0.99995	0	0	4.98001e-05 5e-05 6
rVSVOmicron	258	C	129911	2.70077e-05	0.000786143	0.999178	9.00256e-06 0.000822 107
rVSVOmicron	259	G	130331	0.000184425	6.35188e-05	5.66519e-05	0.999695 0.000305 40
rVSVOmicron	260	G	130560	0.000288379	5.60196e-05	3.16632e-06	0.999652 0.000348 45
rVSVOmicron	261	C	130815	5.37791e-05	0.000484254	0.999285	0.000177326 0.000715 94
rVSVOmicron	262	G	131177	0.000702921	1.2057e-05	3.56886e-05	0.999249 0.000751 99
rVSVOmicron	263	T	131107	9.19039e-06	0.999847	0.000121711	2.16098e-05 0.000153 20
rVSVOmicron	264	G	131728	0.000193188	8.89048e-06	0	0.999798 0.000202 27
rVSVOmicron	265	T	131698	4.95688e-05	0.997432	0.000148228	0.0023702 0.002568 338
rVSVOmicron	266	A	132046	0.99751	8.97617e-06	0.00237723	0.00010359 0.00249 329
rVSVOmicron	267	C	131582	3.93417e-05	7.91661e-05	0.999873	8.93033e-06 0.000127 17
rVSVOmicron	268	T	131793	9.1796e-06	0.999794	0.000151339	4.5898e-05 0.000206 27
rVSVOmicron	269	T	127919	2.76648e-05	0.999924	4.8351e-05	0 7.6e-05 10
rVSVOmicron	270	C	128767	1.81349e-05	0.000168605	0.999804	8.82237e-06 0.000196 25
rVSVOmicron	271	G	129199	0.000588849	5.88849e-05	0	0.999352 0.000648 84
rVSVOmicron	272	C	129549	3.84286e-05	0.000215396	0.999735	1.12593e-05 0.000265 34
rVSVOmicron	273	C	130172	8.7835e-05	0.000105597	0.999789	1.8005e-05 0.000211 27
rVSVOmicron	274	A	129952	0.999772	1.97931e-05	9.04127e-06	0.000199152 0.000228 30
rVSVOmicron	275	G	130597	0.000230609	6.01903e-05	1.78879e-05	0.999691 0.000309 40
rVSVOmicron	276	C	131379	4.4607e-05	0.000244012	0.999711	0 0.000289 38
rVSVOmicron	277	A	131437	0.999771	8.88545e-06	7.20442e-06	0.000213011 0.000229 30
rVSVOmicron	278	T	131875	8.86508e-06	0.999931	5.31905e-05	6.9483e-06 6.9e-05 9
rVSVOmicron	279	A	131396	0.99981	8.95887e-06	0	0.000181357 0.00019 25
rVSVOmicron	280	G	132156	2.68827e-05	8.25856e-05	0.000121578	0.999769 0.000231 31
rVSVOmicron	281	A	132156	0.999879	0	8.8211e-06	0.00011229 0.000121 16
rVSVOmicron	282	G	132871	0.000319255	0.000109609	7.29931e-05	0.999498 0.000502 67
rVSVOmicron	283	A	133651	0.999735	4.84719e-05	8.83477e-06	0.000207498 0.000265 35
rVSVOmicron	284	A	133120	0.999736	9.05154e-06	8.09746e-05	0.000174426 0.000264 35
rVSVOmicron	285	G	133847	3.72461e-05	3.5111e-05	1.09129e-05	0.999917 8.3e-05 11
rVSVOmicron	286	T	134296	8.76004e-06	0.99993	5.25603e-05	8.76004e-06 7e-05 9
rVSVOmicron	287	C	134281	7.16738e-05	5.54057e-05	0.999827	4.57392e-05 0.000173 23
rVSVOmicron	288	T	134459	8.65085e-06	0.999847	0.000136076	8.65085e-06 0.000153 21
rVSVOmicron	289	A	135572	0.995974	3.45074e-05	0.00214412	0.00184778 0.004026 546
rVSVOmicron	290	A	136039	0.999376	3.46762e-05	0	0.000589028 0.000624 85
rVSVOmicron	291	C	136949	0.000163477	0.000104514	0.999723	8.55537e-06 0.000277 38
rVSVOmicron	292	A	135317	0.999933	8.63803e-06	1.28403e-05	4.52913e-05 6.7e-05 9
rVSVOmicron	293	T	135665	0	0.999865	0.000125884	8.83816e-06 0.000135 18
rVSVOmicron	294	T	136008	2.36499e-05	0.999795	0.00015467	2.62514e-05 0.000205 28
rVSVOmicron	295	A	136372	0.999941	0	1.30044e-05	4.56337e-05 5.9e-05 8
rVSVOmicron	296	T	136700	3.0091e-05	0.999958	1.21297e-05	0 4.2e-05 6
rVSVOmicron	297	C	137385	1.91131e-05	0.000131258	0.999811	3.82261e-05 0.000189 26
rVSVOmicron	298	C	137758	9.72993e-05	0.00022395	0.99967	8.55125e-06 0.00033 45
rVSVOmicron	299	G	137197	0.000222108	1.71387e-05	0.000113254	0.999647 0.000353 48
rVSVOmicron	300	G	137620	0.00016092	4.71381e-05	8.59167e-06	0.999783 0.000217 30
rVSVOmicron	301	G	137753	0.000194224	4.79195e-05	0	0.999758 0.000242 33
rVSVOmicron	302	G	136381	0.000115559	2.78455e-05	2.57571e-05	0.999831 0.000169 23
rVSVOmicron	303	C	135840	6.04689e-05	0.000344766	0.99956	3.46876e-05 0.00044 60
rVSVOmicron	304	T	135994	2.57845e-05	0.999612	0.000354015	8.59484e-06 0.000388 53
rVSVOmicron	305	G	137751	0.000171912	4.23486e-05	1.69394e-05	0.999769 0.000231 32
rVSVOmicron	306	G	138096	8.05144e-05	4.89988e-05	1.70231e-05	0.999853 0.000147 20
rVSVOmicron	307	A	137578	0.99983	3.37326e-05	0	0.000136526 0.00017 23
rVSVOmicron	308	T	137877	8.53567e-06	0.999955	2.76833e-05	8.53567e-06 4.5e-05 6
rVSVOmicron	309	T	136873	8.60151e-06	0.99997	1.92953e-05	2.32473e-06 3e-05 4
rVSVOmicron	310	T	137240	1.70998e-05	0.999933	4.1132e-05	8.5499e-06 6.7e-05 9
rVSVOmicron	311	T	136995	1.12951e-05	0.999963	2.55868e-05	0 3.7e-05 5
rVSVOmicron	312	C	137186	0.000101084	0.000164291	0.999718	1.68854e-05 0.000282 39
rVSVOmicron	313	G	137715	0.000274813	4.9402e-05	7.42178e-05	0.999602 0.000398 55
rVSVOmicron	314	G	138018	0.000273411	8.49386e-05	8.49386e-06	0.999633 0.000367 51
rVSVOmicron	315	C	138479	1.6772e-05	0.000213956	0.999761	8.38599e-06 0.000239 33
rVSVOmicron	316	A	136461	0.999737	9.06533e-05	0	0.000171944 0.000263 36
rVSVOmicron	317	C	133953	4.53269e-05	0.000574997	0.99938	0 0.00062 83
rVSVOmicron	318	C	134250	4.8437e-05	0.000157773	0.999757	3.69156e-05 0.000243 33
rVSVOmicron	319	A	134137	0.998792	8.53164e-06	0.00106876	0.000130972 0.001208 162
rVSVOmicron	320	C	134765	0.00111396	4.28625e-05	0.998737	0.000106114 0.001263 170
rVSVOmicron	321	A	134595	0.998665	1.73466e-05	0.0012724	4.57107e-05 0.001335 180
rVSVOmicron	322	C	133797	3.43476e-05	7.93709e-05	0.999878	8.58691e-06 0.000122 16
rVSVOmicron	323	T	133883	0.00688641	0.993035	7.83452e-05	0 0.006965 932
rVSVOmicron	324	C	135170	8.5388e-05	0.00725382	0.99261	5.12328e-05 0.00739 999
rVSVOmicron	325	G	134612	0.000313237	9.63268e-05	1.72595e-05	0.999573 0.000427 57
rVSVOmicron	326	A	133876	0.999923	4.29589e-05	0	3.43671e-05 7.7e-05 10
rVSVOmicron	327	C	134135	1.72691e-05	6.04418e-05	0.999914	8.63454e-06 8.6e-05 12
rVSVOmicron	328	T	134025	1.93052e-05	0.999794	0.000178166	8.60591e-06 0.000206 28
rVSVOmicron	329	C	134531	3.37398e-05	2.56515e-05	0.999932	8.5505e-06 6.8e-05 9
rVSVOmicron	330	T	134606	0	0.999703	0.00015537	0.000141879 0.000297 40
rVSVOmicron	331	A	135695	0.999849	1.72198e-05	2.58296e-05	0.000107507 0.000151 20
rVSVOmicron	332	A	135471	0.999736	1.71678e-05	9.65107e-05	0.000150102 0.000264 36
rVSVOmicron	333	G	135712	0.000109992	6.20166e-05	5.85063e-06	0.999822 0.000178 24
rVSVOmicron	334	A	135670	0.999885	2.56629e-05	0	8.97046e-05 0.000115 16
rVSVOmicron	335	C	136360	8.46986e-06	7.8289e-05	0.999905	8.46986e-06 9.5e-05 13
rVSVOmicron	336	A	135911	0.999885	2.79278e-05	0	8.6809e-05 0.000115 16
rVSVOmicron	337	C	136494	8.65669e-05	0.000213334	0.999692	8.45112e-06 0.000308 42
rVSVOmicron	338	A	136328	0.999512	5.95958e-05	5.10821e-05	0.000376903 0.000488 67
rVSVOmicron	339	G	137260	0.000229903	0	0	0.99977 0.00023 32
rVSVOmicron	340	T	137452	3.54371e-05	0.999824	0.000133747	6.63017e-06 0.000176 24
rVSVOmicron	341	C	138261	9.65204e-05	0.000145919	0.999741	1.68455e-05 0.000259 36
rVSVOmicron	342	C	138575	7.02759e-05	8.73265e-05	0.999825	1.70506e-05 0.000175 24
rVSVOmicron	343	C	137339	6.2558e-05	0.000114346	0.999787	3.57475e-05 0.000213 29
rVSVOmicron	344	T	137241	4.20369e-05	0.99979	0.00016792	0 0.00021 29
rVSVOmicron	345	C	138428	7.15282e-05	7.65397e-05	0.999833	1.93627e-05 0.000167 23
rVSVOmicron	346	C	138351	0.000168478	0.000102404	0.999712	1.68024e-05 0.000288 40
rVSVOmicron	347	T	138282	0	0.999781	0.000210095	8.42199e-06 0.000219 30
rVSVOmicron	348	G	139437	0.000100502	6.44476e-05	1.66753e-05	0.999818 0.000182 25
rVSVOmicron	349	A	137176	0.999925	4.74613e-05	0	2.72505e-05 7.5e-05 10
rVSVOmicron	350	T	137444	0	0.999965	1.73542e-05	1.73542e-05 3.5e-05 5
rVSVOmicron	351	T	137467	1.6868e-05	0.999909	6.61044e-05	8.43401e-06 9.1e-05 13
rVSVOmicron	352	G	135659	0.00025463	5.49611e-05	8.58042e-06	0.999682 0.000318 43
rVSVOmicron	353	T	135727	0	0.999916	7.86205e-05	5.05746e-06 8.4e-05 11
rVSVOmicron	354	G	136160	8.31553e-05	1.70457e-05	8.52284e-06	0.999891 0.000109 15
rVSVOmicron	355	A	136353	0.999823	8.55715e-06	0	0.00016883 0.000177 24
rVSVOmicron	356	A	136605	0.999367	1.69971e-05	1.69971e-05	0.000599035 0.000633 86
rVSVOmicron	357	C	137325	6.57592e-05	6.11926e-05	0.999873	0 0.000127 17
rVSVOmicron	358	A	137262	0.999939	1.69374e-05	8.4687e-06	3.59348e-05 6.1e-05 8
rVSVOmicron	359	A	137546	0.999863	2.56336e-05	1.70891e-05	9.44518e-05 0.000137 19
rVSVOmicron	360	C	138232	4.40921e-05	0.000442512	0.999495	1.88642e-05 0.000505 70
rVSVOmicron	361	G	138656	0.000520491	7.61862e-05	8.46513e-06	0.999395 0.000605 84
rVSVOmicron	362	C	138936	2.43129e-05	8.40725e-05	0.999892	0 0.000108 15
rVSVOmicron	363	C	139432	0.00224311	0.00241908	0.995319	1.86532e-05 0.004681 653
rVSVOmicron	364	A	139366	0.999894	0	8.07944e-05	2.50508e-05 0.000106 15
rVSVOmicron	365	C	140107	9.27436e-05	0.000453685	0.999435	1.85041e-05 0.000565 79
rVSVOmicron	366	A	140316	0.999861	0	8.32036e-06	0.000130652 0.000139 20
rVSVOmicron	367	A	140660	0.999799	0	2.56735e-05	0.000175551 0.000201 28
rVSVOmicron	368	A	140654	0.999615	7.02583e-06	1.73304e-05	0.000360191 0.000385 54
rVSVOmicron	369	C	141409	2.48732e-05	0.000146326	0.999814	1.50136e-05 0.000186 26
rVSVOmicron	370	G	141056	8.2852e-05	3.89628e-05	0	0.999878 0.000122 17
rVSVOmicron	371	T	140749	3.43524e-05	0.99981	0.000138106	1.71762e-05 0.00019 27
rVSVOmicron	372	G	140891	0.000258895	6.21437e-05	3.52223e-05	0.999644 0.000356 50
rVSVOmicron	373	G	140180	0.000103725	1.66139e-05	1.66139e-05	0.999863 0.000137 19
rVSVOmicron	374	T	140126	0.00746614	0.992475	5.87422e-05	0 0.007525 1054
rVSVOmicron	375	G	141024	6.7934e-05	4.49924e-05	0.00723241	0.992655 0.007345 1036
rVSVOmicron	376	A	139961	0.999809	8.28449e-06	0.000139269	4.34376e-05 0.000191 27
rVSVOmicron	377	T	140213	8.42868e-06	0.999822	0.000161284	8.42868e-06 0.000178 25
rVSVOmicron	378	T	140510	3.28811e-05	0.999728	3.9324e-05	0.000199508 0.000272 38
rVSVOmicron	379	A	140979	0.999872	2.1908e-05	3.95686e-05	6.61712e-05 0.000128 18
rVSVOmicron	380	A	141555	0.999549	0.000111549	4.51086e-05	0.000293983 0.000451 64
rVSVOmicron	381	G	142654	5.60221e-05	0.000312345	6.44699e-06	0.999625 0.000375 53
rVSVOmicron	382	G	140452	0.000234717	4.18734e-05	6.56394e-06	0.999717 0.000283 40
rVSVOmicron	383	T	140170	6.48241e-06	0.999895	9.83538e-05	0 0.000105 15
rVSVOmicron	384	G	141194	0.000168857	3.65336e-05	8.24234e-06	0.999786 0.000214 30
rVSVOmicron	385	T	141111	1.84136e-05	0.999911	6.18963e-05	8.20847e-06 8.9e-05 13
rVSVOmicron	386	G	141334	0.000106095	5.04896e-05	8.22958e-06	0.999835 0.000165 23
rVSVOmicron	387	C	141777	5.34289e-05	0.000902926	0.999019	2.48143e-05 0.000981 139
rVSVOmicron	388	G	142461	0.000212182	7.36008e-05	2.45336e-05	0.99969 0.00031 44
rVSVOmicron	389	A	141919	0.999907	2.45779e-05	8.11948e-06	6.07864e-05 9.3e-05 13
rVSVOmicron	390	G	142413	0.000116205	6.74741e-05	5.46849e-05	0.999762 0.000238 34
rVSVOmicron	391	T	142677	4.19704e-05	0.999876	6.65275e-05	1.51808e-05 0.000124 18
rVSVOmicron	392	T	142963	8.0877e-06	0.999617	0.000374439	0 0.000383 55
rVSVOmicron	393	C	143099	2.46829e-05	0.000222146	0.999743	1.0229e-05 0.000257 37
rVSVOmicron	394	C	143584	0.000130724	0.000235171	0.999593	4.08513e-05 0.000407 58
rVSVOmicron	395	A	143272	0.999544	2.42549e-05	4.23915e-05	0.000389827 0.000456 65
rVSVOmicron	396	G	143357	5.08912e-05	3.45884e-05	0	0.999915 8.5e-05 12
rVSVOmicron	397	T	143684	0.00192791	0.997993	7.86672e-05	0 0.002007 288
rVSVOmicron	398	T	144241	0	0.998066	0.00192622	8.12936e-06 0.001934 279
rVSVOmicron	399	C	143423	4.18146e-05	6.71235e-05	0.999857	3.4332e-05 0.000143 21
rVSVOmicron	400	T	143840	0	0.999821	0.000178919	0 0.000179 26
rVSVOmicron	401	G	145288	0.000212469	4.21894e-05	1.00037e-05	0.999735 0.000265 39
rVSVOmicron	402	C	145591	4.81595e-05	0.00105973	0.998884	8.02659e-06 0.001116 162
rVSVOmicron	403	A	145501	0.99982	0	6.96903e-05	0.000110253 0.00018 26
rVSVOmicron	404	A	145962	0.99984	1.61621e-05	1.26676e-05	0.000131262 0.00016 23
rVSVOmicron	405	C	146761	1.58995e-05	0.000818611	0.999165	0 0.000835 123
rVSVOmicron	406	G	147383	0.00025547	7.93651e-06	0	0.999737 0.000263 39
rVSVOmicron	407	A	147312	0.999967	7.89805e-06	0	2.56153e-05 3.3e-05 5
rVSVOmicron	408	C	148209	2.85415e-05	0.000144424	0.999811	1.58802e-05 0.000189 28
rVSVOmicron	409	C	148688	3.64807e-05	0.000337393	0.999616	9.92967e-06 0.000384 57
rVSVOmicron	410	C	148493	8.90022e-05	0.000108685	0.999794	7.91606e-06 0.000206 31
rVSVOmicron	411	T	148332	2.25321e-05	0.999827	0.000100095	5.00474e-05 0.000173 26
rVSVOmicron	412	T	149441	0	0.99984	0.000120293	3.92163e-05 0.00016 24
rVSVOmicron	413	T	149517	3.80283e-05	0.999858	0.000103521	0 0.000142 21
rVSVOmicron	414	C	150957	3.89983e-05	0.000120157	0.999841	0 0.000159 24
rVSVOmicron	415	C	147872	8.91077e-05	4.34828e-05	0.999804	6.29751e-05 0.000196 29
rVSVOmicron	416	T	148002	7.9491e-06	0.99961	0.000357495	2.49215e-05 0.00039 58
rVSVOmicron	417	G	149681	7.17838e-05	3.65328e-05	2.37143e-05	0.999868 0.000132 20
rVSVOmicron	418	G	150274	0.00011278	9.20043e-05	2.35311e-05	0.999772 0.000228 34
rVSVOmicron	419	A	150611	0.999169	7.6891e-06	0	0.00082315 0.000831 125
rVSVOmicron	420	T	150948	0	0.999983	1.72898e-05	0 1.7e-05 3
rVSVOmicron	421	C	151877	6.29148e-05	0.00021636	0.999698	2.3048e-05 0.000302 46
rVSVOmicron	422	A	151135	0.999797	0.000153633	0	4.94857e-05 0.000203 31
rVSVOmicron	423	C	151863	2.49289e-05	0.000108856	0.999851	1.53728e-05 0.000149 23
rVSVOmicron	424	A	151707	0.999838	0	1.54652e-05	0.000146293 0.000162 25
rVSVOmicron	425	A	151060	0.99912	7.76122e-06	0.000110335	0.000761648 0.00088 133
rVSVOmicron	426	G	151373	9.6864e-05	9.25685e-05	7.94671e-06	0.999803 0.000197 30
rVSVOmicron	427	A	152255	0.999951	7.7491e-06	0	4.08398e-05 4.9e-05 7
rVSVOmicron	428	A	152562	0.99988	0	7.70498e-06	0.000112035 0.00012 18
rVSVOmicron	429	C	152973	3.81995e-05	0.000157754	0.999804	0 0.000196 30
rVSVOmicron	430	A	152838	0.999945	1.85587e-06	0	5.34079e-05 5.5e-05 8
rVSVOmicron	431	A	153169	0.999937	1.5355e-05	7.6775e-06	4.00475e-05 6.3e-05 10
rVSVOmicron	432	C	153980	1.52147e-05	0.000160166	0.999825	0 0.000175 27
rVSVOmicron	433	A	153902	0.99993	7.74865e-06	1.42408e-05	4.83767e-05 7e-05 11
rVSVOmicron	434	A	151552	0.999943	9.26555e-06	1.59454e-05	3.18907e-05 5.7e-05 9
rVSVOmicron	435	G	152487	0.000140765	1.74076e-05	7.95162e-06	0.999834 0.000166 25
rVSVOmicron	436	T	152744	0	0.999942	5.06293e-05	7.83801e-06 5.8e-05 9
rVSVOmicron	437	C	151727	3.9102e-05	0.000107372	0.999854	0 0.000146 22
rVSVOmicron	438	T	151641	1.56961e-05	0.999935	3.37253e-05	1.54839e-05 6.5e-05 10
rVSVOmicron	439	T	153034	7.69618e-06	0.994072	0.00592044	0 0.005928 907
rVSVOmicron	440	G	153962	0.000104989	7.80684e-05	4.01731e-05	0.999777 0.000223 34
rVSVOmicron	441	G	154363	8.41274e-05	7.42543e-05	3.41446e-05	0.999807 0.000193 30
rVSVOmicron	442	A	154216	0.999878	2.44815e-05	7.54846e-06	9.01735e-05 0.000122 19
rVSVOmicron	443	T	152942	6.11241e-05	0.999896	4.27455e-05	0 0.000104 16
rVSVOmicron	444	G	153794	0.000103302	5.36178e-05	5.92073e-05	0.999784 0.000216 33
rVSVOmicron	445	G	154040	0.000100588	0.000116632	3.8466e-05	0.999744 0.000256 39
rVSVOmicron	446	A	153482	0.999349	2.50738e-05	0	0.000625622 0.000651 100
rVSVOmicron	447	G	154155	5.28715e-05	4.98095e-05	3.02123e-05	0.999867 0.000133 21
rVSVOmicron	448	T	154189	7.586e-06	0.996365	0.00362734	0 0.003635 560
rVSVOmicron	449	C	152861	6.29503e-05	0.000167592	0.999747	2.29098e-05 0.000253 39
rVSVOmicron	450	T	152719	1.51364e-05	0.99946	0.000515662	9.40914e-06 0.00054 82
rVSVOmicron	451	G	154484	3.01305e-05	8.65234e-05	1.50653e-05	0.999868 0.000132 20
rVSVOmicron	452	A	153985	0.99965	4.14103e-05	2.18271e-05	0.00028722 0.00035 54
rVSVOmicron	453	G	152622	4.75536e-05	2.03801e-05	1.70863e-05	0.999915 8.5e-05 13
rVSVOmicron	454	T	153096	5.52518e-05	0.9999	4.44507e-05	0 0.0001 15
rVSVOmicron	455	T	153564	0	0.999939	6.11487e-05	0 6.1e-05 9
rVSVOmicron	456	C	154324	5.46368e-05	7.50237e-05	0.999842	2.85416e-05 0.000158 24
rVSVOmicron	457	A	153451	0.999621	1.51198e-05	7.5599e-06	0.000356132 0.000379 58
rVSVOmicron	458	G	154178	3.02359e-05	4.53538e-05	2.63542e-05	0.999898 0.000102 16
rVSVOmicron	459	A	154496	0.999854	0	7.56667e-06	0.000138041 0.000146 23
rVSVOmicron	460	G	154312	6.26606e-05	2.97995e-05	1.51039e-05	0.999892 0.000108 17
rVSVOmicron	461	T	154634	2.25046e-05	0.999908	6.93386e-05	0 9.2e-05 14
rVSVOmicron	462	G	154989	0.000180216	2.2527e-05	1.5018e-05	0.999782 0.000218 34
rVSVOmicron	463	T	150030	7.72976e-06	0.999936	5.59885e-05	0 6.4e-05 10
rVSVOmicron	464	A	150091	0.999927	7.74003e-06	7.74003e-06	5.79456e-05 7.3e-05 11
rVSVOmicron	465	C	149226	0.000238959	0.000205488	0.999548	7.8382e-06 0.000452 67
rVSVOmicron	466	T	144388	2.61347e-05	0.999897	6.83857e-05	8.05819e-06 0.000103 15
rVSVOmicron	467	C	145028	2.40117e-05	0.000181061	0.999771	2.40117e-05 0.000229 33
rVSVOmicron	468	T	144933	8.0894e-06	0.999397	0.000366647	0.000228034 0.000603 87
rVSVOmicron	469	A	145707	0.999845	2.42125e-05	8.07082e-06	0.000122807 0.000155 23
rVSVOmicron	470	G	146279	0.000143184	1.63009e-05	0	0.99984 0.00016 23
rVSVOmicron	471	C	145625	2.30401e-05	0.000171932	0.999696	0.000109115 0.000304 44
rVSVOmicron	472	G	145781	0.000446703	0.000487706	2.40816e-05	0.999041 0.000959 140
rVSVOmicron	473	C	146139	6.20938e-05	4.21196e-05	0.999872	2.40994e-05 0.000128 19
rVSVOmicron	474	C	146028	3.98439e-05	7.19343e-05	0.999864	2.39063e-05 0.000136 20
rVSVOmicron	475	A	145380	0.999898	2.59978e-05	0	7.58268e-05 0.000102 15
rVSVOmicron	476	A	145615	0.999958	1.59818e-05	0	2.59164e-05 4.2e-05 6
rVSVOmicron	477	C	146235	4.95664e-05	5.94368e-05	0.998089	0.00180177 0.001911 279
rVSVOmicron	478	A	146251	0.999897	0	8.72523e-05	1.59819e-05 0.000103 15
rVSVOmicron	479	A	146630	0.999797	0	0.000187051	1.61326e-05 0.000203 30
rVSVOmicron	480	C	145790	2.53897e-05	7.55236e-05	0.999883	1.59224e-05 0.000117 17
rVSVOmicron	481	T	146489	3.62925e-05	0.997778	0.00212735	5.82419e-05 0.002222 325
rVSVOmicron	482	G	148909	0.00236851	4.12729e-05	1.7658e-05	0.997573 0.002427 361
rVSVOmicron	483	C	151165	5.56121e-05	8.86058e-05	0.999846	9.54536e-06 0.000154 23
rVSVOmicron	484	A	152708	0.999897	1.51999e-05	7.59997e-06	7.9697e-05 0.000103 16
rVSVOmicron	485	C	154682	4.51679e-05	0.000163174	0.999784	7.52799e-06 0.000216 33
rVSVOmicron	486	C	144081	8.49488e-05	9.74284e-05	0.99979	2.78054e-05 0.00021 30
rVSVOmicron	487	T	144322	6.94486e-05	0.99964	0.000238204	5.28606e-05 0.00036 52
rVSVOmicron	488	T	144988	0	0.999939	6.094e-05	0 6.1e-05 9
rVSVOmicron	489	C	145749	6.59428e-05	0.000155884	0.999728	4.99435e-05 0.000272 40
rVSVOmicron	490	G	146232	0.000129629	6.75104e-05	2.39414e-05	0.999779 0.000221 32
rVSVOmicron	491	A	145069	0.999867	0	0	0.000133245 0.000133 19
rVSVOmicron	492	G	145803	0.000127557	3.35218e-05	0	0.999839 0.000161 23
rVSVOmicron	493	T	146096	0	0.999771	0.000220633	8.01119e-06 0.000229 33
rVSVOmicron	494	A	146562	0.999878	7.90817e-06	7.90817e-06	0.000106653 0.000122 18
rVSVOmicron	495	C	147260	2.72016e-05	0.00050398	0.999469	0 0.000531 78
rVSVOmicron	496	G	147659	0.00036633	3.12225e-05	1.56113e-05	0.999587 0.000413 61
rVSVOmicron	497	T	147463	2.57589e-05	0.999933	4.16435e-05	0 6.7e-05 10
rVSVOmicron	498	G	148145	0.000223371	1.57124e-05	1.57124e-05	0.999745 0.000255 38
rVSVOmicron	499	T	147859	0.000168013	0.999648	0.000183652	0 0.000352 52
rVSVOmicron	500	C	147791	4.39116e-05	8.18255e-05	0.999858	1.5851e-05 0.000142 21
rVSVOmicron	501	C	146860	0.000128879	0.000152648	0.999691	2.70405e-05 0.000309 45
rVSVOmicron	502	C	147365	7.87571e-05	0.000109444	0.999768	4.35632e-05 0.000232 34
rVSVOmicron	503	A	146868	0.999686	2.77298e-06	2.3677e-05	0.000287963 0.000314 46
rVSVOmicron	504	G	147670	8.22318e-05	6.26937e-05	7.72936e-06	0.999847 0.000153 23
rVSVOmicron	505	C	148213	7.14786e-05	0.000120848	0.999808	0 0.000192 28
rVSVOmicron	506	C	141641	0.000291043	0.00034398	0.999365	0 0.000635 90
rVSVOmicron	507	T	141420	2.71289e-05	0.999746	0.000191711	3.54936e-05 0.000254 36
rVSVOmicron	508	T	142010	1.9752e-05	0.999787	0.000138978	5.40206e-05 0.000213 30
rVSVOmicron	509	T	142090	2.45936e-05	0.999832	0.000134932	8.19786e-06 0.000168 24
rVSVOmicron	510	C	141900	5.15147e-05	0.000140271	0.999783	2.47538e-05 0.000217 31
rVSVOmicron	511	C	141443	5.80661e-05	0.000199756	0.999717	2.48855e-05 0.000283 40
rVSVOmicron	512	T	141126	1.02564e-05	0.999634	0.000356075	0 0.000366 52
rVSVOmicron	513	C	142354	3.08903e-05	6.08979e-05	0.9999	8.16385e-06 0.0001 14
rVSVOmicron	514	A	142080	0.999798	3.41468e-05	1.70734e-05	0.000150661 0.000202 29
rVSVOmicron	515	T	143279	2.62142e-05	0.999804	0.000153286	1.64394e-05 0.000196 28
rVSVOmicron	516	G	144992	5.88133e-05	0.000932202	1.82828e-05	0.998991 0.001009 146
rVSVOmicron	517	G	145896	4.77846e-05	8.95424e-05	2.38923e-05	0.999839 0.000161 23
rVSVOmicron	518	A	147033	0.999863	7.81812e-06	7.81812e-06	0.000121075 0.000137 20
rVSVOmicron	519	C	148702	3.28249e-05	0.000112543	0.999829	2.55779e-05 0.000171 25
rVSVOmicron	520	C	127303	0.000141367	5.7291e-05	0.999801	0 0.000199 25
rVSVOmicron	521	T	127281	9.18632e-06	0.999393	0.0005698	2.7559e-05 0.000607 77
rVSVOmicron	522	G	127258	8.45968e-05	5.49137e-05	3.8588e-05	0.999822 0.000178 23
rVSVOmicron	523	G	127788	1.8195e-05	4.47499e-05	6.81084e-05	0.999869 0.000131 17
rVSVOmicron	524	A	125772	0.999421	6.47876e-05	9.25537e-06	0.000504793 0.000579 73
rVSVOmicron	525	G	120687	6.46038e-05	0.000113253	3.92331e-05	0.999783 0.000217 26
rVSVOmicron	526	G	121098	7.5137e-05	6.67301e-05	0	0.999858 0.000142 17
rVSVOmicron	527	G	120955	0.000523014	6.14234e-05	9.67092e-06	0.999406 0.000594 72
rVSVOmicron	528	C	120414	6.73357e-05	0.000225665	0.999707	0 0.000293 35
rVSVOmicron	529	A	120439	0.999843	8.07156e-06	9.63379e-06	0.000139039 0.000157 19
rVSVOmicron	530	A	120283	0.999006	2.07267e-05	0.000677819	0.000295776 0.000994 120
rVSVOmicron	531	G	120678	0.000134699	3.86345e-05	1.93173e-05	0.999807 0.000193 23
rVSVOmicron	532	C	121238	7.90085e-05	0.00024661	0.999653	2.15007e-05 0.000347 42
rVSVOmicron	533	A	120853	0.999818	3.88291e-05	0	0.000142986 0.000182 22
rVSVOmicron	534	G	117493	0.000108166	6.23099e-05	5.23295e-05	0.999777 0.000223 26
rVSVOmicron	535	G	117962	7.84666e-05	0.000250061	7.33079e-06	0.999664 0.000336 40
rVSVOmicron	536	G	118027	0.000213967	6.20156e-05	1.98665e-05	0.999704 0.000296 35
