rVSVOmicron	7	G	10582	0.000114189	0.000114189	0	0.999772 0.000228 2
rVSVOmicron	8	T	11347	0.000105236	0.99979	0.000105236	0 0.00021 2
rVSVOmicron	9	G	12319	8.63517e-05	0.000272139	0	0.999642 0.000358 4
rVSVOmicron	10	T	12870	0	0.996558	0.00344187	0 0.003442 44
rVSVOmicron	12	C	14476	0.000114698	0	0.999885	0 0.000115 2
rVSVOmicron	13	C	15287	0	6.21275e-05	0.999938	0 6.2e-05 1
rVSVOmicron	14	T	15719	0	0.999153	0.000847355	0 0.000847 13
rVSVOmicron	15	C	16742	0	0.020304	0.979696	0 0.020304 340
rVSVOmicron	16	G	17849	0.000185919	0.000196543	0	0.999618 0.000382 7
rVSVOmicron	17	T	18637	0	0.999825	0.000175408	0 0.000175 3
rVSVOmicron	18	G	19695	0.000249014	0	0	0.999751 0.000249 5
rVSVOmicron	19	C	20540	9.86133e-05	0	0.999901	0 9.9e-05 2
rVSVOmicron	20	T	21405	0.000107353	0.999781	0.000111706	0 0.000219 5
rVSVOmicron	21	C	22678	4.13132e-05	0	0.999959	0 4.1e-05 1
rVSVOmicron	22	C	23516	0	4.89364e-05	0.999951	0 4.9e-05 1
rVSVOmicron	23	T	24416	4.69989e-05	0.99939	0.000515718	4.69989e-05 0.00061 15
rVSVOmicron	24	G	25738	0.000215785	0	4.48541e-05	0.999739 0.000261 7
rVSVOmicron	25	C	27104	0	9.58812e-05	0.999861	4.27422e-05 0.000139 4
rVSVOmicron	26	C	26640	0	4.33845e-05	0.999957	0 4.3e-05 1
rVSVOmicron	28	C	27414	7.01584e-05	8.37374e-05	0.999811	3.50792e-05 0.000189 5
rVSVOmicron	29	T	28234	0.000171635	0.999575	0.000212344	4.07084e-05 0.000425 12
rVSVOmicron	30	G	29950	0.000612848	0.000115888	3.86293e-05	0.999233 0.000767 23
rVSVOmicron	31	G	30265	0	3.82401e-05	0	0.999962 3.8e-05 1
rVSVOmicron	32	T	31021	0	0.99988	0	0.000120139 0.00012 4
rVSVOmicron	33	G	32069	0.000276887	4.76052e-05	0	0.999676 0.000324 10
rVSVOmicron	34	T	32505	0	0.999867	0.000132474	0 0.000133 4
rVSVOmicron	35	C	33273	3.44302e-05	3.44302e-05	0.999931	0 6.9e-05 2
rVSVOmicron	36	T	34143	0	0.999966	3.38479e-05	0 3.4e-05 1
rVSVOmicron	37	A	35795	0.99987	3.21539e-05	0	9.81996e-05 0.00013 5
rVSVOmicron	38	G	36721	3.25252e-05	0	3.25252e-05	0.999935 6.5e-05 2
rVSVOmicron	39	C	37616	3.07307e-05	0.000291527	0.999678	0 0.000322 12
rVSVOmicron	40	C	38660	2.98121e-05	0.000149866	0.999724	9.6688e-05 0.000276 11
rVSVOmicron	41	A	39769	0.99997	0	2.99003e-05	0 3e-05 1
rVSVOmicron	42	G	40690	0.000120066	9.23586e-05	2.84772e-05	0.999759 0.000241 10
rVSVOmicron	43	T	41345	0	0.999831	0.000169468	0 0.000169 7
rVSVOmicron	44	G	42121	2.76279e-05	5.52558e-05	2.76279e-05	0.999889 0.000111 5
rVSVOmicron	45	C	43182	8.68269e-05	0.000437783	0.999448	2.69966e-05 0.000552 24
rVSVOmicron	46	G	45386	0.000706662	0.00019084	2.55837e-05	0.999077 0.000923 42
rVSVOmicron	47	T	47414	0	0.999736	0.000263572	0 0.000264 13
rVSVOmicron	48	G	50139	9.20634e-05	0.000263749	2.30158e-05	0.999621 0.000379 19
rVSVOmicron	49	A	52825	0.999912	2.19495e-05	0	6.58486e-05 8.8e-05 5
rVSVOmicron	50	A	55215	0.999952	0	2.18788e-05	2.66093e-05 4.8e-05 3
rVSVOmicron	51	C	57425	0	6.72739e-05	0.999913	2.00737e-05 8.7e-05 5
rVSVOmicron	52	C	42678	5.44163e-05	0.000163249	0.999782	0 0.000218 9
rVSVOmicron	53	T	43632	2.65817e-05	0.99954	0.000406629	2.65817e-05 0.00046 20
rVSVOmicron	54	G	44806	0.000156882	0.00010623	2.60298e-05	0.999711 0.000289 13
rVSVOmicron	55	A	45680	0.999799	0	0	0.000201255 0.000201 9
rVSVOmicron	56	C	46597	0	6.22958e-05	0.999938	0 6.2e-05 3
rVSVOmicron	57	C	47334	2.46786e-05	0.000564274	0.999411	0 0.000589 28
rVSVOmicron	58	A	48266	0.999843	0	7.30248e-05	8.35509e-05 0.000157 8
rVSVOmicron	59	C	49157	7.09048e-05	0.000139893	0.999789	0 0.000211 10
rVSVOmicron	60	A	50070	0.999535	2.32336e-05	0	0.000441439 0.000465 23
rVSVOmicron	61	C	51034	0	0.000786919	0.999213	0 0.000787 40
rVSVOmicron	62	G	52238	0.000131042	0.000184429	2.24469e-05	0.999662 0.000338 18
rVSVOmicron	63	G	52749	2.22088e-05	4.44175e-05	4.38173e-05	0.99989 0.00011 6
rVSVOmicron	64	A	52015	0.999876	2.24798e-05	6.07563e-06	9.53874e-05 0.000124 6
rVSVOmicron	65	C	52942	0	9.72821e-05	0.999903	0 9.7e-05 5
rVSVOmicron	66	C	53993	0.000139872	9.34467e-05	0.999767	0 0.000233 13
rVSVOmicron	67	C	55097	2.1432e-05	0.000115269	0.999842	2.1432e-05 0.000158 9
rVSVOmicron	68	A	56312	0.999937	0	0	6.29337e-05 6.3e-05 4
rVSVOmicron	69	G	57146	0.000227841	8.72464e-05	0.000102806	0.999582 0.000418 24
rVSVOmicron	70	C	57596	6.58514e-05	6.09125e-05	0.999873	0 0.000127 7
rVSVOmicron	71	T	58489	0.00290759	0.996888	0.000204516	0 0.003112 182
rVSVOmicron	72	C	59925	1.95468e-05	0.000248825	0.996865	0.00286651 0.003135 188
rVSVOmicron	73	C	61567	0.000206558	0.000103019	0.99969	0 0.00031 19
rVSVOmicron	74	C	61133	0.000295804	5.79087e-05	0.999646	0 0.000354 22
rVSVOmicron	75	T	61919	2.19846e-05	0.999464	0.000456565	5.77736e-05 0.000536 33
rVSVOmicron	76	C	63359	3.70112e-05	3.70112e-05	0.999907	1.85056e-05 9.3e-05 6
rVSVOmicron	77	C	64302	3.68282e-05	0.000274718	0.999611	7.71401e-05 0.000389 25
rVSVOmicron	78	C	65435	0	0.000221337	0.999738	4.06437e-05 0.000262 17
rVSVOmicron	79	G	66576	0.000421971	0.000114124	3.54839e-05	0.999428 0.000572 38
rVSVOmicron	80	C	67799	5.63959e-05	3.47775e-05	0.999909	0 9.1e-05 6
rVSVOmicron	81	C	68214	9.08525e-05	3.46551e-05	0.99984	3.46551e-05 0.00016 11
rVSVOmicron	82	T	69062	1.71575e-05	0.999622	0.000344078	1.71575e-05 0.000378 26
rVSVOmicron	83	A	70121	0.999966	1.71217e-05	0	1.71217e-05 3.4e-05 2
rVSVOmicron	84	C	71162	0	0.000172452	0.999828	0 0.000172 12
rVSVOmicron	85	A	71777	0.999864	0	1.65465e-05	0.000119403 0.000136 10
rVSVOmicron	86	C	72761	0.000117491	3.24414e-05	0.99985	0 0.00015 11
rVSVOmicron	87	A	73856	0.999947	0	0	5.26439e-05 5.3e-05 4
rVSVOmicron	88	A	74864	0.999894	3.27313e-05	0	7.2982e-05 0.000106 8
rVSVOmicron	89	A	73426	0.999878	0	4.90365e-05	7.28542e-05 0.000122 9
rVSVOmicron	90	C	73685	3.64958e-05	6.90342e-05	0.999874	2.02266e-05 0.000126 9
rVSVOmicron	91	T	74285	0	0.999904	9.6313e-05	0 9.6e-05 7
rVSVOmicron	92	C	75122	3.53541e-05	8.22089e-05	0.999864	1.87419e-05 0.000136 10
rVSVOmicron	93	T	75698	0	0.999755	0.000216278	2.87486e-05 0.000245 19
rVSVOmicron	94	T	76943	1.60816e-05	0.999838	0.000135172	1.04313e-05 0.000162 12
rVSVOmicron	95	T	78008	0	0.99988	0.000119555	0 0.00012 9
rVSVOmicron	96	C	78505	7.44946e-05	7.94063e-05	0.999831	1.51445e-05 0.000169 13
rVSVOmicron	97	A	79449	0.999869	1.50428e-05	0	0.000115464 0.000131 10
rVSVOmicron	98	C	80366	3.48207e-05	0.000110866	0.999854	0 0.000146 12
rVSVOmicron	99	C	81049	4.46066e-05	0.000137838	0.999818	0 0.000182 15
rVSVOmicron	100	C	82169	4.12374e-05	0.000203808	0.99972	3.44967e-05 0.00028 23
rVSVOmicron	101	G	83368	0.000229403	4.15332e-05	0.000363707	0.999365 0.000635 53
rVSVOmicron	102	G	83796	0.000133848	5.77538e-05	3.70717e-05	0.999771 0.000229 19
rVSVOmicron	103	G	84663	8.96001e-05	8.61092e-05	0	0.999824 0.000176 15
rVSVOmicron	104	G	85114	9.46731e-05	4.27183e-05	0	0.999863 0.000137 12
rVSVOmicron	105	C	86159	1.87264e-05	0.000262169	0.999672	4.71905e-05 0.000328 28
rVSVOmicron	106	G	87083	0.000510999	4.11319e-05	0	0.999448 0.000552 48
rVSVOmicron	107	T	87859	2.08167e-05	0.999935	4.46073e-05	0 6.5e-05 6
rVSVOmicron	108	G	89217	8.37037e-05	4.45695e-05	1.63059e-05	0.999855 0.000145 13
rVSVOmicron	109	T	90002	8.24416e-05	0.999762	0.000155163	0 0.000238 21
rVSVOmicron	110	A	91373	0.99982	1.32666e-05	8.21094e-05	8.49779e-05 0.00018 16
rVSVOmicron	111	C	92001	2.59607e-05	0.000733215	0.999228	1.29804e-05 0.000772 71
rVSVOmicron	112	T	92812	0	0.999732	0.000267672	0 0.000268 25
rVSVOmicron	113	A	93985	0.99993	0	0	7.00785e-05 7e-05 7
rVSVOmicron	114	C	94354	2.85454e-05	0.000146166	0.99981	1.54764e-05 0.00019 18
rVSVOmicron	115	C	95470	6.96804e-05	6.55614e-05	0.999852	1.27004e-05 0.000148 14
rVSVOmicron	116	C	96325	4.67033e-05	0.000116588	0.999808	2.82947e-05 0.000192 18
rVSVOmicron	117	C	97371	6.53876e-05	0.0001028	0.999832	0 0.000168 16
rVSVOmicron	118	G	97745	0.000249602	8.4199e-05	4.29315e-05	0.999623 0.000377 37
rVSVOmicron	119	A	99322	0.999948	1.63555e-05	2.35519e-05	1.21031e-05 5.2e-05 5
rVSVOmicron	120	C	101213	2.65705e-05	0.000144057	0.999825	4.16165e-06 0.000175 18
rVSVOmicron	121	A	103395	0.999804	0	2.79078e-05	0.000168088 0.000196 20
rVSVOmicron	122	A	105876	0.999825	1.57164e-05	1.44591e-05	0.000144905 0.000175 19
rVSVOmicron	123	G	106923	0.000163385	5.54833e-05	4.62872e-05	0.999735 0.000265 28
rVSVOmicron	124	G	100329	4.29399e-05	1.21281e-05	0	0.999945 5.5e-05 6
rVSVOmicron	125	T	101025	0	0.99985	0.000145897	4.20545e-06 0.00015 15
rVSVOmicron	126	G	102381	5.80995e-05	4.72457e-05	1.18114e-05	0.999883 0.000117 12
rVSVOmicron	127	T	102110	1.21565e-05	0.999924	3.94266e-05	2.4313e-05 7.6e-05 8
rVSVOmicron	128	T	103083	1.17219e-05	0.999955	3.32649e-05	0 4.5e-05 5
rVSVOmicron	129	C	104278	9.84682e-05	0.00083116	0.999024	4.656e-05 0.000976 102
rVSVOmicron	130	C	105254	4.63355e-05	0.000218841	0.999709	2.56724e-05 0.000291 31
rVSVOmicron	131	G	107028	0.000248818	0.000132559	4.82873e-05	0.99957 0.00043 46
rVSVOmicron	132	G	106425	5.70158e-05	2.28063e-05	3.69832e-05	0.999883 0.000117 12
rVSVOmicron	133	T	104830	0	0.999879	0.00012138	0 0.000121 13
rVSVOmicron	134	C	105464	1.14236e-05	5.98967e-05	0.999892	3.70495e-05 0.000108 11
rVSVOmicron	135	T	106321	0	0.999897	0.000102544	0 0.000103 11
rVSVOmicron	136	A	108330	0.99976	0	3.40098e-05	0.000205897 0.00024 26
rVSVOmicron	137	G	107832	0.00394664	4.59236e-05	0	0.996007 0.003993 431
rVSVOmicron	138	C	108856	5.85496e-05	0.000425843	0.999507	9.05406e-06 0.000493 54
rVSVOmicron	139	G	108453	0.000108957	2.23968e-05	3.63192e-05	0.999832 0.000168 18
rVSVOmicron	140	T	109058	0.000215051	0.994741	8.07195e-05	0.00496364 0.005259 574
rVSVOmicron	141	G	110249	0.0112724	1.3113e-05	0.00522016	0.983494 0.016506 1820
rVSVOmicron	142	C	110314	3.57934e-05	0.000269942	0.999661	3.31089e-05 0.000339 37
rVSVOmicron	143	T	111067	3.28778e-05	0.999714	0.000252656	0 0.000286 32
rVSVOmicron	144	C	112617	3.24605e-05	9.7674e-05	0.999859	1.08202e-05 0.000141 16
rVSVOmicron	145	C	113596	0.000242508	0.000282491	0.999436	3.88244e-05 0.000564 64
rVSVOmicron	146	A	113645	0.999741	0	0.00023153	2.74257e-05 0.000259 29
rVSVOmicron	147	C	113245	4.25611e-05	5.57895e-05	0.999833	6.84428e-05 0.000167 19
rVSVOmicron	148	T	113452	1.06729e-05	0.999809	0.000180573	0 0.000191 22
rVSVOmicron	149	C	113092	2.11015e-05	8.66873e-05	0.999861	3.16523e-05 0.000139 16
rVSVOmicron	150	T	113460	2.34813e-05	0.999402	0.000575004	0 0.000598 68
rVSVOmicron	151	A	114514	0.999958	0	0	4.24704e-05 4.2e-05 5
rVSVOmicron	152	C	115483	6.58119e-05	0.000123782	0.99981	0 0.00019 22
rVSVOmicron	153	A	115535	0.999815	4.24263e-06	4.10121e-05	0.000139441 0.000185 21
rVSVOmicron	154	C	114750	1.03723e-05	0.000116618	0.999873	0 0.000127 15
rVSVOmicron	155	A	114977	0.999558	2.35084e-05	5.74963e-05	0.000360556 0.000442 51
rVSVOmicron	156	G	116495	0.000130711	9.98412e-05	2.05801e-05	0.999749 0.000251 29
rVSVOmicron	157	G	118007	6.59013e-05	3.65203e-05	1.01598e-05	0.999887 0.000113 13
rVSVOmicron	158	A	119186	0.999916	2.21764e-05	0	6.22022e-05 8.4e-05 10
rVSVOmicron	159	C	121033	0.000275083	6.66217e-05	0.995023	0.00463558 0.004977 602
rVSVOmicron	160	C	111753	5.60945e-05	0.00585782	0.994086	0 0.005914 661
rVSVOmicron	161	T	111516	3.19649e-05	0.999343	0.00060359	2.13099e-05 0.000657 73
rVSVOmicron	162	G	112355	0.000216239	3.59439e-05	0.00026656	0.999481 0.000519 58
rVSVOmicron	163	T	112601	1.17122e-05	0.994828	0.000117439	0.0050429 0.005172 582
rVSVOmicron	164	T	113028	0.000276095	0.995222	6.44999e-05	0.00443707 0.004778 540
rVSVOmicron	165	C	114803	3.14482e-05	8.64117e-05	0.999882	0 0.000118 14
rVSVOmicron	166	C	110987	6.9669e-05	0.000346888	0.99957	1.34091e-05 0.00043 48
rVSVOmicron	167	T	111471	9.18131e-06	0.999596	0.000395083	0 0.000404 45
rVSVOmicron	168	C	112894	4.4845e-05	0.000692669	0.999235	2.71355e-05 0.000765 86
rVSVOmicron	169	C	113758	9.87456e-05	0.000133495	0.999744	2.40348e-05 0.000256 29
rVSVOmicron	170	C	113679	9.35674e-05	8.95615e-05	0.999817	0 0.000183 21
rVSVOmicron	171	T	114065	4.49232e-05	0.999047	0.000897033	1.0587e-05 0.000953 109
rVSVOmicron	172	T	114820	0	0.999845	0.000119111	3.55864e-05 0.000155 18
rVSVOmicron	173	T	115270	2.09476e-05	0.999958	2.09476e-05	0 4.2e-05 5
rVSVOmicron	174	C	115397	3.33581e-05	0.000102854	0.999853	1.02854e-05 0.000147 17
rVSVOmicron	175	T	115459	2.08069e-05	0.999914	6.49514e-05	0 8.6e-05 10
rVSVOmicron	176	T	116527	1.02341e-05	0.999779	0.000200533	1.02341e-05 0.000221 26
rVSVOmicron	177	C	117479	7.30813e-05	0.000220335	0.999696	1.00896e-05 0.000304 36
rVSVOmicron	178	A	117343	0.99968	1.01708e-05	0	0.000309523 0.00032 38
rVSVOmicron	179	G	117657	0.000238743	9.48395e-05	3.04254e-05	0.999636 0.000364 43
rVSVOmicron	180	C	118869	3.05769e-05	0.000172908	0.999776	2.00238e-05 0.000224 27
rVSVOmicron	181	A	119317	0.999958	0	0	4.20278e-05 4.2e-05 5
rVSVOmicron	182	A	117246	0.99994	8.36155e-06	1.03126e-05	4.12503e-05 6e-05 7
rVSVOmicron	183	C	118207	3.01098e-05	0.000184457	0.999711	7.48677e-05 0.000289 34
rVSVOmicron	184	G	116364	0.000191548	2.04835e-05	1.02417e-05	0.999778 0.000222 26
rVSVOmicron	185	T	117122	1.23936e-05	0.999926	6.11419e-05	0 7.4e-05 9
rVSVOmicron	186	G	118374	7.26816e-05	9.03095e-05	2.22384e-05	0.999815 0.000185 22
rVSVOmicron	187	A	118749	0.999851	1.21259e-05	0	0.000136619 0.000149 18
rVSVOmicron	188	C	119796	2.99724e-05	8.75087e-05	0.999883	0 0.000117 14
rVSVOmicron	189	A	117154	0.999702	0.000100489	2.03731e-05	0.000177301 0.000298 35
rVSVOmicron	190	T	117687	2.26637e-05	0.999821	0.000155915	0 0.000179 21
rVSVOmicron	191	G	118717	0.000173511	4.08582e-05	2.01567e-05	0.999765 0.000235 28
rVSVOmicron	192	G	118513	5.30647e-05	3.51044e-05	2.25865e-05	0.999889 0.000111 13
rVSVOmicron	193	T	118744	1.03425e-05	0.999887	9.25236e-05	1.03425e-05 0.000113 13
rVSVOmicron	194	T	119182	1.98341e-05	0.999821	0.000159477	0 0.000179 21
rVSVOmicron	195	C	120259	2.9746e-05	4.44851e-05	0.999904	2.22425e-05 9.6e-05 12
rVSVOmicron	196	C	120815	4.95161e-05	0.000211109	0.99971	2.95499e-05 0.00029 35
rVSVOmicron	197	A	120795	0.999868	1.96108e-05	0	0.000112629 0.000132 16
rVSVOmicron	198	C	121676	5.08342e-05	0.000339772	0.999534	7.5066e-05 0.000466 57
rVSVOmicron	199	G	120611	0.00048571	3.29475e-05	9.83112e-06	0.999471 0.000529 64
rVSVOmicron	200	T	120879	2.98163e-05	0.999824	0.000136725	9.93877e-06 0.000176 21
rVSVOmicron	201	G	121682	5.87792e-05	5.19566e-05	4.85453e-05	0.999841 0.000159 19
rVSVOmicron	202	A	121586	0.999935	9.6502e-06	0	5.5293e-05 6.5e-05 8
rVSVOmicron	203	T	121537	9.71763e-06	0.990215	0.00977515	0 0.009785 1189
rVSVOmicron	204	C	118497	4.30708e-05	0.000113429	0.999834	9.89825e-06 0.000166 20
rVSVOmicron	205	T	118583	2.96881e-05	0.999224	0.000736852	9.89602e-06 0.000776 92
rVSVOmicron	206	C	116423	2.01395e-05	5.27981e-05	0.999897	3.02092e-05 0.000103 12
rVSVOmicron	207	T	116830	1.52363e-05	0.999812	0.000173041	0 0.000188 22
rVSVOmicron	208	G	117610	0.000127969	3.2673e-05	6.26232e-05	0.999777 0.000223 26
rVSVOmicron	209	G	118022	0.000447959	6.45387e-05	1.00757e-05	0.999477 0.000523 62
rVSVOmicron	210	C	118785	1.98739e-05	0.00191944	0.998051	9.93693e-06 0.001949 232
rVSVOmicron	211	A	118986	0.999938	0	9.88969e-06	5.1854e-05 6.2e-05 7
rVSVOmicron	212	C	119738	4.75585e-05	5.12782e-05	0.999891	9.83054e-06 0.000109 13
rVSVOmicron	213	A	119882	0.999922	0	0	7.7733e-05 7.8e-05 9
rVSVOmicron	214	A	119868	0.999901	0	2.9915e-05	6.89932e-05 9.9e-05 12
rVSVOmicron	215	A	120071	0.9999	0	1.02845e-05	8.97809e-05 0.0001 12
rVSVOmicron	216	C	120945	2.92214e-05	0.00030564	0.999655	9.74046e-06 0.000345 42
rVSVOmicron	217	G	121353	0.0002091	5.68091e-05	9.86825e-06	0.999724 0.000276 33
rVSVOmicron	218	G	121413	0.000523869	5.14845e-05	9.81922e-06	0.999415 0.000585 71
rVSVOmicron	219	C	121783	7.3159e-05	0.000261432	0.999656	9.7021e-06 0.000344 42
rVSVOmicron	220	A	122144	0.999952	0	0	4.82574e-05 4.8e-05 6
rVSVOmicron	221	C	122969	2.87907e-05	3.34595e-05	0.999938	0 6.2e-05 8
rVSVOmicron	222	A	123153	0.999728	0	1.92836e-05	0.000252771 0.000272 33
rVSVOmicron	223	A	123763	0.999555	9.77063e-06	0.000381583	5.36064e-05 0.000445 55
rVSVOmicron	224	A	123855	0.999746	1.95503e-05	4.14783e-05	0.000193125 0.000254 31
rVSVOmicron	225	G	124427	0.000113043	2.89119e-05	0	0.999858 0.000142 18
rVSVOmicron	226	C	125234	3.53013e-05	0.000545636	0.999419	0 0.000581 73
rVSVOmicron	227	G	125979	0.000317952	0.000159868	0	0.999522 0.000478 60
rVSVOmicron	228	G	126422	0.000115248	3.25646e-05	1.88264e-05	0.999833 0.000167 21
rVSVOmicron	229	T	126217	1.8842e-05	0.999928	5.27068e-05	0 7.2e-05 9
rVSVOmicron	230	T	126078	3.37884e-05	0.999947	1.87995e-05	0 5.3e-05 7
rVSVOmicron	231	C	126877	4.85644e-05	0.000115904	0.999826	9.26229e-06 0.000174 22
rVSVOmicron	232	G	127358	0.000253024	4.49765e-05	9.29682e-06	0.999693 0.000307 39
rVSVOmicron	233	A	127384	0.999745	9.18108e-06	9.18108e-06	0.000236723 0.000255 32
rVSVOmicron	234	C	128343	0.000104861	8.90326e-05	0.99977	3.66023e-05 0.00023 30
rVSVOmicron	235	A	128549	0.999789	9.23471e-06	8.48595e-06	0.00019343 0.000211 27
rVSVOmicron	236	A	128208	0.999953	0	0	4.67154e-05 4.7e-05 6
rVSVOmicron	237	C	128304	1.84665e-05	0.000172437	0.999809	0 0.000191 25
rVSVOmicron	238	C	130272	3.65747e-05	6.62298e-05	0.999897	0 0.000103 13
rVSVOmicron	239	C	130403	8.062e-05	0.000103619	0.999816	0 0.000184 24
rVSVOmicron	240	C	130921	0.00014099	0.000127971	0.999731	0 0.000269 35
rVSVOmicron	241	G	131539	0.000263534	1.60011e-05	5.79435e-05	0.999663 0.000337 44
rVSVOmicron	242	T	131603	1.83159e-05	0.999873	9.92524e-05	9.15796e-06 0.000127 17
rVSVOmicron	243	G	132607	0.000317906	4.83926e-05	0	0.999634 0.000366 49
rVSVOmicron	244	C	132734	2.65998e-05	0.00011287	0.999849	1.10234e-05 0.000151 20
rVSVOmicron	245	T	132873	2.06289e-05	0.999686	0.000284537	8.77322e-06 0.000314 42
rVSVOmicron	246	C	134264	1.37366e-05	9.02354e-05	0.99988	1.56313e-05 0.00012 16
rVSVOmicron	247	C	134954	6.33647e-05	0.000114581	0.999822	0 0.000178 24
rVSVOmicron	248	C	134717	7.25565e-05	0.000311874	0.999578	3.73488e-05 0.000422 57
rVSVOmicron	249	T	134411	8.78296e-06	0.99972	0.000219337	5.17483e-05 0.00028 38
rVSVOmicron	250	T	135210	8.88159e-06	0.999865	0.000102498	2.32842e-05 0.000135 18
rVSVOmicron	251	T	135470	1.09771e-05	0.999916	7.27832e-05	0 8.4e-05 11
rVSVOmicron	252	C	136191	5.39382e-05	4.55322e-05	0.999892	8.63945e-06 0.000108 15
rVSVOmicron	253	A	136379	0.999888	0	1.66811e-05	9.53877e-05 0.000112 15
rVSVOmicron	254	A	136769	0.999898	8.79e-06	2.06684e-05	7.24581e-05 0.000102 14
rVSVOmicron	255	C	137715	3.03191e-05	0.000293085	0.999666	1.05657e-05 0.000334 46
rVSVOmicron	256	G	138204	0.00017069	2.98766e-05	2.87186e-05	0.999771 0.000229 32
rVSVOmicron	257	A	137611	0.999941	0	1.94711e-05	3.94058e-05 5.9e-05 8
rVSVOmicron	258	C	137698	2.34284e-05	0.000173416	0.9998	2.98597e-06 0.0002 28
rVSVOmicron	259	G	138195	0.000143525	1.91829e-05	1.1556e-05	0.999826 0.000174 24
rVSVOmicron	260	G	138155	7.53542e-05	0.000110151	0.000441986	0.999372 0.000628 87
rVSVOmicron	261	C	138574	1.69459e-05	0.000461204	0.999502	1.99229e-05 0.000498 69
rVSVOmicron	262	G	138149	0.000575678	2.75005e-05	0	0.999397 0.000603 83
rVSVOmicron	263	T	138450	1.94632e-05	0.99988	8.32463e-05	1.73528e-05 0.00012 17
rVSVOmicron	264	G	139327	5.4645e-05	2.57287e-05	1.86704e-05	0.999901 9.9e-05 14
rVSVOmicron	265	T	139351	8.39792e-06	0.999227	0.000104861	0.000660258 0.000773 108
rVSVOmicron	266	A	140035	0.99986	2.55209e-05	4.25349e-05	7.19644e-05 0.00014 20
rVSVOmicron	267	C	140450	4.96131e-05	0.000301756	0.99963	1.85766e-05 0.00037 52
rVSVOmicron	268	T	140276	5.20841e-05	0.999696	0.000208102	4.34034e-05 0.000304 43
rVSVOmicron	269	T	136875	5.22773e-05	0.999871	5.90454e-05	1.72702e-05 0.000129 18
rVSVOmicron	270	C	137770	4.22993e-05	0.00027003	0.999662	2.58369e-05 0.000338 47
rVSVOmicron	271	G	138230	0.00032101	0.000247321	8.52036e-06	0.999423 0.000577 80
rVSVOmicron	272	C	138645	0.000220052	0.000164753	0.999615	0 0.000385 53
rVSVOmicron	273	C	139423	0.000250051	0.000105476	0.999602	4.20541e-05 0.000398 55
rVSVOmicron	274	A	139305	0.99938	0	0.000109357	0.000510483 0.00062 86
rVSVOmicron	275	G	139809	0.000294854	5.22326e-05	2.05765e-05	0.999632 0.000368 51
rVSVOmicron	276	C	140775	4.50786e-05	0.000118782	0.999819	1.66791e-05 0.000181 25
rVSVOmicron	277	A	141052	0.99995	1.86074e-05	6.72555e-06	2.48845e-05 5e-05 7
rVSVOmicron	278	T	141589	1.65416e-05	0.99994	4.33658e-05	0 6e-05 8
rVSVOmicron	279	A	141393	0.999854	1.03834e-05	3.34074e-05	0.000101802 0.000146 21
rVSVOmicron	280	G	142049	7.52828e-05	9.20123e-05	0.000115072	0.999718 0.000282 40
rVSVOmicron	281	A	142175	0.999852	4.15919e-05	1.64588e-05	9.03011e-05 0.000148 21
rVSVOmicron	282	G	143059	2.47728e-05	6.60607e-05	5.15541e-05	0.999858 0.000142 20
rVSVOmicron	283	A	143946	0.999877	8.00782e-06	3.55903e-06	0.000110997 0.000123 18
rVSVOmicron	284	A	142227	0.999806	1.7081e-05	5.97835e-05	0.00011749 0.000194 28
rVSVOmicron	285	G	143330	5.95924e-05	4.15812e-05	0	0.999899 0.000101 14
rVSVOmicron	286	T	143675	8.2269e-06	0.99995	3.86886e-05	3.55758e-06 5e-05 7
rVSVOmicron	287	C	143666	4.38397e-05	0.000672652	0.99925	3.36548e-05 0.00075 108
rVSVOmicron	288	T	144075	8.11098e-06	0.99986	0.000115965	1.6222e-05 0.00014 20
rVSVOmicron	289	A	145901	0.999566	0	0.000330254	0.00010405 0.000434 63
rVSVOmicron	290	A	146243	0.99984	1.62369e-05	8.11843e-06	0.000135161 0.00016 23
rVSVOmicron	291	C	147252	4.92727e-05	4.1925e-05	0.999901	7.99601e-06 9.9e-05 15
rVSVOmicron	292	A	145099	0.999885	8.08822e-06	1.59578e-05	9.09378e-05 0.000115 17
rVSVOmicron	293	T	145493	8.78704e-05	0.999746	0.000140503	2.58705e-05 0.000254 37
rVSVOmicron	294	T	145895	2.45302e-05	0.999892	8.35352e-05	0 0.000108 16
rVSVOmicron	295	A	146391	0.999961	0	1.41431e-05	2.45294e-05 3.9e-05 6
rVSVOmicron	296	T	146689	2.42974e-05	0.999918	4.11524e-05	1.61983e-05 8.2e-05 12
rVSVOmicron	297	C	146602	5.6191e-05	0.000110212	0.999834	0 0.000166 24
rVSVOmicron	298	C	147059	3.223e-05	0.000179225	0.999755	3.37544e-05 0.000245 36
rVSVOmicron	299	G	147665	0.000242216	9.21284e-05	0.000100563	0.999565 0.000435 64
rVSVOmicron	300	G	148145	9.82967e-05	4.5351e-05	0	0.999856 0.000144 21
rVSVOmicron	301	G	148384	5.6384e-05	6.11367e-05	0	0.999882 0.000118 18
rVSVOmicron	302	G	147935	9.86441e-05	3.38147e-05	0	0.999868 0.000132 20
rVSVOmicron	303	C	147884	6.00419e-05	0.000225592	0.99958	0.000134442 0.00042 62
rVSVOmicron	304	T	148082	3.37477e-05	0.999688	0.000270196	7.95328e-06 0.000312 46
rVSVOmicron	305	G	149678	0.000155993	1.56628e-05	2.62458e-05	0.999802 0.000198 30
rVSVOmicron	306	G	149994	0.000124531	5.54419e-05	1.76988e-05	0.999802 0.000198 30
rVSVOmicron	307	A	150081	0.999936	0	7.78595e-06	5.63956e-05 6.4e-05 10
rVSVOmicron	308	T	150239	7.87859e-06	0.999945	2.36358e-05	2.36358e-05 5.5e-05 8
rVSVOmicron	309	T	150528	7.85371e-06	0.999969	2.35611e-05	0 3.1e-05 5
rVSVOmicron	310	T	150805	0	0.999777	0.00020712	1.56237e-05 0.000223 34
rVSVOmicron	311	T	150666	0	0.999984	1.55725e-05	0 1.6e-05 2
rVSVOmicron	312	C	151696	3.25613e-05	0.000174421	0.999768	2.48876e-05 0.000232 35
rVSVOmicron	313	G	152279	0.000290336	0.000101993	3.46234e-05	0.999573 0.000427 65
rVSVOmicron	314	G	152635	0.000175606	7.3291e-05	1.54517e-05	0.999736 0.000264 40
rVSVOmicron	315	C	153165	5.77105e-05	0.000236201	0.999697	9.2749e-06 0.000303 46
rVSVOmicron	316	A	152128	0.999938	1.70899e-05	2.28551e-05	2.16197e-05 6.2e-05 9
rVSVOmicron	317	C	152731	2.1598e-05	0.00026185	0.999717	0 0.000283 43
rVSVOmicron	318	C	153366	8.85877e-05	0.000132468	0.999703	7.59619e-05 0.000297 46
rVSVOmicron	319	A	153189	0.99735	0	0	0.00265027 0.00265 406
rVSVOmicron	320	C	154106	3.19405e-05	6.95774e-05	0.997403	0.00249522 0.002597 400
rVSVOmicron	321	A	152423	0.997323	0	0.00258839	8.90525e-05 0.002677 408
rVSVOmicron	322	C	151522	1.52227e-05	5.67767e-05	0.999928	0 7.2e-05 11
rVSVOmicron	323	T	151514	2.3154e-05	0.999881	8.8444e-05	7.71799e-06 0.000119 18
rVSVOmicron	324	C	152697	6.22479e-05	7.33051e-05	0.999832	3.21478e-05 0.000168 26
rVSVOmicron	325	G	153237	0.000244644	6.89864e-05	2.47115e-05	0.999662 0.000338 52
rVSVOmicron	326	A	150431	0.999954	0	0	4.60688e-05 4.6e-05 7
rVSVOmicron	327	C	150510	7.72844e-06	4.32375e-05	0.999934	1.54569e-05 6.6e-05 10
rVSVOmicron	328	T	150380	1.54448e-05	0.999898	6.92928e-05	1.73232e-05 0.000102 15
rVSVOmicron	329	C	150618	6.68628e-05	0.00016871	0.999734	3.06368e-05 0.000266 40
rVSVOmicron	330	T	150775	1.73235e-05	0.999676	0.000298674	7.72252e-06 0.000324 49
rVSVOmicron	331	A	152139	0.999906	7.70689e-06	7.70689e-06	7.89436e-05 9.4e-05 14
rVSVOmicron	332	A	151866	0.999876	1.54169e-05	2.1667e-05	8.66679e-05 0.000124 19
rVSVOmicron	333	G	151338	3.89824e-05	2.33894e-05	7.79648e-06	0.99993 7e-05 11
rVSVOmicron	334	A	150439	0.999905	3.09283e-05	1.54641e-05	4.86911e-05 9.5e-05 14
rVSVOmicron	335	C	151291	1.52794e-05	5.53362e-05	0.999929	0 7.1e-05 11
rVSVOmicron	336	A	150782	0.999936	1.55556e-05	0	4.85586e-05 6.4e-05 10
rVSVOmicron	337	C	151598	7.61275e-06	0.0001467	0.999829	1.68715e-05 0.000171 26
rVSVOmicron	338	A	151105	0.999409	0.000190419	4.60992e-05	0.000354051 0.000591 89
rVSVOmicron	339	G	152107	0.000106348	1.55528e-05	7.77642e-06	0.99987 0.00013 20
rVSVOmicron	340	T	152287	1.52775e-05	0.999618	0.000177756	0.000188491 0.000382 58
rVSVOmicron	341	C	153206	5.67966e-05	4.75697e-05	0.999873	2.27597e-05 0.000127 19
rVSVOmicron	342	C	153794	0.000103243	0.000214763	0.999682	0 0.000318 49
rVSVOmicron	343	C	153407	5.97738e-05	0.000117705	0.999665	0.000157623 0.000335 51
rVSVOmicron	344	T	153259	0.000169384	0.999498	0.00032516	7.92082e-06 0.000502 77
rVSVOmicron	345	C	154906	4.11215e-05	8.6902e-05	0.999864	7.49505e-06 0.000136 21
rVSVOmicron	346	C	154210	0.000118026	5.26138e-05	0.999772	5.70829e-05 0.000228 35
rVSVOmicron	347	T	154123	1.51254e-05	0.999817	0.000168219	0 0.000183 28
rVSVOmicron	348	G	155376	0.000297259	5.06875e-05	9.28935e-06	0.999643 0.000357 55
rVSVOmicron	349	A	148795	0.999851	0.00012377	0	2.50886e-05 0.000149 22
rVSVOmicron	350	T	148817	2.94465e-05	0.999906	5.65113e-05	8.01118e-06 9.4e-05 14
rVSVOmicron	351	T	150003	7.73788e-06	0.999954	3.09515e-05	7.73788e-06 4.6e-05 7
rVSVOmicron	352	G	145602	0.000100929	0.000185037	7.97945e-06	0.999706 0.000294 43
rVSVOmicron	353	T	145394	1.58627e-05	0.999943	4.15861e-05	0 5.7e-05 8
rVSVOmicron	354	G	145792	8.30731e-05	8.52197e-05	4.16439e-05	0.99979 0.00021 31
rVSVOmicron	355	A	144651	0.999933	2.41993e-05	1.00285e-05	3.22657e-05 6.7e-05 10
rVSVOmicron	356	A	144621	0.999948	8.03916e-06	0	4.38895e-05 5.2e-05 8
rVSVOmicron	357	C	145108	1.59595e-05	7.28962e-05	0.999895	1.59595e-05 0.000105 15
rVSVOmicron	358	A	142796	0.999959	2.43726e-05	8.12419e-06	9.00248e-06 4.1e-05 6
rVSVOmicron	359	A	142949	0.999951	0	1.64631e-05	3.29262e-05 4.9e-05 7
rVSVOmicron	360	C	143731	4.83753e-05	0.000293738	0.999658	0 0.000342 49
rVSVOmicron	361	G	144072	0.000423253	7.70549e-05	0	0.9995 0.0005 72
rVSVOmicron	362	C	144397	4.23149e-05	4.23149e-05	0.999915	0 8.5e-05 12
rVSVOmicron	363	C	144938	5.30573e-05	6.57824e-05	0.99984	4.16263e-05 0.00016 23
rVSVOmicron	364	A	144752	0.999944	2.41229e-05	0	3.21638e-05 5.6e-05 8
rVSVOmicron	365	C	145557	4.13328e-05	0.000575661	0.999383	0 0.000617 90
rVSVOmicron	366	A	145838	0.999583	8.00228e-06	0.000309926	9.90553e-05 0.000417 61
rVSVOmicron	367	A	146145	0.999841	0	1.64726e-05	0.000142466 0.000159 23
rVSVOmicron	368	A	144715	0.999802	1.682e-05	0	0.000181611 0.000198 29
rVSVOmicron	369	C	145629	0.000113109	0.000754349	0.998897	0.000235136 0.001103 161
rVSVOmicron	370	G	144161	6.24491e-05	6.33225e-05	8.07908e-06	0.999866 0.000134 19
rVSVOmicron	371	T	143582	0.000164286	0.999723	0.000104566	8.33826e-06 0.000277 40
rVSVOmicron	372	G	144084	0.000112812	0.000104707	5.45441e-05	0.999728 0.000272 39
rVSVOmicron	373	G	143315	0.000119461	2.95912e-05	0	0.999851 0.000149 21
rVSVOmicron	374	T	143128	0.00668435	0.99314	0.000167773	8.25477e-06 0.00686 982
rVSVOmicron	375	G	144298	0.000319376	7.54414e-05	0.00648166	0.993124 0.006876 992
rVSVOmicron	376	A	143843	0.999734	0	8.08104e-06	0.000258375 0.000266 38
rVSVOmicron	377	T	143958	0.00249498	0.997432	4.86151e-05	2.47536e-05 0.002568 370
rVSVOmicron	378	T	144368	2.60139e-05	0.996902	4.1839e-05	0.0030304 0.003098 447
rVSVOmicron	379	A	145654	0.996835	3.86485e-05	0.00302761	9.85753e-05 0.003165 461
rVSVOmicron	380	A	146407	0.999557	0.000123152	5.56654e-05	0.000263927 0.000443 65
rVSVOmicron	381	G	147170	7.3709e-05	7.52176e-05	2.56473e-05	0.999825 0.000175 26
rVSVOmicron	382	G	144030	2.64615e-05	1.6318e-05	0	0.999957 4.3e-05 6
rVSVOmicron	383	T	143884	8.0684e-06	0.999964	2.81304e-05	0 3.6e-05 5
rVSVOmicron	384	G	145141	0.000199928	4.80868e-05	8.01446e-06	0.999744 0.000256 37
rVSVOmicron	385	T	145125	7.99125e-06	0.99996	2.39737e-05	7.99125e-06 4e-05 6
rVSVOmicron	386	G	143535	0.000153549	5.06713e-05	0	0.999796 0.000204 29
rVSVOmicron	387	C	143940	7.73414e-05	0.00105127	0.998839	3.26112e-05 0.001161 167
rVSVOmicron	388	G	144346	0.000207085	5.84814e-05	1.61478e-05	0.999718 0.000282 41
rVSVOmicron	389	A	143900	0.999872	1.907e-05	0	0.000109219 0.000128 18
rVSVOmicron	390	G	144992	0.000175045	2.40768e-05	2.10401e-05	0.99978 0.00022 32
rVSVOmicron	391	T	145247	1.89287e-05	0.99993	3.45559e-05	1.62875e-05 7e-05 10
rVSVOmicron	392	T	145733	0.000141612	0.999656	7.55407e-05	0.000126332 0.000344 50
rVSVOmicron	393	C	144818	6.72571e-05	0.000313131	0.999595	2.44772e-05 0.000405 59
rVSVOmicron	394	C	145265	7.24709e-05	0.000101591	0.999745	8.05719e-05 0.000255 37
rVSVOmicron	395	A	144789	0.999633	3.1951e-05	7.39002e-06	0.000327769 0.000367 53
rVSVOmicron	396	G	145677	7.9749e-05	3.28123e-05	0	0.999887 0.000113 16
rVSVOmicron	397	T	145157	0.00741613	0.992007	0.000514184	6.29887e-05 0.007993 1160
rVSVOmicron	398	T	145440	8.11229e-06	0.992793	0.00719845	0 0.007207 1048
rVSVOmicron	399	C	143640	5.5792e-05	9.98963e-05	0.999823	2.13906e-05 0.000177 25
rVSVOmicron	400	T	144203	5.01874e-06	0.999785	0.000209696	0 0.000215 31
rVSVOmicron	401	G	145598	0.000248421	8.05574e-06	1.8071e-05	0.999725 0.000275 40
rVSVOmicron	402	C	145928	2.58082e-05	0.000153114	0.999801	1.99526e-05 0.000199 29
rVSVOmicron	403	A	145978	0.99985	8.00171e-06	8.00171e-06	0.000134299 0.00015 22
rVSVOmicron	404	A	146370	0.999931	0	1.61859e-05	5.24947e-05 6.9e-05 10
rVSVOmicron	405	C	147117	7.44124e-05	0.00061573	0.999302	7.9574e-06 0.000698 103
rVSVOmicron	406	G	148065	0.000304401	3.96021e-05	4.75225e-05	0.999608 0.000392 58
rVSVOmicron	407	A	148226	0.999888	5.50961e-05	7.90139e-06	4.93303e-05 0.000112 17
rVSVOmicron	408	C	149367	2.54459e-05	0.000137921	0.999837	0 0.000163 24
rVSVOmicron	409	C	150014	9.89865e-05	0.000107146	0.999777	1.67483e-05 0.000223 33
rVSVOmicron	410	C	149724	0.000270077	9.03802e-05	0.99963	9.56967e-06 0.00037 55
rVSVOmicron	411	T	149598	2.42489e-05	0.999857	8.66033e-05	3.20432e-05 0.000143 21
rVSVOmicron	412	T	150606	8.19243e-06	0.999822	8.19243e-05	8.83454e-05 0.000178 27
rVSVOmicron	413	T	150497	2.17638e-05	0.999752	0.000226301	0 0.000248 37
rVSVOmicron	414	C	151511	2.0238e-05	0.000215872	0.99974	2.34001e-05 0.00026 39
rVSVOmicron	415	C	149441	7.87013e-05	0.000127411	0.999735	5.87069e-05 0.000265 40
rVSVOmicron	416	T	149338	2.38226e-05	0.999583	0.000386526	6.65315e-06 0.000417 62
rVSVOmicron	417	G	151056	0.000169065	0.000113561	4.31701e-05	0.999674 0.000326 49
rVSVOmicron	418	G	151386	0.000189113	6.83847e-05	2.93379e-05	0.999713 0.000287 43
rVSVOmicron	419	A	151416	0.999943	1.88919e-05	0	3.81991e-05 5.7e-05 9
rVSVOmicron	420	T	151747	0	0.99996	4.01848e-05	0 4e-05 6
rVSVOmicron	421	C	152710	4.60179e-05	4.45669e-05	0.999902	7.66965e-06 9.8e-05 15
rVSVOmicron	422	A	152577	0.999837	7.60126e-05	1.52437e-05	7.12747e-05 0.000163 25
rVSVOmicron	423	C	153293	0.00335097	5.5347e-05	0.996578	1.52824e-05 0.003422 525
rVSVOmicron	424	A	153319	0.999754	0	7.6877e-06	0.000238526 0.000246 38
rVSVOmicron	425	A	152783	0.9998	2.31232e-05	7.70775e-06	0.000168946 0.0002 31
rVSVOmicron	426	G	152990	3.14642e-05	6.2078e-05	0	0.999906 9.4e-05 14
rVSVOmicron	427	A	153841	0.99995	1.47917e-05	0	3.54167e-05 5e-05 8
rVSVOmicron	428	A	154100	0.999962	1.53132e-05	1.53132e-05	7.65662e-06 3.8e-05 6
rVSVOmicron	429	C	154977	2.26709e-05	7.14847e-05	0.999906	0 9.4e-05 15
rVSVOmicron	430	A	154803	0.999938	0	1.51499e-05	4.72922e-05 6.2e-05 10
rVSVOmicron	431	A	153989	0.999945	5.21777e-06	1.54446e-05	3.44373e-05 5.5e-05 8
rVSVOmicron	432	C	154880	3.01582e-05	0.000134994	0.999835	0 0.000165 26
rVSVOmicron	433	A	154922	0.999807	2.20852e-05	0	0.000170582 0.000193 30
rVSVOmicron	434	A	153497	0.999919	0	2.2818e-05	5.81214e-05 8.1e-05 12
rVSVOmicron	435	G	152915	7.85828e-05	3.36783e-05	7.55604e-06	0.99988 0.00012 18
rVSVOmicron	436	T	153016	7.86869e-06	0.999949	4.35968e-05	0 5.1e-05 8
rVSVOmicron	437	C	149404	7.1628e-05	7.95866e-06	0.999897	2.3876e-05 0.000103 15
rVSVOmicron	438	T	149419	7.99909e-06	0.999327	0.000640792	2.39973e-05 0.000673 101
rVSVOmicron	439	T	151201	3.13026e-05	0.999906	6.30283e-05	0 9.4e-05 14
rVSVOmicron	440	G	152405	5.62141e-05	9.69063e-05	7.7609e-06	0.999839 0.000161 25
rVSVOmicron	441	G	152744	5.58489e-05	6.60601e-05	7.71049e-06	0.99987 0.00013 20
rVSVOmicron	442	A	152507	0.999824	7.66785e-06	1.53357e-05	0.00015315 0.000176 27
rVSVOmicron	443	T	152779	3.06289e-05	0.999946	2.29716e-05	0 5.4e-05 8
rVSVOmicron	444	G	153434	0.000324785	7.83891e-05	6.15469e-05	0.999535 0.000465 71
rVSVOmicron	445	G	153532	3.43712e-05	5.36273e-05	4.01687e-05	0.999872 0.000128 20
rVSVOmicron	446	A	153104	0.99982	3.03626e-05	0	0.000149556 0.00018 28
rVSVOmicron	447	G	153714	9.72906e-05	8.92857e-05	3.03777e-05	0.999783 0.000217 33
rVSVOmicron	448	T	153558	1.72297e-05	0.999899	7.39009e-05	9.54899e-06 0.000101 16
rVSVOmicron	449	C	150923	3.79587e-05	8.61934e-05	0.999873	2.72631e-06 0.000127 19
rVSVOmicron	450	T	150811	2.30673e-05	0.999274	0.000413548	0.000289692 0.000726 109
rVSVOmicron	451	G	152303	4.02028e-05	6.48633e-05	2.48677e-05	0.99987 0.00013 20
rVSVOmicron	452	A	151782	0.999765	1.72692e-05	0	0.000217634 0.000235 36
rVSVOmicron	453	G	151688	9.6062e-05	2.30798e-05	7.69328e-06	0.999873 0.000127 19
rVSVOmicron	454	T	152104	3.82844e-05	0.999881	6.60511e-05	1.47248e-05 0.000119 18
rVSVOmicron	455	T	152522	7.73477e-06	0.999937	5.56067e-05	0 6.3e-05 10
rVSVOmicron	456	C	153374	7.41033e-05	4.76821e-05	0.999853	2.47699e-05 0.000147 23
rVSVOmicron	457	A	152863	0.999699	7.64749e-06	0	0.000293705 0.000301 46
rVSVOmicron	458	G	153485	0.000232603	6.29493e-05	1.71305e-05	0.999687 0.000313 48
rVSVOmicron	459	A	154091	0.999829	7.65789e-06	1.51088e-05	0.000148398 0.000171 26
rVSVOmicron	460	G	154437	8.24208e-05	3.84356e-05	1.52098e-05	0.999864 0.000136 21
rVSVOmicron	461	T	155091	1.48813e-05	0.999944	3.38397e-05	7.54258e-06 5.6e-05 9
rVSVOmicron	462	G	155572	8.33063e-05	7.53627e-06	0	0.999909 9.1e-05 14
rVSVOmicron	463	T	152073	4.8008e-05	0.999892	3.88636e-05	2.1614e-05 0.000108 16
rVSVOmicron	464	A	151743	0.999706	7.71131e-06	2.93864e-05	0.000257183 0.000294 45
rVSVOmicron	465	C	151904	0.000260943	0.00096859	0.998745	2.5131e-05 0.001255 191
rVSVOmicron	466	T	147965	0	0.999874	0.000117586	7.92475e-06 0.000126 19
rVSVOmicron	467	C	148101	4.11218e-05	0.000111008	0.999785	6.30676e-05 0.000215 32
rVSVOmicron	468	T	147884	7.9966e-06	0.999833	0.000145019	1.40481e-05 0.000167 25
rVSVOmicron	469	A	148672	0.999596	7.96691e-06	4.24184e-05	0.000353989 0.000404 60
rVSVOmicron	470	G	148929	2.26189e-05	6.0462e-05	1.9574e-05	0.999897 0.000103 15
rVSVOmicron	471	C	149678	9.9965e-05	0.000271607	0.999621	7.86958e-06 0.000379 57
rVSVOmicron	472	G	149950	0.000358404	4.95959e-05	2.20426e-05	0.99957 0.00043 64
rVSVOmicron	473	C	150379	2.35083e-05	4.70166e-05	0.999906	2.35083e-05 9.4e-05 14
rVSVOmicron	474	C	150895	1.55124e-05	0.000251133	0.999705	2.82996e-05 0.000295 45
rVSVOmicron	475	A	150752	0.999845	3.30119e-05	7.94808e-05	4.26841e-05 0.000155 23
rVSVOmicron	476	A	150871	0.998557	0.000108088	0.000112714	0.0012224 0.001443 218
rVSVOmicron	477	C	151619	3.26795e-05	7.88888e-05	0.99987	1.83172e-05 0.00013 20
rVSVOmicron	478	A	151619	0.998763	1.28339e-05	1.5569e-05	0.00120891 0.001237 188
rVSVOmicron	479	A	151894	0.998779	7.91313e-06	0.00119552	1.77511e-05 0.001221 185
rVSVOmicron	480	C	151542	2.30613e-05	7.29234e-05	0.999904	0 9.6e-05 15
rVSVOmicron	481	T	152093	1.29283e-05	0.999623	0.000324903	3.92088e-05 0.000377 57
rVSVOmicron	482	G	153872	0.000442084	9.39325e-05	7.67219e-06	0.999456 0.000544 84
rVSVOmicron	483	C	155853	0.00146806	0.0001296	0.99838	2.24424e-05 0.00162 252
rVSVOmicron	484	A	157478	0.999935	0	6.20704e-06	5.92672e-05 6.5e-05 10
rVSVOmicron	485	C	159588	3.10978e-05	5.66494e-05	0.99991	2.17882e-06 9e-05 14
rVSVOmicron	486	C	151481	3.86788e-05	0.000107673	0.999838	1.54715e-05 0.000162 25
rVSVOmicron	487	T	150913	3.14401e-05	0.99977	0.000142118	5.69321e-05 0.00023 35
rVSVOmicron	488	T	150855	3.78347e-05	0.999867	9.52173e-05	0 0.000133 20
rVSVOmicron	489	C	150939	6.42379e-05	0.000112782	0.999807	1.54841e-05 0.000193 29
rVSVOmicron	490	G	151396	6.1929e-05	7.13121e-05	2.91921e-05	0.999838 0.000162 25
rVSVOmicron	491	A	151536	0.999929	7.66653e-06	0	6.36115e-05 7.1e-05 11
rVSVOmicron	492	G	152232	0.000148757	4.16352e-05	0	0.99981 0.00019 29
rVSVOmicron	493	T	152577	0	0.999946	4.62766e-05	7.71277e-06 5.4e-05 8
rVSVOmicron	494	A	151604	0.999765	7.67269e-06	1.49306e-05	0.000212347 0.000235 36
rVSVOmicron	495	C	151147	4.05893e-05	0.000257135	0.999687	1.54825e-05 0.000313 47
rVSVOmicron	496	G	150765	0.000278706	1.5507e-05	0	0.999706 0.000294 44
rVSVOmicron	497	T	149818	2.32952e-05	0.999814	0.000152689	9.74163e-06 0.000186 28
rVSVOmicron	498	G	149927	6.0327e-05	9.66913e-06	2.71156e-05	0.999903 9.7e-05 15
rVSVOmicron	499	T	149832	3.8745e-05	0.999879	6.82749e-05	1.38225e-05 0.000121 18
rVSVOmicron	500	C	149748	4.70437e-05	4.87389e-05	0.999873	3.13624e-05 0.000127 19
rVSVOmicron	501	C	149925	0.000118838	0.000120551	0.999737	2.37675e-05 0.000263 39
rVSVOmicron	502	C	150361	5.45908e-05	0.00013047	0.999751	6.42864e-05 0.000249 37
rVSVOmicron	503	A	149736	0.999738	4.26065e-05	7.76573e-06	0.000211144 0.000262 39
rVSVOmicron	504	G	150556	9.13757e-05	2.34242e-05	2.34242e-05	0.999862 0.000138 21
rVSVOmicron	505	C	151694	4.42376e-05	0.000168564	0.999779	7.75731e-06 0.000221 34
rVSVOmicron	506	C	145731	0.000190025	0.000226769	0.999583	0 0.000417 61
rVSVOmicron	507	T	145535	7.95768e-05	0.999283	0.000535655	0.000101841 0.000717 104
rVSVOmicron	508	T	145903	0	0.99989	7.5089e-05	3.4513e-05 0.00011 16
rVSVOmicron	509	T	145403	1.60356e-05	0.999846	0.000138036	0 0.000154 22
rVSVOmicron	510	C	146990	9.91142e-05	0.000173234	0.99972	7.97223e-06 0.00028 41
rVSVOmicron	511	C	146052	6.60443e-05	0.000166414	0.999743	2.41149e-05 0.000257 38
rVSVOmicron	512	T	145791	5.98088e-05	0.999556	0.000376189	8.01785e-06 0.000444 65
rVSVOmicron	513	C	146925	0.000143333	0.000112741	0.999728	1.62587e-05 0.000272 40
rVSVOmicron	514	A	146187	0.999713	5.2166e-05	4.56171e-05	0.000189469 0.000287 42
rVSVOmicron	515	T	147227	8.02355e-06	0.999848	9.02108e-05	5.39964e-05 0.000152 22
rVSVOmicron	516	G	148950	6.83453e-05	0.00129018	2.38564e-05	0.998618 0.001382 206
rVSVOmicron	517	G	150870	0.000186098	4.16792e-05	3.56357e-05	0.999737 0.000263 40
rVSVOmicron	518	A	153116	0.99984	1.97173e-05	7.52103e-06	0.000133143 0.00016 24
rVSVOmicron	519	C	155584	6.35144e-05	9.38465e-05	0.999828	1.50643e-05 0.000172 27
rVSVOmicron	520	C	120415	3.14837e-05	7.81846e-05	0.999881	9.70749e-06 0.000119 14
rVSVOmicron	521	T	120780	0.000150633	0.999487	0.00034554	1.67662e-05 0.000513 62
rVSVOmicron	522	G	119905	0.000672261	6.78814e-05	7.2599e-05	0.999187 0.000813 97
rVSVOmicron	523	G	119856	7.47359e-05	2.63928e-05	9.14601e-05	0.999807 0.000193 23
rVSVOmicron	524	A	120043	0.999209	4.05542e-05	0.000326527	0.000423596 0.000791 95
rVSVOmicron	525	G	117434	8.18867e-05	8.00073e-05	9.9338e-06	0.999828 0.000172 20
rVSVOmicron	526	G	117662	0.000514611	6.25405e-05	9.97413e-06	0.999413 0.000587 69
rVSVOmicron	527	G	116864	0.000260363	7.46589e-05	9.97248e-06	0.999655 0.000345 40
rVSVOmicron	528	C	117299	4.93114e-05	0.000219369	0.999731	0 0.000269 32
rVSVOmicron	529	A	116427	0.999906	2.21265e-05	0	7.23158e-05 9.4e-05 11
rVSVOmicron	530	A	116328	0.999111	5.56988e-05	0.000521411	0.000311447 0.000889 103
rVSVOmicron	531	G	115901	0.000175681	6.45249e-05	3.17202e-05	0.999728 0.000272 32
rVSVOmicron	532	C	116444	2.23083e-05	0.000384617	0.999593	0 0.000407 47
rVSVOmicron	533	A	116069	0.999801	7.53606e-05	2.02054e-05	0.000103211 0.000199 23
rVSVOmicron	534	G	115350	0.000103996	7.7928e-05	3.04578e-05	0.999788 0.000212 24
