rVSVOmicron	7	G	9974	0.000240392	0	0	0.99976 0.00024 2
rVSVOmicron	10	T	12117	0	0.999817	0.000182765	0 0.000183 2
rVSVOmicron	11	T	12733	0	0.999938	6.18487e-05	0 6.2e-05 1
rVSVOmicron	13	C	14309	0.000302409	0.000135865	0.999562	0 0.000438 6
rVSVOmicron	14	T	14792	0	0.99979	0.000209564	0 0.00021 3
rVSVOmicron	15	C	15845	7.27947e-05	6.09901e-05	0.999866	0 0.000134 2
rVSVOmicron	16	G	16955	0.000136355	0	6.81773e-05	0.999795 0.000205 3
rVSVOmicron	17	T	17708	0.000129802	0.99987	0	0 0.00013 2
rVSVOmicron	18	G	18752	0.000258743	6.13684e-05	0	0.99968 0.00032 6
rVSVOmicron	19	C	19474	0	0.000498767	0.999501	0 0.000499 10
rVSVOmicron	20	T	20349	0	0.999841	0.000159362	0 0.000159 3
rVSVOmicron	21	C	21489	0	5.33737e-05	0.999947	0 5.3e-05 1
rVSVOmicron	22	C	22264	0	0.000154077	0.999795	5.13589e-05 0.000205 5
rVSVOmicron	23	T	23099	4.93054e-05	0.999635	0.000266516	4.93054e-05 0.000365 8
rVSVOmicron	24	G	24184	0.000420526	0.000181504	0	0.999398 0.000602 15
rVSVOmicron	25	C	25106	0.00018231	0.000136733	0.999681	0 0.000319 8
rVSVOmicron	26	C	25529	8.60319e-05	0.000209627	0.999704	0 0.000296 8
rVSVOmicron	27	T	26201	0	0.999768	0.0002323	0 0.000232 6
rVSVOmicron	28	C	26811	0	0.000274209	0.999726	0 0.000274 7
rVSVOmicron	29	T	27591	0.00183586	0.998123	4.12178e-05	0 0.001877 52
rVSVOmicron	30	G	28989	4.1527e-05	0	8.73131e-05	0.999871 0.000129 4
rVSVOmicron	32	T	30158	0	0.999748	0.000123612	0.00012872 0.000252 8
rVSVOmicron	33	G	30920	6.56943e-05	0.000147314	0	0.999787 0.000213 7
rVSVOmicron	34	T	31334	0	0.999935	6.50789e-05	0 6.5e-05 2
rVSVOmicron	35	C	32041	2.95496e-05	0.000149655	0.999821	0 0.000179 6
rVSVOmicron	36	T	32882	3.47246e-05	0.999761	0.000204593	0 0.000239 8
rVSVOmicron	37	A	34230	0.999795	0	3.94088e-05	0.000165696 0.000205 7
rVSVOmicron	38	G	35019	6.72059e-05	0	0	0.999933 6.7e-05 2
rVSVOmicron	39	C	35869	3.17808e-05	0.000148597	0.99982	0 0.00018 6
rVSVOmicron	40	C	36822	6.18117e-05	0.000118612	0.99982	0 0.00018 7
rVSVOmicron	41	A	37891	0.999876	6.34749e-05	0	6.09693e-05 0.000124 5
rVSVOmicron	42	G	38626	0.00173532	5.57724e-05	0	0.998209 0.001791 69
rVSVOmicron	43	T	39304	0	0.999941	2.92628e-05	2.92628e-05 5.9e-05 2
rVSVOmicron	44	G	39729	0.000122155	2.87882e-05	2.87882e-05	0.99982 0.00018 7
rVSVOmicron	45	C	40677	0.000173627	0.000597793	0.999229	0 0.000771 31
rVSVOmicron	46	G	42560	0.00051317	9.64005e-05	5.36364e-05	0.999337 0.000663 28
rVSVOmicron	47	T	44205	0	0.999803	0.000197242	0 0.000197 9
rVSVOmicron	48	G	46436	0.00017158	0.000127857	7.35344e-05	0.999627 0.000373 17
rVSVOmicron	49	A	48984	0.999821	2.33382e-05	0	0.000155798 0.000179 9
rVSVOmicron	50	A	51829	0.999647	0	2.28165e-05	0.00033053 0.000353 18
rVSVOmicron	51	C	54239	0	5.14104e-05	0.999949	0 5.1e-05 3
rVSVOmicron	52	C	41269	0	0.000367248	0.999605	2.7731e-05 0.000395 16
rVSVOmicron	53	T	42149	2.71076e-05	0.999535	0.000438117	0 0.000465 20
rVSVOmicron	54	G	43132	0.000106576	8.42524e-05	0	0.999809 0.000191 8
rVSVOmicron	55	A	43589	0.999763	0	0	0.000237312 0.000237 10
rVSVOmicron	56	C	44402	2.58656e-05	0.000155194	0.999793	2.58656e-05 0.000207 9
rVSVOmicron	57	C	45372	0	0.000107398	0.999867	2.53104e-05 0.000133 6
rVSVOmicron	58	A	46270	0.999876	2.50013e-05	6.75711e-05	3.10827e-05 0.000124 6
rVSVOmicron	59	C	47118	0	0.000106996	0.999893	0 0.000107 5
rVSVOmicron	60	A	48050	0.999729	0	0	0.000271313 0.000271 13
rVSVOmicron	61	C	48985	2.33246e-05	0.00071865	0.999258	0 0.000742 36
rVSVOmicron	62	G	50026	0.00143244	6.9221e-05	1.9332e-05	0.998479 0.001521 76
rVSVOmicron	63	G	50256	2.29326e-05	0	2.29326e-05	0.999954 4.6e-05 2
rVSVOmicron	64	A	49445	0.999837	0	0	0.000163373 0.000163 8
rVSVOmicron	65	C	50318	2.28415e-05	4.19789e-05	0.9999	3.51882e-05 0.0001 5
rVSVOmicron	66	C	51288	3.4523e-05	7.39779e-05	0.999892	0 0.000108 6
rVSVOmicron	67	C	52273	2.22184e-05	0.000142318	0.999835	0 0.000165 9
rVSVOmicron	68	A	53360	0.999837	2.1746e-05	0	0.000141055 0.000163 9
rVSVOmicron	69	G	54108	0.000329264	6.40075e-05	0.000277366	0.999329 0.000671 36
rVSVOmicron	70	C	54582	0	0.000272563	0.999727	0 0.000273 15
rVSVOmicron	71	T	55465	0	0.999883	0.0001165	0 0.000117 6
rVSVOmicron	72	C	56742	0	6.08939e-05	0.999919	2.0298e-05 8.1e-05 5
rVSVOmicron	73	C	57990	0.000153215	0.000165711	0.999681	0 0.000319 18
rVSVOmicron	74	C	57978	0.000196339	6.49056e-05	0.999699	4.00251e-05 0.000301 17
rVSVOmicron	75	T	58701	4.4049e-05	0.999477	0.000439959	3.87419e-05 0.000523 31
rVSVOmicron	76	C	59832	0.00010936	9.63412e-05	0.999756	3.85365e-05 0.000244 15
rVSVOmicron	77	C	60728	5.70984e-05	0.000100701	0.999691	0.000151051 0.000309 19
rVSVOmicron	78	C	61774	5.09805e-05	0.000292118	0.999615	4.23138e-05 0.000385 24
rVSVOmicron	79	G	62765	0.00295011	6.00429e-05	3.70265e-05	0.996953 0.003047 191
rVSVOmicron	80	C	64903	3.56407e-05	7.12814e-05	0.999893	0 0.000107 7
rVSVOmicron	81	C	63567	5.91376e-05	0.000161643	0.999779	0 0.000221 14
rVSVOmicron	82	T	64305	9.04468e-05	0.999574	0.000335875	0 0.000426 27
rVSVOmicron	83	A	65670	0.999826	5.82338e-05	0	0.000115982 0.000174 11
rVSVOmicron	84	C	66585	0	0.000127097	0.999873	0 0.000127 8
rVSVOmicron	85	A	67458	0.999931	3.46972e-05	0	3.46972e-05 6.9e-05 5
rVSVOmicron	86	C	68385	1.69523e-05	2.01595e-05	0.999963	0 3.7e-05 3
rVSVOmicron	87	A	69366	0.999932	0	0	6.80209e-05 6.8e-05 5
rVSVOmicron	88	A	70257	0.999892	1.71661e-05	3.43322e-05	5.61378e-05 0.000108 8
rVSVOmicron	89	A	69866	0.999862	0	0	0.000137567 0.000138 10
rVSVOmicron	90	C	70419	1.71871e-05	6.55825e-05	0.999917	0 8.3e-05 6
rVSVOmicron	91	T	70654	0	0.999941	5.9377e-05	0 5.9e-05 4
rVSVOmicron	92	C	71409	2.29047e-05	3.25952e-05	0.999928	1.62976e-05 7.2e-05 5
rVSVOmicron	93	T	72061	3.284e-05	0.999795	0.000122928	4.92599e-05 0.000205 15
rVSVOmicron	94	T	72526	1.65737e-05	0.999789	0.000173352	2.06052e-05 0.000211 15
rVSVOmicron	95	T	73351	1.60501e-05	0.999936	4.81504e-05	0 6.4e-05 5
rVSVOmicron	96	C	74238	4.71676e-05	0.000109633	0.999843	0 0.000157 12
rVSVOmicron	97	A	75125	0.999836	1.56158e-05	0	0.000148139 0.000164 12
rVSVOmicron	98	C	75980	4.40825e-05	8.31745e-05	0.999873	0 0.000127 10
rVSVOmicron	99	C	76726	3.08798e-05	6.17596e-05	0.999907	0 9.3e-05 7
rVSVOmicron	100	C	77743	0.000514303	0.000168415	0.999302	1.52355e-05 0.000698 54
rVSVOmicron	101	G	78853	0.00031271	5.96406e-05	0.000876878	0.998751 0.001249 98
rVSVOmicron	102	G	79571	0.000600423	4.19651e-05	0	0.999358 0.000642 51
rVSVOmicron	103	G	80407	9.26696e-05	5.93727e-05	1.88548e-05	0.999829 0.000171 14
rVSVOmicron	104	G	80863	0.00104299	3.30035e-05	1.15313e-05	0.998912 0.001088 88
rVSVOmicron	105	C	81761	1.43347e-05	0.000268873	0.998715	0.00100149 0.001285 105
rVSVOmicron	106	G	82402	0.000465383	1.4219e-05	3.18966e-05	0.999488 0.000512 42
rVSVOmicron	107	T	83108	2.85824e-05	0.999895	4.78948e-05	2.85824e-05 0.000105 9
rVSVOmicron	108	G	84288	0.000194968	4.51664e-05	1.39263e-05	0.999746 0.000254 21
rVSVOmicron	109	T	84990	2.4272e-05	0.999762	0.000213594	0 0.000238 20
rVSVOmicron	110	A	85600	0.999781	7.75989e-05	6.8227e-05	7.27255e-05 0.000219 19
rVSVOmicron	111	C	85813	1.36304e-05	0.000142566	0.99983	1.36304e-05 0.00017 15
rVSVOmicron	112	T	87180	1.67407e-05	0.999629	0.000340274	1.34654e-05 0.000371 32
rVSVOmicron	113	A	88609	0.999841	1.34178e-05	3.73522e-05	0.00010843 0.000159 14
rVSVOmicron	114	C	89154	2.95939e-05	6.59623e-05	0.999904	0 9.6e-05 9
rVSVOmicron	115	C	90110	8.82424e-05	0.00011137	0.9998	0 0.0002 18
rVSVOmicron	116	C	90939	3.85158e-05	9.25793e-05	0.999869	0 0.000131 12
rVSVOmicron	117	C	92026	0.000373814	0.000101409	0.999467	5.80478e-05 0.000533 49
rVSVOmicron	118	G	93156	0.000508957	9.82318e-05	4.44952e-06	0.999388 0.000612 57
rVSVOmicron	119	A	94819	0.999948	4.35918e-06	2.24666e-05	2.48138e-05 5.2e-05 5
rVSVOmicron	120	C	96988	3.13751e-05	5.09845e-05	0.99989	2.778e-05 0.00011 11
rVSVOmicron	121	A	99364	0.999772	3.62281e-05	4.0471e-05	0.00015144 0.000228 23
rVSVOmicron	122	A	101966	0.999375	6.16506e-05	9.45522e-05	0.000469247 0.000625 64
rVSVOmicron	123	G	103662	4.57154e-05	0.000122628	3.67577e-05	0.999795 0.000205 21
rVSVOmicron	124	G	95440	7.79063e-05	3.74355e-05	1.24785e-05	0.999872 0.000128 12
rVSVOmicron	125	T	96111	2.46452e-05	0.999963	1.23226e-05	0 3.7e-05 4
rVSVOmicron	126	G	97471	0.000930356	3.65039e-05	0	0.999033 0.000967 94
rVSVOmicron	127	T	98098	2.4782e-05	0.999891	8.40578e-05	0 0.000109 11
rVSVOmicron	128	T	99064	2.71544e-05	0.999927	3.58826e-05	9.69799e-06 7.3e-05 7
rVSVOmicron	129	C	100313	1.47388e-05	0.000230053	0.999729	2.65939e-05 0.000271 27
rVSVOmicron	130	C	101254	5.89291e-05	0.000296557	0.999573	7.1352e-05 0.000427 43
rVSVOmicron	131	G	102497	0.00022258	0.000152059	1.16484e-05	0.999614 0.000386 40
rVSVOmicron	132	G	103194	0.000131477	0	2.56693e-05	0.999843 0.000157 16
rVSVOmicron	133	T	99701	0	0.999862	0.000138471	0 0.000138 14
rVSVOmicron	134	C	100169	5.25743e-05	2.37226e-05	0.999924	0 7.6e-05 8
rVSVOmicron	135	T	100944	1.17943e-05	0.999888	0.000100092	0 0.000112 11
rVSVOmicron	136	A	102857	0.999745	1.18062e-05	4.72247e-05	0.000196238 0.000255 26
rVSVOmicron	137	G	103164	0.000246891	3.83272e-05	1.18176e-05	0.999703 0.000297 31
rVSVOmicron	138	C	104061	7.18747e-05	0.00035564	0.999554	1.80465e-05 0.000446 46
rVSVOmicron	139	G	104936	0.000296253	3.42186e-05	0	0.99967 0.00033 35
rVSVOmicron	140	T	105510	3.68007e-05	0.999881	4.53875e-05	3.6494e-05 0.000119 13
rVSVOmicron	141	G	106724	0.00016704	4.48673e-05	5.85094e-05	0.99973 0.00027 29
rVSVOmicron	142	C	106467	1.12151e-05	0.000257038	0.999721	1.12151e-05 0.000279 30
rVSVOmicron	143	T	107183	1.11291e-05	0.999786	0.000192203	1.11291e-05 0.000214 23
rVSVOmicron	144	C	108772	1.09932e-05	0.000179754	0.999785	2.46605e-05 0.000215 23
rVSVOmicron	145	C	109719	5.45145e-05	9.25273e-05	0.999824	2.88779e-05 0.000176 19
rVSVOmicron	146	A	109536	0.999885	0	6.03254e-05	5.47069e-05 0.000115 13
rVSVOmicron	147	C	108982	2.44794e-05	0.000309089	0.999645	2.1825e-05 0.000355 39
rVSVOmicron	148	T	109022	1.36181e-05	0.999863	0.000123451	0 0.000137 15
rVSVOmicron	149	C	109458	3.22937e-05	2.15291e-05	0.999946	0 5.4e-05 6
rVSVOmicron	150	T	109609	9.06349e-06	0.9999	9.12196e-05	0 0.0001 11
rVSVOmicron	151	A	109805	0.999929	4.37899e-05	5.62168e-06	2.1895e-05 7.1e-05 8
rVSVOmicron	152	C	109937	0	0.00014229	0.999847	1.07443e-05 0.000153 17
rVSVOmicron	153	A	110260	0.999679	0	0.00019131	0.000129588 0.000321 35
rVSVOmicron	154	C	110906	0	0.000178245	0.999822	0 0.000178 20
rVSVOmicron	155	A	111179	0.999425	4.28246e-05	4.28246e-05	0.000489011 0.000575 64
rVSVOmicron	156	G	112749	0.000270003	0.000107491	0.000209877	0.999413 0.000587 66
rVSVOmicron	157	G	114869	5.40465e-05	4.6246e-05	2.3123e-05	0.999877 0.000123 14
rVSVOmicron	158	A	116117	0.999924	0	0	7.56831e-05 7.6e-05 9
rVSVOmicron	159	C	118277	0.000562774	0.000105283	0.992072	0.0072599 0.007928 938
rVSVOmicron	160	C	105550	3.35375e-05	0.000170709	0.999785	1.11792e-05 0.000215 23
rVSVOmicron	161	T	106150	3.31224e-05	0.999152	0.000718846	9.63832e-05 0.000848 90
rVSVOmicron	162	G	107282	0.000263325	1.09967e-05	3.299e-05	0.999693 0.000307 33
rVSVOmicron	163	T	107561	0	0.992175	6.58549e-05	0.00775946 0.007825 842
rVSVOmicron	164	T	108050	9.06318e-06	0.992657	0.000177034	0.00715719 0.007343 793
rVSVOmicron	165	C	109636	9.01751e-05	0.000176532	0.999712	2.1736e-05 0.000288 32
rVSVOmicron	166	C	106860	7.9907e-05	8.8586e-05	0.999831	0 0.000169 18
rVSVOmicron	167	T	107085	1.09165e-05	0.999653	0.000335757	0 0.000347 37
rVSVOmicron	168	C	108257	8.00816e-05	0.000122183	0.999776	2.17869e-05 0.000224 24
rVSVOmicron	169	C	108858	2.21038e-05	0.000154727	0.999798	2.47922e-05 0.000202 22
rVSVOmicron	170	C	108727	0.000127406	0.000139202	0.999712	2.18241e-05 0.000288 31
rVSVOmicron	171	T	108971	1.0956e-05	0.99975	0.000194839	4.38239e-05 0.00025 27
rVSVOmicron	172	T	109649	7.30549e-05	0.999799	0.00010515	2.26195e-05 0.000201 22
rVSVOmicron	173	T	110170	0	0.999921	5.78575e-05	2.16235e-05 7.9e-05 9
rVSVOmicron	174	C	110213	4.25071e-05	0.000129819	0.999814	1.32117e-05 0.000186 20
rVSVOmicron	175	T	110257	6.58167e-05	0.999832	0.00010222	0 0.000168 19
rVSVOmicron	176	T	111608	2.11531e-05	0.999931	3.6875e-05	1.05766e-05 6.9e-05 8
rVSVOmicron	177	C	112327	3.12843e-05	0.000103717	0.999855	1.04281e-05 0.000145 16
rVSVOmicron	178	A	112013	0.999752	1.05432e-05	0	0.000237933 0.000248 28
rVSVOmicron	179	G	112569	0.000107083	5.28353e-05	0	0.99984 0.00016 18
rVSVOmicron	180	C	113472	2.46534e-05	0.000458889	0.999491	2.5774e-05 0.000509 58
rVSVOmicron	181	A	113772	0.99983	0	1.6364e-05	0.000153378 0.00017 19
rVSVOmicron	182	A	113794	0.999902	0	2.10716e-05	7.68827e-05 9.8e-05 11
rVSVOmicron	183	C	114765	5.57703e-05	0.000197681	0.999726	2.04307e-05 0.000274 31
rVSVOmicron	184	G	114594	0.000357206	5.13068e-05	0	0.999591 0.000409 47
rVSVOmicron	185	T	115059	2.04916e-05	0.999916	6.36901e-05	0 8.4e-05 10
rVSVOmicron	186	G	116168	8.56508e-05	0.000322145	2.01852e-05	0.999572 0.000428 50
rVSVOmicron	187	A	116659	0.999798	2.25158e-05	2.00744e-05	0.000158967 0.000202 24
rVSVOmicron	188	C	117604	1.99525e-05	0.000117019	0.999863	0 0.000137 16
rVSVOmicron	189	A	115029	0.999695	3.52847e-05	6.44571e-05	0.000205318 0.000305 35
rVSVOmicron	190	T	114641	1.02471e-05	0.999938	5.12354e-05	0 6.2e-05 7
rVSVOmicron	191	G	115603	3.06263e-05	0.000101536	2.04175e-05	0.999847 0.000153 18
rVSVOmicron	192	G	115480	8.91229e-05	4.33198e-05	0	0.999868 0.000132 15
rVSVOmicron	193	T	115730	0	0.999914	7.55303e-05	1.05061e-05 8.6e-05 10
rVSVOmicron	194	T	116324	1.00546e-05	0.999841	0.000148644	0 0.000159 18
rVSVOmicron	195	C	117240	3.47475e-05	0.00017781	0.999787	0 0.000213 25
rVSVOmicron	196	C	117752	2.99355e-05	0.000101403	0.999846	2.23842e-05 0.000154 18
rVSVOmicron	197	A	116860	0.999794	6.01964e-05	0	0.000145339 0.000206 24
rVSVOmicron	198	C	117253	4.48777e-05	0.000343071	0.999592	2.00057e-05 0.000408 48
rVSVOmicron	199	G	116537	0.000485114	2.9979e-05	2.01677e-05	0.999465 0.000535 62
rVSVOmicron	200	T	116855	0	0.999952	4.81416e-05	0 4.8e-05 6
rVSVOmicron	201	G	117776	0.000106747	3.97947e-05	2.9846e-05	0.999824 0.000176 21
rVSVOmicron	202	A	117639	0.999938	0	3.23729e-05	2.96975e-05 6.2e-05 7
rVSVOmicron	203	T	117041	0	0.999731	0.000218388	5.01263e-05 0.000269 31
rVSVOmicron	204	C	116086	0.000749342	9.01055e-05	0.99914	2.00838e-05 0.00086 100
rVSVOmicron	205	T	116311	2.00337e-05	0.99978	0.000189778	1.00168e-05 0.00022 26
rVSVOmicron	206	C	116057	5.01868e-05	7.97563e-05	0.999826	4.44899e-05 0.000174 20
rVSVOmicron	207	T	116441	2.2536e-05	0.999764	0.000203367	1.00462e-05 0.000236 27
rVSVOmicron	208	G	117706	7.70149e-05	5.78287e-05	1.99968e-05	0.999845 0.000155 18
rVSVOmicron	209	G	118160	0.000504615	2.94291e-05	2.29493e-05	0.999443 0.000557 66
rVSVOmicron	210	C	118816	4.53768e-05	0.000135596	0.999809	9.87612e-06 0.000191 23
rVSVOmicron	211	A	118758	0.999916	3.19325e-05	9.84584e-06	4.17783e-05 8.4e-05 10
rVSVOmicron	212	C	119502	3.48812e-05	4.8358e-05	0.999917	0 8.3e-05 10
rVSVOmicron	213	A	119521	0.999839	9.78803e-06	9.78803e-06	0.00014153 0.000161 19
rVSVOmicron	214	A	119492	0.99992	0	4.97507e-05	2.98504e-05 8e-05 10
rVSVOmicron	215	A	119694	0.999921	1.99436e-05	1.02488e-05	4.8474e-05 7.9e-05 9
rVSVOmicron	216	C	119617	2.93226e-05	0.000280282	0.999681	9.7742e-06 0.000319 38
rVSVOmicron	217	G	119995	0.00123758	3.20685e-05	4.2758e-06	0.998726 0.001274 153
rVSVOmicron	218	G	120153	0.000750195	2.23383e-05	0	0.999227 0.000773 93
rVSVOmicron	219	C	120204	0	0.000439878	0.99955	9.75163e-06 0.00045 54
rVSVOmicron	220	A	120040	0.999871	0	9.76276e-06	0.000119528 0.000129 15
rVSVOmicron	221	C	120700	9.70089e-06	5.08641e-05	0.99991	2.91027e-05 9e-05 11
rVSVOmicron	222	A	120749	0.999775	3.22238e-05	1.74325e-05	0.000175646 0.000225 27
rVSVOmicron	223	A	121117	0.999862	9.89655e-06	9.89655e-06	0.000118491 0.000138 17
rVSVOmicron	224	A	121134	0.999722	4.62918e-05	4.41511e-05	0.000187575 0.000278 34
rVSVOmicron	225	G	121682	2.92518e-05	5.21789e-05	9.75061e-06	0.999909 9.1e-05 11
rVSVOmicron	226	C	122454	2.1512e-05	0.000373479	0.999584	2.09936e-05 0.000416 51
rVSVOmicron	227	G	123513	0.000290692	2.13895e-05	3.09246e-05	0.999657 0.000343 42
rVSVOmicron	228	G	123522	9.75089e-05	2.70858e-05	9.54452e-06	0.999866 0.000134 17
rVSVOmicron	229	T	123436	8.05649e-05	0.999781	0.00012911	9.55417e-06 0.000219 27
rVSVOmicron	230	T	123019	0.000984404	0.998897	0.000118914	0 0.001103 136
rVSVOmicron	231	C	123746	3.97415e-05	0.0012032	0.998757	0 0.001243 154
rVSVOmicron	232	G	124016	0.000447077	0.000127371	1.89266e-05	0.999407 0.000593 74
rVSVOmicron	233	A	123818	0.999887	9.37852e-06	9.37852e-06	9.37852e-05 0.000113 14
rVSVOmicron	234	C	124548	9.35203e-06	0.000154435	0.999836	0 0.000164 20
rVSVOmicron	235	A	124661	0.999863	9.45562e-06	2.83669e-05	9.91563e-05 0.000137 17
rVSVOmicron	236	A	124180	0.999876	9.56495e-06	0	0.000114521 0.000124 15
rVSVOmicron	237	C	124148	2.12409e-05	0.000117465	0.999842	1.89377e-05 0.000158 20
rVSVOmicron	238	C	125707	4.69847e-05	8.9144e-05	0.999864	0 0.000136 17
rVSVOmicron	239	C	125788	6.53677e-05	0.000194068	0.999722	1.88218e-05 0.000278 35
rVSVOmicron	240	C	126224	0.000138011	0.000356909	0.999449	5.5609e-05 0.000551 70
rVSVOmicron	241	G	126159	0.000221106	8.14471e-05	9.24399e-06	0.999688 0.000312 39
rVSVOmicron	242	T	126122	1.88072e-05	0.999938	2.97357e-05	1.347e-05 6.2e-05 8
rVSVOmicron	243	G	126967	0.000420968	3.66059e-05	2.44864e-05	0.999518 0.000482 61
rVSVOmicron	244	C	126980	5.64189e-05	0.000146244	0.99979	7.42353e-06 0.00021 27
rVSVOmicron	245	T	127004	4.81255e-05	0.99965	0.000302258	0 0.00035 44
rVSVOmicron	246	C	128247	7.87457e-05	4.80815e-05	0.999857	1.6436e-05 0.000143 18
rVSVOmicron	247	C	129089	0.000168177	0.000140885	0.999682	9.09729e-06 0.000318 41
rVSVOmicron	248	C	128317	7.90753e-05	9.3363e-05	0.99981	1.77365e-05 0.00019 24
rVSVOmicron	249	T	128093	2.73471e-05	0.999689	0.000241196	4.2622e-05 0.000311 40
rVSVOmicron	250	T	128497	1.84732e-05	0.999854	0.000118578	9.2366e-06 0.000146 19
rVSVOmicron	251	T	128593	0	0.999906	9.40191e-05	0 9.4e-05 12
rVSVOmicron	252	C	128970	4.83844e-05	0.00011233	0.999839	0 0.000161 21
rVSVOmicron	253	A	128644	0.999759	1.82455e-05	0	0.000222398 0.000241 31
rVSVOmicron	254	A	128858	0.999826	1.84015e-05	1.24335e-05	0.000143233 0.000174 22
rVSVOmicron	255	C	129665	1.7797e-05	0.000279942	0.999702	0 0.000298 39
rVSVOmicron	256	G	130060	0.000172539	0	3.15029e-06	0.999824 0.000176 23
rVSVOmicron	257	A	128719	0.999949	2.71144e-05	0	2.34503e-05 5.1e-05 7
rVSVOmicron	258	C	129509	7.60085e-05	0.000207099	0.999696	2.09264e-05 0.000304 39
rVSVOmicron	259	G	129849	0.000135576	7.66402e-05	8.9737e-06	0.999779 0.000221 29
rVSVOmicron	260	G	129925	0.000100607	5.33192e-05	8.92674e-06	0.999837 0.000163 21
rVSVOmicron	261	C	130292	0.000274737	0.0004543	0.999237	3.38028e-05 0.000763 99
rVSVOmicron	262	G	130268	0.00077936	0.000220998	1.98731e-05	0.99898 0.00102 133
rVSVOmicron	263	T	130489	0	0.999853	0.000113145	3.35517e-05 0.000147 19
rVSVOmicron	264	G	131026	0.000797132	2.83414e-05	0	0.999175 0.000825 108
rVSVOmicron	265	T	130989	1.75914e-05	0.999847	0.000126706	8.79572e-06 0.000153 20
rVSVOmicron	266	A	131047	0.999843	2.68771e-05	3.58361e-05	9.39486e-05 0.000157 21
rVSVOmicron	267	C	130770	1.771e-05	0.000150774	0.999814	1.771e-05 0.000186 24
rVSVOmicron	268	T	130638	1.83193e-05	0.999774	0.000166854	4.08472e-05 0.000226 30
rVSVOmicron	269	T	127454	4.53611e-05	0.9999	4.56076e-05	9.12153e-06 0.0001 13
rVSVOmicron	270	C	128219	4.47883e-05	0.000454178	0.999501	0 0.000499 64
rVSVOmicron	271	G	128575	0.00022273	6.49934e-05	1.80132e-05	0.999694 0.000306 39
rVSVOmicron	272	C	128856	3.58338e-05	0.00022493	0.999739	0 0.000261 34
rVSVOmicron	273	C	129450	0.000146681	0.000238206	0.999543	7.17748e-05 0.000457 59
rVSVOmicron	274	A	129125	0.999762	1.79567e-05	1.79567e-05	0.000202376 0.000238 31
rVSVOmicron	275	G	129717	0.000269231	6.20382e-05	8.8626e-06	0.99966 0.00034 44
rVSVOmicron	276	C	130569	9.48818e-05	0.000223462	0.999664	1.76858e-05 0.000336 44
rVSVOmicron	277	A	130251	0.999916	4.63885e-05	8.84729e-06	2.86939e-05 8.4e-05 11
rVSVOmicron	278	T	130731	5.29237e-05	0.999857	8.15312e-05	8.82062e-06 0.000143 19
rVSVOmicron	279	A	130224	0.999852	8.94007e-06	0	0.000139417 0.000148 19
rVSVOmicron	280	G	130900	6.23721e-05	6.40579e-05	5.56292e-05	0.999818 0.000182 24
rVSVOmicron	281	A	130871	0.999858	3.51644e-05	0	0.000106444 0.000142 19
rVSVOmicron	282	G	131645	7.78405e-05	0.000487515	3.28501e-05	0.999402 0.000598 79
rVSVOmicron	283	A	132467	0.99989	0	8.81427e-06	0.000101007 0.00011 15
rVSVOmicron	284	A	131331	0.999754	2.04455e-05	2.73428e-05	0.000198051 0.000246 32
rVSVOmicron	285	G	132078	0.000202195	0.000286956	0	0.999511 0.000489 65
rVSVOmicron	286	T	132514	2.61702e-05	0.999886	8.8027e-05	0 0.000114 15
rVSVOmicron	287	C	132109	3.50035e-05	5.46338e-05	0.999902	8.75087e-06 9.8e-05 13
rVSVOmicron	288	T	132307	0	0.99987	0.000112607	1.74329e-05 0.00013 17
rVSVOmicron	289	A	133381	0.999687	8.68991e-06	6.08294e-05	0.000243083 0.000313 42
rVSVOmicron	290	A	133648	0.999791	8.75266e-06	2.98063e-05	0.000170322 0.000209 28
rVSVOmicron	291	C	134540	5.06333e-05	8.15243e-05	0.999851	1.71875e-05 0.000149 20
rVSVOmicron	292	A	132767	0.999909	8.6829e-06	0	8.23702e-05 9.1e-05 12
rVSVOmicron	293	T	133167	1.51804e-05	0.99987	2.67465e-05	8.79502e-05 0.00013 17
rVSVOmicron	294	T	133543	3.73595e-05	0.999936	1.52294e-05	1.166e-05 6.4e-05 9
rVSVOmicron	295	A	133908	0.999921	2.41396e-05	8.84322e-06	4.63671e-05 7.9e-05 11
rVSVOmicron	296	T	134192	1.74195e-05	0.999936	3.76639e-05	8.70977e-06 6.4e-05 9
rVSVOmicron	297	C	134731	1.06544e-05	0.000130633	0.999859	0 0.000141 19
rVSVOmicron	298	C	135124	0.000158105	0.000243078	0.999554	4.50402e-05 0.000446 60
rVSVOmicron	299	G	135599	0.000178893	3.42512e-05	0.000121962	0.999665 0.000335 45
rVSVOmicron	300	G	135947	0.000197348	2.57713e-05	8.59045e-06	0.999768 0.000232 32
rVSVOmicron	301	G	135808	0.000102119	5.92799e-05	0	0.999839 0.000161 22
rVSVOmicron	302	G	134876	0.000159897	5.77019e-05	0	0.999782 0.000218 29
rVSVOmicron	303	C	134850	6.25979e-05	0.000215589	0.999705	1.72845e-05 0.000295 40
rVSVOmicron	304	T	134990	2.56826e-05	0.999552	0.000388478	3.42434e-05 0.000448 60
rVSVOmicron	305	G	136436	0.0002288	2.16494e-05	2.52956e-05	0.999724 0.000276 38
rVSVOmicron	306	G	136747	0.000122372	5.87845e-05	8.46314e-06	0.99981 0.00019 26
rVSVOmicron	307	A	136348	0.999914	8.40004e-06	2.52001e-05	5.24435e-05 8.6e-05 12
rVSVOmicron	308	T	136563	8.55522e-06	0.999891	0.00010035	0 0.000109 15
rVSVOmicron	309	T	136583	1.70515e-05	0.999957	2.55772e-05	0 4.3e-05 6
rVSVOmicron	310	T	136864	2.54461e-05	0.999881	5.96034e-05	3.39281e-05 0.000119 16
rVSVOmicron	311	T	136158	0	0.999869	0.000122995	8.49035e-06 0.000131 18
rVSVOmicron	312	C	136681	4.58051e-05	0.00028521	0.999644	2.50461e-05 0.000356 49
rVSVOmicron	313	G	137042	0.000189339	3.89146e-05	1.68402e-05	0.999755 0.000245 34
rVSVOmicron	314	G	136678	0.000197468	6.10938e-05	8.46618e-06	0.999733 0.000267 36
rVSVOmicron	315	C	136982	4.67462e-05	0.00022131	0.999732	0 0.000268 37
rVSVOmicron	316	A	135992	0.999895	8.37271e-06	8.37271e-06	8.80266e-05 0.000105 14
rVSVOmicron	317	C	136667	2.50437e-05	0.000152519	0.999816	6.54296e-06 0.000184 25
rVSVOmicron	318	C	136967	6.71963e-05	0.000528717	0.999387	1.67991e-05 0.000613 84
rVSVOmicron	319	A	136817	0.996145	1.64886e-05	0.00323333	0.000604732 0.003855 527
rVSVOmicron	320	C	137509	0.0033732	5.16443e-05	0.995989	0.000585972 0.004011 552
rVSVOmicron	321	A	137003	0.995883	0	0.004071	4.62199e-05 0.004117 564
rVSVOmicron	322	C	135778	3.33501e-05	6.24187e-05	0.999896	8.33752e-06 0.000104 14
rVSVOmicron	323	T	135760	8.44475e-06	0.999881	0.000110238	0 0.000119 16
rVSVOmicron	324	C	136954	6.2124e-05	0.000209921	0.99972	8.29815e-06 0.00028 38
rVSVOmicron	325	G	137327	0.000204047	4.17113e-05	2.7056e-05	0.999727 0.000273 37
rVSVOmicron	326	A	135832	0.999958	8.35473e-06	8.35473e-06	2.50642e-05 4.2e-05 6
rVSVOmicron	327	C	136125	2.51407e-05	0.00011687	0.999824	3.35209e-05 0.000176 24
rVSVOmicron	328	T	135985	2.51235e-05	0.9999	7.53705e-05	0 0.0001 14
rVSVOmicron	329	C	136196	1.50524e-05	1.66251e-05	0.999952	1.66251e-05 4.8e-05 7
rVSVOmicron	330	T	136226	0	0.999742	0.000241587	1.66063e-05 0.000258 35
rVSVOmicron	331	A	137466	0.999825	0	8.63971e-05	8.8216e-05 0.000175 24
rVSVOmicron	332	A	136976	0.999761	4.40856e-05	7.13551e-05	0.000123622 0.000239 33
rVSVOmicron	333	G	137229	5.27602e-05	1.69015e-05	8.45077e-06	0.999922 7.8e-05 11
rVSVOmicron	334	A	136962	0.999797	9.62311e-05	0	0.000107151 0.000203 28
rVSVOmicron	335	C	137227	4.14632e-05	9.14431e-05	0.999859	8.29263e-06 0.000141 19
rVSVOmicron	336	A	137488	0.999863	6.35616e-06	8.39921e-06	0.000121902 0.000137 19
rVSVOmicron	337	C	138292	3.50542e-05	0.000108712	0.999856	0 0.000144 20
rVSVOmicron	338	A	137796	0.999529	1.66246e-05	7.43614e-05	0.000380344 0.000471 65
rVSVOmicron	339	G	138676	0.000124782	1.34101e-05	2.72747e-05	0.999835 0.000165 23
rVSVOmicron	340	T	138885	0.00127821	0.998545	0.00016078	1.65017e-05 0.001455 202
rVSVOmicron	341	C	138794	0.00128806	0.000124615	0.998563	2.47447e-05 0.001437 199
rVSVOmicron	342	C	139534	6.64273e-05	0.000154472	0.999779	0 0.000221 31
rVSVOmicron	343	C	138380	4.13065e-05	9.28838e-05	0.999858	8.2613e-06 0.000142 20
rVSVOmicron	344	T	138201	2.46255e-05	0.999682	0.000270215	2.30725e-05 0.000318 44
rVSVOmicron	345	C	139470	6.33373e-05	6.13442e-05	0.999859	1.6388e-05 0.000141 20
rVSVOmicron	346	C	139015	5.58562e-05	0.000149171	0.999775	2.01703e-05 0.000225 31
rVSVOmicron	347	T	138468	2.17081e-05	0.999645	0.000322711	1.02945e-05 0.000355 49
rVSVOmicron	348	G	139385	7.58853e-05	1.63718e-05	1.63718e-05	0.999891 0.000109 15
rVSVOmicron	349	A	136254	0.99996	0	0	3.97838e-05 4e-05 5
rVSVOmicron	350	T	136410	0.000273123	0.999594	1.7245e-05	0.000115821 0.000406 55
rVSVOmicron	351	T	136378	2.71578e-05	0.997724	0.002009	0.00024012 0.002276 310
rVSVOmicron	352	G	134805	0.000846871	1.99183e-05	8.471e-06	0.999125 0.000875 118
rVSVOmicron	353	T	134721	1.04526e-05	0.999931	5.88528e-05	0 6.9e-05 9
rVSVOmicron	354	G	135589	0.000137823	3.55891e-05	4.39764e-05	0.999783 0.000217 29
rVSVOmicron	355	A	135599	0.999882	1.05294e-05	0	0.000107812 0.000118 16
rVSVOmicron	356	A	135920	0.999863	8.412e-06	1.54599e-05	0.000113448 0.000137 19
rVSVOmicron	357	C	136579	2.7026e-05	0.000102023	0.999871	0 0.000129 18
rVSVOmicron	358	A	134104	0.999966	0	0	3.40552e-05 3.4e-05 5
rVSVOmicron	359	A	134300	0.999836	1.72358e-05	2.58537e-05	0.000120884 0.000164 22
rVSVOmicron	360	C	134668	4.16102e-05	0.000322594	0.999627	8.45922e-06 0.000373 50
rVSVOmicron	361	G	134981	0.000734149	7.0237e-05	2.55617e-05	0.99917 0.00083 112
rVSVOmicron	362	C	134782	0.000166902	8.50604e-05	0.99974	8.50604e-06 0.00026 35
rVSVOmicron	363	C	135236	3.36707e-05	0.0460978	0.95386	8.41769e-06 0.04614 6240
rVSVOmicron	364	A	135225	0.999884	8.48122e-06	0	0.000107964 0.000116 16
rVSVOmicron	365	C	135931	1.67058e-05	3.34116e-05	0.99995	0 5e-05 7
rVSVOmicron	366	A	136024	0.999875	0	3.38467e-05	9.07915e-05 0.000125 17
rVSVOmicron	367	A	136167	0.999921	0	4.23793e-05	3.69642e-05 7.9e-05 11
rVSVOmicron	368	A	134939	0.999809	0	9.09834e-05	9.98656e-05 0.000191 26
rVSVOmicron	369	C	135697	1.88301e-05	6.33792e-05	0.999901	1.6993e-05 9.9e-05 13
rVSVOmicron	370	G	134636	0.000164414	4.23107e-05	0	0.999793 0.000207 28
rVSVOmicron	371	T	134055	4.41176e-05	0.999918	2.86169e-05	8.82353e-06 8.2e-05 11
rVSVOmicron	372	G	134341	0.000173898	7.52866e-05	4.45715e-05	0.999706 0.000294 39
rVSVOmicron	373	G	133370	3.60668e-05	5.24819e-05	1.68774e-05	0.999895 0.000105 14
rVSVOmicron	374	T	133202	0.00835258	0.991621	2.62496e-05	0 0.008379 1116
rVSVOmicron	375	G	134162	7.00315e-05	1.69912e-05	0.00801091	0.991902 0.008098 1086
rVSVOmicron	376	A	133404	0.999944	1.92365e-05	0	3.63871e-05 5.6e-05 7
rVSVOmicron	377	T	133578	0	0.99994	3.73142e-05	2.2341e-05 6e-05 8
rVSVOmicron	378	T	133938	5.01711e-05	0.999863	7.87088e-05	8.51528e-06 0.000137 18
rVSVOmicron	379	A	135075	0.999612	1.70623e-05	8.53115e-06	0.000362459 0.000388 52
rVSVOmicron	380	A	134720	0.999563	0.000113701	8.91231e-05	0.000234293 0.000437 59
rVSVOmicron	381	G	135924	3.3931e-05	0.000127012	0	0.999839 0.000161 22
rVSVOmicron	382	G	134531	0.000133072	4.36607e-05	8.59279e-06	0.999815 0.000185 25
rVSVOmicron	383	T	134455	0	0.999975	8.50318e-06	1.67765e-05 2.5e-05 3
rVSVOmicron	384	G	135689	0.000130425	1.68437e-05	8.42183e-06	0.999844 0.000156 21
rVSVOmicron	385	T	135728	1.6829e-05	0.999919	5.41258e-05	1.04613e-05 8.1e-05 11
rVSVOmicron	386	G	136393	0.000140889	3.35773e-05	0	0.999826 0.000174 24
rVSVOmicron	387	C	136294	2.99542e-05	0.000755029	0.999198	1.69207e-05 0.000802 109
rVSVOmicron	388	G	136910	5.29512e-05	5.22723e-05	6.06449e-05	0.999834 0.000166 23
rVSVOmicron	389	A	135781	0.999939	6.77664e-06	0	5.42131e-05 6.1e-05 8
rVSVOmicron	390	G	136116	9.64696e-05	1.67971e-05	1.22573e-05	0.999874 0.000126 17
rVSVOmicron	391	T	136322	3.13897e-05	0.999866	8.53984e-05	1.70797e-05 0.000134 18
rVSVOmicron	392	T	136572	1.6682e-05	0.999831	0.000152167	0 0.000169 23
rVSVOmicron	393	C	136874	5.86906e-05	0.000142959	0.999781	1.68993e-05 0.000219 30
rVSVOmicron	394	C	137304	7.23853e-05	0.000142955	0.999749	3.56254e-05 0.000251 34
rVSVOmicron	395	A	136843	0.999712	3.51614e-05	8.33956e-06	0.000244327 0.000288 39
rVSVOmicron	396	G	137678	9.10909e-05	1.6685e-05	0	0.999892 0.000108 15
rVSVOmicron	397	T	137848	0.00142158	0.998439	0.000105796	3.40388e-05 0.001561 215
rVSVOmicron	398	T	138246	0	0.998602	0.00139829	0 0.001398 193
rVSVOmicron	399	C	136337	1.68693e-05	0.00014111	0.999825	1.68693e-05 0.000175 24
rVSVOmicron	400	T	136657	3.11928e-05	0.99983	0.000138785	0 0.00017 23
rVSVOmicron	401	G	138412	0.000305248	4.35747e-05	1.66213e-05	0.999635 0.000365 51
rVSVOmicron	402	C	138937	1.6558e-05	0.000156853	0.999816	1.02928e-05 0.000184 26
rVSVOmicron	403	A	139256	0.999856	0	0	0.0001435 0.000144 20
rVSVOmicron	404	A	140023	0.999873	8.30566e-06	1.504e-05	0.00010326 0.000127 18
rVSVOmicron	405	C	140276	5.08556e-05	0.000277937	0.999655	1.63622e-05 0.000345 48
rVSVOmicron	406	G	141072	0.000330067	8.74744e-05	1.67457e-05	0.999566 0.000434 61
rVSVOmicron	407	A	141012	0.999895	3.45912e-05	0	7.00637e-05 0.000105 15
rVSVOmicron	408	C	142202	2.33648e-05	0.000118147	0.999844	1.47683e-05 0.000156 22
rVSVOmicron	409	C	142651	2.46485e-05	0.000222059	0.999745	8.21617e-06 0.000255 36
rVSVOmicron	410	C	142138	0.000107595	0.00135076	0.998525	1.62822e-05 0.001475 210
rVSVOmicron	411	T	142032	8.29954e-06	0.998574	0.000180347	0.00123753 0.001426 203
rVSVOmicron	412	T	143009	0	0.999877	8.90018e-05	3.40369e-05 0.000123 18
rVSVOmicron	413	T	143026	0	0.998702	0.000108932	0.00118865 0.001298 186
rVSVOmicron	414	C	143810	1.61525e-05	5.84984e-05	0.999901	2.42288e-05 9.9e-05 14
rVSVOmicron	415	C	143349	6.00907e-05	0.000163072	0.999751	2.61264e-05 0.000249 36
rVSVOmicron	416	T	143177	2.63908e-05	0.999653	0.000312071	8.13717e-06 0.000347 50
rVSVOmicron	417	G	144598	0.000132875	7.2874e-05	1.81094e-05	0.999776 0.000224 32
rVSVOmicron	418	G	144973	0.000145046	5.59863e-05	1.59961e-05	0.999783 0.000217 31
rVSVOmicron	419	A	144927	0.999913	0	7.8686e-06	7.8686e-05 8.7e-05 13
rVSVOmicron	420	T	145212	3.1349e-05	0.999919	4.92626e-05	0 8.1e-05 12
rVSVOmicron	421	C	146095	2.35877e-05	6.29006e-05	0.999906	7.86258e-06 9.4e-05 14
rVSVOmicron	422	A	145874	0.999795	0.000179628	0	2.53593e-05 0.000205 30
rVSVOmicron	423	C	145940	7.86911e-06	0.000143983	0.99984	7.86911e-06 0.00016 23
rVSVOmicron	424	A	145379	0.999807	0	7.95211e-06	0.000184618 0.000193 28
rVSVOmicron	425	A	144720	0.999791	3.38404e-05	3.98756e-05	0.00013493 0.000209 30
rVSVOmicron	426	G	144050	0.000132846	0.00015698	1.01849e-05	0.9997 0.0003 43
rVSVOmicron	427	A	144906	0.999932	9.98932e-06	0	5.81986e-05 6.8e-05 10
rVSVOmicron	428	A	145096	0.999881	1.57351e-05	2.62971e-05	7.73824e-05 0.000119 17
rVSVOmicron	429	C	145726	2.36659e-05	0.000133467	0.999835	7.88864e-06 0.000165 24
rVSVOmicron	430	A	145507	0.99972	0	0	0.000280509 0.00028 41
rVSVOmicron	431	A	145643	0.999714	1.60029e-05	0.000203713	6.59579e-05 0.000286 42
rVSVOmicron	432	C	146453	5.51019e-05	0.000149988	0.999795	0 0.000205 30
rVSVOmicron	433	A	146325	0.999833	2.42833e-05	2.42833e-05	0.000118572 0.000167 24
rVSVOmicron	434	A	145644	0.999663	1.649e-05	1.649e-05	0.000304174 0.000337 49
rVSVOmicron	435	G	146548	0.000135793	2.11969e-05	8.16964e-06	0.999835 0.000165 24
rVSVOmicron	436	T	146722	1.60629e-05	0.999885	9.22533e-05	6.72907e-06 0.000115 17
rVSVOmicron	437	C	145563	8.7981e-05	1.59966e-05	0.999872	2.39948e-05 0.000128 19
rVSVOmicron	438	T	145279	1.61021e-05	0.99995	1.80604e-05	1.61021e-05 5e-05 7
rVSVOmicron	439	T	146617	3.15431e-05	0.99985	0.000118287	0 0.00015 22
rVSVOmicron	440	G	147450	0.000125805	7.86279e-05	1.55131e-05	0.99978 0.00022 32
rVSVOmicron	441	G	147451	6.54645e-05	0.000110167	1.75843e-05	0.999807 0.000193 28
rVSVOmicron	442	A	147151	0.999844	1.55978e-05	3.11956e-05	0.000109185 0.000156 23
rVSVOmicron	443	T	147409	1.56009e-05	0.99989	8.62265e-05	7.80044e-06 0.00011 16
rVSVOmicron	444	G	148161	0.0002227	7.03596e-05	1.75371e-05	0.999689 0.000311 46
rVSVOmicron	445	G	148018	5.23968e-05	3.38791e-05	4.86091e-05	0.999865 0.000135 20
rVSVOmicron	446	A	147405	0.999829	2.50659e-05	7.72865e-06	0.000137862 0.000171 25
rVSVOmicron	447	G	148194	4.86488e-05	5.32423e-05	0	0.999898 0.000102 15
rVSVOmicron	448	T	148228	0	0.99877	0.00122194	7.77904e-06 0.00123 182
rVSVOmicron	449	C	147241	3.87756e-05	0.000233286	0.999712	1.55945e-05 0.000288 42
rVSVOmicron	450	T	147080	1.54585e-05	0.999696	0.000273031	1.54585e-05 0.000304 45
rVSVOmicron	451	G	148706	3.8466e-05	6.96546e-05	2.49509e-05	0.999867 0.000133 20
rVSVOmicron	452	A	148039	0.999704	0.000102023	1.73878e-05	0.000176602 0.000296 44
rVSVOmicron	453	G	148774	7.27108e-05	2.30597e-05	7.68657e-06	0.999897 0.000103 15
rVSVOmicron	454	T	148986	5.07351e-05	0.999901	4.863e-05	0 9.9e-05 15
rVSVOmicron	455	T	149052	7.77787e-06	0.999918	7.37847e-05	0 8.2e-05 12
rVSVOmicron	456	C	149743	4.59335e-05	7.30384e-05	0.999844	3.72434e-05 0.000156 23
rVSVOmicron	457	A	148840	0.999572	1.53738e-05	1.80747e-05	0.000394942 0.000428 64
rVSVOmicron	458	G	149478	0.00011029	7.23518e-05	4.60232e-05	0.999771 0.000229 34
rVSVOmicron	459	A	149801	0.99979	3.25068e-05	7.70993e-06	0.000169619 0.00021 31
rVSVOmicron	460	G	150167	0.00138215	0.000230428	7.64647e-06	0.99838 0.00162 243
rVSVOmicron	461	T	150558	1.70383e-05	0.998205	0.000298478	0.00147966 0.001795 270
rVSVOmicron	462	G	150846	0.000115506	5.97022e-05	2.2773e-05	0.999802 0.000198 30
rVSVOmicron	463	T	148667	7.68395e-06	0.999828	0.000140596	2.36749e-05 0.000172 26
rVSVOmicron	464	A	148512	0.999787	9.25137e-05	1.54189e-05	0.000105224 0.000213 32
rVSVOmicron	465	C	148627	3.05327e-05	0.000158519	0.999801	9.6199e-06 0.000199 30
rVSVOmicron	466	T	144893	0	0.999837	0.000162747	0 0.000163 24
rVSVOmicron	467	C	145008	6.68118e-05	8.51105e-05	0.999809	3.93636e-05 0.000191 28
rVSVOmicron	468	T	144908	0	0.999726	0.000185642	8.8288e-05 0.000274 40
rVSVOmicron	469	A	145691	0.999805	1.5951e-05	2.22021e-05	0.000156923 0.000195 28
rVSVOmicron	470	G	146002	0.000119716	5.44359e-05	8.02442e-06	0.999818 0.000182 27
rVSVOmicron	471	C	146513	4.71744e-05	0.000279647	0.999653	2.06123e-05 0.000347 51
rVSVOmicron	472	G	146691	0.000386647	0.000111137	7.84746e-06	0.999494 0.000506 74
rVSVOmicron	473	C	146984	6.28909e-05	5.09926e-05	0.99987	1.57227e-05 0.00013 19
rVSVOmicron	474	C	147377	6.04445e-05	8.79384e-05	0.999844	7.76544e-06 0.000156 23
rVSVOmicron	475	A	146884	0.999636	1.56955e-05	0	0.000348058 0.000364 53
rVSVOmicron	476	A	147128	0.999932	1.39127e-05	1.5599e-05	3.89976e-05 6.8e-05 10
rVSVOmicron	477	C	147686	0	0.000104309	0.999888	7.7343e-06 0.000112 17
rVSVOmicron	478	A	147563	0.999857	0	8.80071e-05	5.47929e-05 0.000143 21
rVSVOmicron	479	A	147360	0.999976	8.60587e-06	0	1.59209e-05 2.4e-05 4
rVSVOmicron	480	C	146537	5.80904e-05	0.000139964	0.999802	0 0.000198 29
rVSVOmicron	481	T	147403	1.57784e-05	0.9997	0.00026077	2.36676e-05 0.0003 44
rVSVOmicron	482	G	149769	0.000581416	4.62135e-05	2.31068e-05	0.999349 0.000651 97
rVSVOmicron	483	C	152106	4.96423e-05	0.000155411	0.99978	1.4994e-05 0.00022 33
rVSVOmicron	484	A	153976	0.999858	1.487e-05	0	0.000126797 0.000142 22
rVSVOmicron	485	C	156012	3.11098e-05	0.000155747	0.999811	2.57597e-06 0.000189 29
rVSVOmicron	486	C	146521	9.30475e-05	0.000154726	0.999737	1.56845e-05 0.000263 39
rVSVOmicron	487	T	146581	5.77001e-05	0.999664	0.000230801	4.77964e-05 0.000336 49
rVSVOmicron	488	T	146845	0	0.999893	9.11009e-05	1.56778e-05 0.000107 16
rVSVOmicron	489	C	146965	7.39594e-05	0.000120526	0.999779	2.61281e-05 0.000221 32
rVSVOmicron	490	G	147040	0.000153869	0.000135531	3.11954e-05	0.999679 0.000321 47
rVSVOmicron	491	A	145138	0.999887	7.82477e-06	7.82477e-06	9.70695e-05 0.000113 16
rVSVOmicron	492	G	145832	6.19955e-05	3.16391e-05	7.90978e-06	0.999898 0.000102 15
rVSVOmicron	493	T	146051	0	0.999844	0.000147602	7.892e-06 0.000156 23
rVSVOmicron	494	A	145368	0.999819	1.56914e-05	7.84572e-06	0.000157126 0.000181 26
rVSVOmicron	495	C	145187	0	0.000530407	0.998703	0.000766167 0.001297 188
rVSVOmicron	496	G	142804	0.000384609	2.40923e-05	0	0.999591 0.000409 58
rVSVOmicron	497	T	143082	0	0.999924	7.63536e-05	0 7.6e-05 11
rVSVOmicron	498	G	144252	0.000101148	4.15734e-05	0	0.999857 0.000143 21
rVSVOmicron	499	T	144473	3.34532e-05	0.999801	0.000157464	7.88387e-06 0.000199 29
rVSVOmicron	500	C	145642	8.87037e-05	0.00020156	0.999702	7.90852e-06 0.000298 43
rVSVOmicron	501	C	146496	7.34052e-05	0.000213112	0.999688	2.58317e-05 0.000312 46
rVSVOmicron	502	C	146845	6.46755e-05	0.000251704	0.99966	2.35376e-05 0.00034 50
rVSVOmicron	503	A	146386	0.999813	1.06519e-05	7.88238e-06	0.000168726 0.000187 27
rVSVOmicron	504	G	147120	0.000135507	4.09919e-05	0	0.999824 0.000176 26
rVSVOmicron	505	C	147968	7.05511e-05	0.000170552	0.999743	1.61018e-05 0.000257 38
rVSVOmicron	506	C	144209	0.000115901	7.76275e-05	0.999806	0 0.000194 28
rVSVOmicron	507	T	144274	4.26665e-05	0.99967	0.000231807	5.54225e-05 0.00033 48
rVSVOmicron	508	T	144807	2.23759e-05	0.999687	0.00014288	0.000147541 0.000313 45
rVSVOmicron	509	T	144883	7.94366e-06	0.999851	0.000141483	0 0.000149 22
rVSVOmicron	510	C	145966	7.11838e-05	0.000142154	0.999771	1.58186e-05 0.000229 33
rVSVOmicron	511	C	143395	8.04554e-05	0.000261154	0.999658	0 0.000342 49
rVSVOmicron	512	T	143516	5.6069e-05	0.999594	0.000342259	8.00986e-06 0.000406 58
rVSVOmicron	513	C	145091	3.93958e-05	6.13296e-05	0.999884	1.57583e-05 0.000116 17
rVSVOmicron	514	A	145430	0.999559	1.65826e-05	7.0364e-05	0.000353613 0.000441 64
rVSVOmicron	515	T	147250	7.90108e-06	0.999885	9.95109e-05	7.90108e-06 0.000115 17
rVSVOmicron	516	G	149201	8.78409e-05	0.00280162	1.7526e-05	0.997093 0.002907 434
rVSVOmicron	517	G	150408	4.75766e-05	6.117e-05	2.28615e-05	0.999868 0.000132 20
rVSVOmicron	518	A	152462	0.999804	5.22472e-05	2.98555e-05	0.000113976 0.000196 30
rVSVOmicron	519	C	154473	2.25056e-05	0.000119624	0.99985	7.50186e-06 0.00015 23
rVSVOmicron	520	C	127554	6.56783e-05	5.24938e-05	0.999871	1.12312e-05 0.000129 16
rVSVOmicron	521	T	127900	0	0.999482	0.000485501	3.24644e-05 0.000518 66
rVSVOmicron	522	G	128220	0.000111674	6.92817e-05	4.69952e-05	0.999772 0.000228 29
rVSVOmicron	523	G	128739	5.59988e-05	4.44626e-05	9.10883e-05	0.999808 0.000192 25
rVSVOmicron	524	A	128624	0.999594	7.13676e-05	1.83241e-05	0.00031585 0.000406 52
rVSVOmicron	525	G	122757	8.31353e-05	6.56464e-05	9.37806e-06	0.999842 0.000158 19
rVSVOmicron	526	G	122797	0.000129433	7.5927e-05	1.88543e-05	0.999776 0.000224 28
rVSVOmicron	527	G	122361	0.000511417	7.34225e-05	1.88002e-05	0.999396 0.000604 74
rVSVOmicron	528	C	122205	0.000125802	0.000218829	0.999637	1.81517e-05 0.000363 44
rVSVOmicron	529	A	121718	0.999722	1.88399e-05	1.88399e-05	0.00024059 0.000278 34
rVSVOmicron	530	A	121193	0.999608	6.14651e-05	6.39569e-05	0.000266626 0.000392 48
rVSVOmicron	531	G	120857	0.000198221	4.7573e-05	0	0.999754 0.000246 30
rVSVOmicron	532	C	121407	3.75591e-05	0.000420255	0.999514	2.81693e-05 0.000486 59
rVSVOmicron	533	A	120943	0.999697	6.91701e-05	5.00709e-05	0.000183765 0.000303 37
rVSVOmicron	534	G	117192	0.000140639	0.000142234	4.12081e-05	0.999676 0.000324 38
rVSVOmicron	535	G	117605	0.000133649	4.95494e-05	5.19599e-05	0.999765 0.000235 28
rVSVOmicron	536	G	117593	0.000269075	0.00014737	1.95787e-05	0.999564 0.000436 51
