rVSVOmicron	6	C	9971	0	0.000124479	0.999876	0 0.000124 1
rVSVOmicron	7	G	10884	0.000113127	0.000113127	0	0.999774 0.000226 2
rVSVOmicron	8	T	11637	0	0.999895	0.00010469	0 0.000105 1
rVSVOmicron	11	T	13836	0	0.999913	8.66722e-05	0 8.7e-05 1
rVSVOmicron	13	C	15500	7.68887e-05	0.000307555	0.999616	0 0.000384 6
rVSVOmicron	14	T	16015	0	0.999926	7.42696e-05	0 7.4e-05 1
rVSVOmicron	15	C	17201	0	4.66347e-05	0.999953	0 4.7e-05 1
rVSVOmicron	16	G	18280	0.000178994	5.44003e-05	6.49294e-05	0.999702 0.000298 5
rVSVOmicron	17	T	19052	6.19613e-05	0.999876	6.19613e-05	0 0.000124 2
rVSVOmicron	18	G	20122	0.000117519	0.000336676	2.38214e-05	0.999522 0.000478 10
rVSVOmicron	19	C	20853	0.000112506	0	0.999887	0 0.000113 2
rVSVOmicron	20	T	21712	0	0.999946	5.36944e-05	0 5.4e-05 1
rVSVOmicron	21	C	22974	0.000102402	0.000404072	0.999494	0 0.000506 12
rVSVOmicron	22	C	23691	4.94503e-05	0.00101173	0.998939	0 0.001061 25
rVSVOmicron	23	T	24538	0.000202083	0.999319	0.000431196	4.76247e-05 0.000681 17
rVSVOmicron	24	G	25887	0.000259855	0	0	0.99974 0.00026 7
rVSVOmicron	25	C	26677	0	9.62254e-05	0.999904	0 9.6e-05 3
rVSVOmicron	26	C	27168	9.55575e-05	0.000228406	0.999676	0 0.000324 9
rVSVOmicron	27	T	27938	0	0.999874	8.38648e-05	4.19324e-05 0.000126 4
rVSVOmicron	28	C	28711	0	8.10544e-05	0.999919	0 8.1e-05 2
rVSVOmicron	29	T	29489	0.00146685	0.998335	0.00019779	0 0.001665 49
rVSVOmicron	30	G	31281	0.00360765	0	6.87943e-05	0.996324 0.003676 115
rVSVOmicron	31	G	31514	0.000119569	7.43538e-05	0	0.999806 0.000194 6
rVSVOmicron	32	T	32283	0	0.999702	0.00022565	7.26005e-05 0.000298 10
rVSVOmicron	33	G	33402	0.000657469	0	0	0.999343 0.000657 22
rVSVOmicron	34	T	34033	0	0.999349	0.000651305	0 0.000651 22
rVSVOmicron	35	C	34819	0	0.000108967	0.999891	0 0.000109 4
rVSVOmicron	36	T	35687	6.55757e-05	0.999828	0.000106339	0 0.000172 6
rVSVOmicron	37	A	37254	0.999844	0	0	0.000156213 0.000156 6
rVSVOmicron	38	G	38205	8.34335e-05	0.00016261	0	0.999754 0.000246 9
rVSVOmicron	39	C	39025	0	0.000312817	0.999687	0 0.000313 12
rVSVOmicron	40	C	40101	0.000116491	0.000328222	0.999526	2.91228e-05 0.000474 19
rVSVOmicron	41	A	41119	0.999855	0	0	0.000144666 0.000145 6
rVSVOmicron	42	G	42055	3.91167e-05	2.7833e-05	2.7833e-05	0.999905 9.5e-05 4
rVSVOmicron	43	T	42781	0	0.999802	0.000170683	2.74577e-05 0.000198 8
rVSVOmicron	44	G	43663	2.68704e-05	0.000113291	2.68704e-05	0.999833 0.000167 7
rVSVOmicron	45	C	44505	3.21174e-05	0.000668042	0.9993	0 0.0007 31
rVSVOmicron	46	G	46478	0.00062179	9.6132e-05	0.000100904	0.999181 0.000819 38
rVSVOmicron	47	T	48224	0	0.999837	0.000163	0 0.000163 8
rVSVOmicron	48	G	50434	0.000268824	8.39684e-05	9.33679e-05	0.999554 0.000446 22
rVSVOmicron	49	A	52906	0.999868	0	2.15312e-05	0.000110646 0.000132 7
rVSVOmicron	50	A	55091	0.999266	2.20921e-05	0	0.000711723 0.000734 40
rVSVOmicron	51	C	56813	2.05609e-05	0.000148372	0.999831	0 0.000169 10
rVSVOmicron	52	C	43957	0	0	0.999973	2.67499e-05 2.7e-05 1
rVSVOmicron	53	T	44829	0	0.998126	0.000340923	0.00153345 0.001874 84
rVSVOmicron	54	G	46072	0.00017952	7.20851e-05	5.12913e-05	0.999697 0.000303 14
rVSVOmicron	55	A	46667	0.999842	0	0	0.000157921 0.000158 7
rVSVOmicron	56	C	47536	1.007e-05	0.000128896	0.999836	2.48394e-05 0.000164 8
rVSVOmicron	57	C	48482	0	4.6051e-05	0.999954	0 4.6e-05 2
rVSVOmicron	58	A	49454	0.99997	2.98844e-05	0	0 3e-05 1
rVSVOmicron	59	C	50360	2.33483e-05	0.000141352	0.999835	0 0.000165 8
rVSVOmicron	60	A	51409	0.999655	2.28573e-05	9.14293e-05	0.000230427 0.000345 18
rVSVOmicron	61	C	52365	2.66934e-05	0.000680681	0.99927	2.24467e-05 0.00073 38
rVSVOmicron	62	G	53589	0.00191214	4.42874e-05	4.90753e-05	0.997994 0.002006 107
rVSVOmicron	63	G	53843	6.83781e-05	7.13511e-05	2.67566e-05	0.999834 0.000166 9
rVSVOmicron	64	A	54197	0.999813	0	6.46305e-06	0.000180378 0.000187 10
rVSVOmicron	65	C	54782	0	6.46841e-05	0.999935	0 6.5e-05 4
rVSVOmicron	66	C	55875	7.49191e-05	0.000635941	0.999289	0 0.000711 40
rVSVOmicron	67	C	56935	0	4.31223e-05	0.99991	4.70941e-05 9e-05 5
rVSVOmicron	68	A	58081	0.999818	2.05213e-05	6.65554e-05	9.53961e-05 0.000182 11
rVSVOmicron	69	G	58878	0.000627384	8.28518e-05	0.000161343	0.999128 0.000872 51
rVSVOmicron	70	C	59535	6.97192e-06	0.00032339	0.99961	6.00658e-05 0.00039 23
rVSVOmicron	71	T	60407	7.82455e-05	0.999808	0.000113667	0 0.000192 12
rVSVOmicron	72	C	61701	1.55683e-05	0.00161132	0.998316	5.76026e-05 0.001684 104
rVSVOmicron	73	C	63567	4.17307e-05	0.000230537	0.999709	1.88297e-05 0.000291 18
rVSVOmicron	74	C	63179	7.09081e-05	0.000122431	0.999807	0 0.000193 12
rVSVOmicron	75	T	63952	5.90617e-05	0.999632	0.000290804	1.85194e-05 0.000368 24
rVSVOmicron	76	C	65344	3.72754e-05	7.70031e-05	0.999886	0 0.000114 7
rVSVOmicron	77	C	66512	3.60774e-05	0.000203788	0.999679	8.09303e-05 0.000321 21
rVSVOmicron	78	C	67631	5.75357e-05	0.000309734	0.999579	5.32205e-05 0.000421 28
rVSVOmicron	79	G	68738	0.00284827	3.4798e-05	3.90302e-05	0.997078 0.002922 201
rVSVOmicron	80	C	70371	2.10225e-05	0.00012385	0.999855	0 0.000145 10
rVSVOmicron	81	C	69839	5.81899e-05	0.00085299	0.999055	3.4175e-05 0.000945 66
rVSVOmicron	82	T	70657	1.69299e-05	0.99968	0.000286435	1.69299e-05 0.00032 23
rVSVOmicron	83	A	72233	0.999817	3.35459e-05	0	0.000149596 0.000183 13
rVSVOmicron	84	C	73196	1.62916e-05	0.000179207	0.999788	1.62916e-05 0.000212 16
rVSVOmicron	85	A	74114	0.999935	1.62342e-05	1.62342e-05	3.24685e-05 6.5e-05 5
rVSVOmicron	86	C	75046	6.74203e-05	5.4108e-05	0.999863	1.58889e-05 0.000137 10
rVSVOmicron	87	A	76098	0.999952	1.59661e-05	0	3.19322e-05 4.8e-05 4
rVSVOmicron	88	A	77033	0.999874	0	1.60815e-05	0.000110397 0.000126 10
rVSVOmicron	89	A	75166	0.999853	0	2.82723e-05	0.000119017 0.000147 11
rVSVOmicron	90	C	75572	4.57237e-05	0.000159602	0.999795	0 0.000205 15
rVSVOmicron	91	T	75983	0	0.99984	0.000160232	0 0.00016 12
rVSVOmicron	92	C	76659	1.89703e-05	3.49897e-05	0.999946	0 5.4e-05 4
rVSVOmicron	93	T	77410	1.5662e-05	0.999491	0.000488907	4.65626e-06 0.000509 39
rVSVOmicron	94	T	78673	1.5642e-05	0.99978	0.000204614	0 0.00022 17
rVSVOmicron	95	T	79505	3.04077e-05	0.999857	0.000112591	0 0.000143 11
rVSVOmicron	96	C	80705	2.97475e-05	0.020363	0.979607	0 0.020393 1646
rVSVOmicron	97	A	81833	0.999838	0	0	0.000162017 0.000162 13
rVSVOmicron	98	C	82758	2.9001e-05	0.00017283	0.999798	0 0.000202 17
rVSVOmicron	99	C	83773	0.000117272	0.000167868	0.9997	1.45119e-05 0.0003 25
rVSVOmicron	100	C	84814	0.000147653	0.000203847	0.999553	9.53352e-05 0.000447 38
rVSVOmicron	101	G	85987	0.000278425	4.51398e-05	0.000499193	0.999177 0.000823 71
rVSVOmicron	102	G	86756	0.000217462	4.63008e-05	1.40421e-05	0.999722 0.000278 24
rVSVOmicron	103	G	87649	0.000128151	1.39458e-05	5.72909e-05	0.999801 0.000199 17
rVSVOmicron	104	G	88433	0.00010863	2.76242e-05	0	0.999864 0.000136 12
rVSVOmicron	105	C	89417	0	0.000396373	0.998661	0.000942932 0.001339 120
rVSVOmicron	106	G	90269	0.000415659	2.6631e-05	2.6631e-05	0.999531 0.000469 42
rVSVOmicron	107	T	90985	0	0.99997	1.33496e-05	1.6236e-05 3e-05 3
rVSVOmicron	108	G	92316	0.00415088	1.30509e-05	0	0.995836 0.004164 384
rVSVOmicron	109	T	93027	4.16535e-05	0.999785	0.000173265	0 0.000215 20
rVSVOmicron	110	A	94121	0.999787	2.3444e-05	5.17867e-05	0.000138215 0.000213 20
rVSVOmicron	111	C	94563	0	0.000344339	0.999656	0 0.000344 33
rVSVOmicron	112	T	95803	1.22512e-05	0.999554	0.000345415	8.81403e-05 0.000446 43
rVSVOmicron	113	A	97290	0.999932	0	0	6.79918e-05 6.8e-05 7
rVSVOmicron	114	C	97988	2.72889e-05	0.000113482	0.999859	0 0.000141 14
rVSVOmicron	115	C	99069	4.91144e-05	5.80745e-05	0.999881	1.22786e-05 0.000119 12
rVSVOmicron	116	C	100054	6.46199e-05	0.000174408	0.999749	1.21987e-05 0.000251 25
rVSVOmicron	117	C	101064	3.22873e-05	0.000188506	0.99973	4.89202e-05 0.00027 27
rVSVOmicron	118	G	102285	0.000418284	3.79968e-05	1.18141e-05	0.999532 0.000468 48
rVSVOmicron	119	A	104007	0.999748	1.15847e-05	0.000196941	4.35211e-05 0.000252 26
rVSVOmicron	120	C	106234	1.40971e-05	9.10185e-05	0.999865	2.97266e-05 0.000135 14
rVSVOmicron	121	A	108627	0.999792	1.37765e-05	3.39821e-05	0.00016042 0.000208 23
rVSVOmicron	122	A	110972	0.99973	2.61453e-05	0.000107887	0.000136437 0.00027 30
rVSVOmicron	123	G	112066	9.19101e-05	4.55146e-05	1.08648e-05	0.999852 0.000148 17
rVSVOmicron	124	G	103810	0.000118555	0	0	0.999881 0.000119 12
rVSVOmicron	125	T	104572	0	0.999913	8.74283e-05	0 8.7e-05 9
rVSVOmicron	126	G	106122	6.01003e-05	2.75718e-05	1.14624e-05	0.999901 9.9e-05 11
rVSVOmicron	127	T	106811	0	0.999941	3.55206e-05	2.32613e-05 5.9e-05 6
rVSVOmicron	128	T	107752	1.12785e-05	0.999884	0.000105165	0 0.000116 12
rVSVOmicron	129	C	109244	2.17384e-05	0.000160321	0.999796	2.23423e-05 0.000204 22
rVSVOmicron	130	C	110286	0.000123838	0.000191604	0.999673	1.13943e-05 0.000327 36
rVSVOmicron	131	G	111830	0.000220964	0.00024522	0	0.999534 0.000466 52
rVSVOmicron	132	G	111738	0.000148025	4.64798e-05	0	0.999806 0.000194 22
rVSVOmicron	133	T	109791	0	0.999919	7.23846e-05	8.74647e-06 8.1e-05 9
rVSVOmicron	134	C	110436	2.20329e-05	6.10371e-05	0.999906	1.13142e-05 9.4e-05 10
rVSVOmicron	135	T	111229	0	0.999808	0.000178425	1.36338e-05 0.000192 21
rVSVOmicron	136	A	113291	0.999798	0	1.09166e-05	0.000190893 0.000202 23
rVSVOmicron	137	G	111824	0.000144082	4.70227e-05	0	0.999809 0.000191 21
rVSVOmicron	138	C	112555	7.34007e-05	0.000160067	0.999756	1.09069e-05 0.000244 27
rVSVOmicron	139	G	112849	0.00045854	5.9299e-05	0	0.999482 0.000518 58
rVSVOmicron	140	T	113555	2.1595e-05	0.999617	6.53686e-05	0.000296493 0.000383 43
rVSVOmicron	141	G	114933	0.000127124	6.65888e-05	2.59437e-05	0.99978 0.00022 25
rVSVOmicron	142	C	114884	0.000523527	0.000234436	0.999242	0 0.000758 87
rVSVOmicron	143	T	115717	0	0.999644	0.000343529	1.28396e-05 0.000356 41
rVSVOmicron	144	C	117491	3.35087e-05	9.6584e-05	0.999834	3.63246e-05 0.000166 20
rVSVOmicron	145	C	118590	0.000646675	0.000116714	0.999196	4.0487e-05 0.000804 95
rVSVOmicron	146	A	118143	0.999336	0	0.000584017	7.98296e-05 0.000664 78
rVSVOmicron	147	C	117996	8.36977e-06	0.000169906	0.999822	0 0.000178 21
rVSVOmicron	148	T	118459	0	0.99984	0.00016008	0 0.00016 19
rVSVOmicron	149	C	118523	0.000103863	4.07737e-05	0.999845	1.07444e-05 0.000155 18
rVSVOmicron	150	T	118809	1.02342e-05	0.999725	0.000178961	8.62995e-05 0.000275 33
rVSVOmicron	151	A	119686	0.999847	0	0	0.000153473 0.000153 18
rVSVOmicron	152	C	120563	2.0122e-05	0.000564776	0.999415	0 0.000585 71
rVSVOmicron	153	A	120703	0.999834	1.97316e-05	2.02797e-05	0.000126337 0.000166 20
rVSVOmicron	154	C	117454	2.30325e-05	0.000202852	0.999754	2.0535e-05 0.000246 29
rVSVOmicron	155	A	118256	0.998649	2.30515e-05	5.11021e-05	0.00127672 0.001351 160
rVSVOmicron	156	G	119784	0.000160177	0.00182427	2.26872e-05	0.997993 0.002007 240
rVSVOmicron	157	G	121659	0.00187472	1.23761e-05	9.95473e-06	0.998103 0.001897 231
rVSVOmicron	158	A	123397	0.999868	0	9.77782e-06	0.000122091 0.000132 16
rVSVOmicron	159	C	125606	0.000301051	0.000226376	0.995692	0.0037805 0.004308 541
rVSVOmicron	160	C	110654	8.48442e-05	0.00012298	0.999792	0 0.000208 23
rVSVOmicron	161	T	111310	1.08062e-05	0.999408	0.000533006	4.84817e-05 0.000592 66
rVSVOmicron	162	G	112423	0.000158826	0.000100357	0.000271981	0.999469 0.000531 60
rVSVOmicron	163	T	112788	0	0.995782	6.88875e-05	0.00414884 0.004218 476
rVSVOmicron	164	T	113151	0.000323133	0.996017	8.2396e-05	0.00357734 0.003983 451
rVSVOmicron	165	C	115470	2.36397e-05	0.000436337	0.99954	0 0.00046 53
rVSVOmicron	166	C	112343	4.83666e-05	0.000167826	0.999749	3.49638e-05 0.000251 28
rVSVOmicron	167	T	112789	3.18752e-05	0.999655	0.000312722	0 0.000345 39
rVSVOmicron	168	C	113988	1.28811e-05	8.73053e-05	0.999846	5.35282e-05 0.000154 18
rVSVOmicron	169	C	114857	8.82612e-05	0.000226585	0.999674	1.07071e-05 0.000326 37
rVSVOmicron	170	C	115240	8.43955e-05	0.000129159	0.999742	4.47639e-05 0.000258 30
rVSVOmicron	171	T	115442	3.17103e-05	0.999591	0.000286821	8.99886e-05 0.000409 47
rVSVOmicron	172	T	116289	0	0.999893	9.63926e-05	1.08077e-05 0.000107 12
rVSVOmicron	173	T	116790	0	0.999947	4.23031e-05	1.04348e-05 5.3e-05 6
rVSVOmicron	174	C	116490	4.63136e-05	0.000115226	0.999818	2.06458e-05 0.000182 21
rVSVOmicron	175	T	116803	1.29251e-05	0.999801	0.00017758	8.14843e-06 0.000199 23
rVSVOmicron	176	T	118268	1.02258e-05	0.999934	5.55511e-05	0 6.6e-05 8
rVSVOmicron	177	C	119079	8.6078e-05	0.000141004	0.999743	3.03323e-05 0.000257 31
rVSVOmicron	178	A	118850	0.999748	0	3.87766e-05	0.000213134 0.000252 30
rVSVOmicron	179	G	119253	0.000177019	4.32956e-05	1.01388e-05	0.99977 0.00023 27
rVSVOmicron	180	C	120536	7.77274e-05	7.28525e-05	0.999829	2.0312e-05 0.000171 21
rVSVOmicron	181	A	120970	0.999015	9.91934e-06	2.57367e-05	0.00094904 0.000985 119
rVSVOmicron	182	A	120443	0.99997	1.95572e-05	0	1.01918e-05 3e-05 4
rVSVOmicron	183	C	121427	0.000106628	0.000342923	0.997414	0.00213684 0.002586 314
rVSVOmicron	184	G	120425	0.000192701	0.000115729	0	0.999692 0.000308 37
rVSVOmicron	185	T	121179	0	0.999797	0.000203205	0 0.000203 25
rVSVOmicron	186	G	122671	0.000102599	7.02552e-05	3.41997e-05	0.999793 0.000207 25
rVSVOmicron	187	A	123267	0.999815	2.91836e-05	0	0.000155383 0.000185 23
rVSVOmicron	188	C	124374	2.17158e-05	0.000147301	0.999823	8.11071e-06 0.000177 22
rVSVOmicron	189	A	120663	0.999818	0	3.98839e-05	0.000142443 0.000182 22
rVSVOmicron	190	T	120998	3.98689e-05	0.9999	4.98361e-05	9.96721e-06 0.0001 12
rVSVOmicron	191	G	122420	0.000133427	9.89339e-05	0	0.999768 0.000232 28
rVSVOmicron	192	G	121661	0.000151324	5.10685e-05	1.18264e-05	0.999786 0.000214 26
rVSVOmicron	193	T	121919	3.05548e-05	0.999872	8.45075e-05	1.32129e-05 0.000128 16
rVSVOmicron	194	T	122592	1.21752e-05	0.999836	0.000142396	9.79306e-06 0.000164 20
rVSVOmicron	195	C	123440	2.86097e-05	7.09944e-05	0.999891	9.80147e-06 0.000109 13
rVSVOmicron	196	C	123783	3.30145e-05	0.000228196	0.999739	0 0.000261 32
rVSVOmicron	197	A	124038	0.999871	7.61046e-06	0	0.000121242 0.000129 16
rVSVOmicron	198	C	124850	3.13372e-05	0.000236596	0.999098	0.000634318 0.000902 113
rVSVOmicron	199	G	125052	0.000925264	6.21895e-05	1.85523e-05	0.998994 0.001006 126
rVSVOmicron	200	T	125174	9.72185e-06	0.999857	7.51473e-05	5.83311e-05 0.000143 18
rVSVOmicron	201	G	125852	0.000109444	3.1048e-05	4.06211e-05	0.999819 0.000181 23
rVSVOmicron	202	A	125147	0.999931	0	0	6.89701e-05 6.9e-05 9
rVSVOmicron	203	T	122673	0	0.999871	0.000128628	0 0.000129 16
rVSVOmicron	204	C	121951	5.39144e-05	0.000161743	0.999777	7.43647e-06 0.000223 27
rVSVOmicron	205	T	122232	9.79529e-06	0.99986	0.000130251	0 0.00014 17
rVSVOmicron	206	C	121412	9.48416e-05	0.000281328	0.999575	4.92857e-05 0.000425 52
rVSVOmicron	207	T	121907	0	0.999512	0.000457648	3.00315e-05 0.000488 59
rVSVOmicron	208	G	123411	0.00010527	5.87182e-05	7.08851e-05	0.999765 0.000235 29
rVSVOmicron	209	G	123996	0.00029911	5.25357e-05	0	0.999648 0.000352 44
rVSVOmicron	210	C	124799	2.89546e-05	0.000280937	0.999671	1.9303e-05 0.000329 41
rVSVOmicron	211	A	124945	0.999921	0	9.60531e-06	6.95736e-05 7.9e-05 10
rVSVOmicron	212	C	125764	4.82498e-05	7.14716e-05	0.999871	9.54675e-06 0.000129 16
rVSVOmicron	213	A	125829	0.99993	0	0	6.96596e-05 7e-05 9
rVSVOmicron	214	A	126245	0.999894	0	3.07453e-05	7.55606e-05 0.000106 13
rVSVOmicron	215	A	126340	0.999886	9.88864e-06	1.97773e-05	8.39198e-05 0.000114 14
rVSVOmicron	216	C	126529	0.00103165	0.000422667	0.998546	0 0.001454 184
rVSVOmicron	217	G	126965	0.000162029	6.21198e-05	1.91536e-05	0.999757 0.000243 31
rVSVOmicron	218	G	127210	0.000485906	4.9777e-05	3.8171e-05	0.999426 0.000574 73
rVSVOmicron	219	C	127550	4.94854e-05	0.000269364	0.999672	9.43794e-06 0.000328 42
rVSVOmicron	220	A	127596	0.999925	0	0	7.52916e-05 7.5e-05 10
rVSVOmicron	221	C	128266	5.34179e-05	6.22787e-05	0.999875	9.36712e-06 0.000125 16
rVSVOmicron	222	A	128495	0.999897	0	0	0.000103051 0.000103 13
rVSVOmicron	223	A	128906	0.999849	0	4.9777e-05	0.000101093 0.000151 19
rVSVOmicron	224	A	129159	0.998048	2.12912e-05	5.54083e-05	0.00187542 0.001952 252
rVSVOmicron	225	G	129873	2.81205e-05	5.44677e-05	3.2934e-06	0.999914 8.6e-05 11
rVSVOmicron	226	C	130615	6.66761e-05	0.000351111	0.999571	1.12375e-05 0.000429 56
rVSVOmicron	227	G	131543	0.000199795	2.98202e-05	0	0.99977 0.00023 30
rVSVOmicron	228	G	131612	7.62047e-05	1.83686e-05	0	0.999905 9.5e-05 13
rVSVOmicron	229	T	131461	0	0.999321	0.000670136	9.17995e-06 0.000679 89
rVSVOmicron	230	T	131160	0.000535417	0.999404	6.07583e-05	0 0.000596 78
rVSVOmicron	231	C	132031	4.75495e-05	0.00156399	0.998379	9.06872e-06 0.001621 214
rVSVOmicron	232	G	132517	0.000191364	5.66733e-05	3.85182e-05	0.999713 0.000287 38
rVSVOmicron	233	A	131298	0.999792	9.06244e-06	0	0.000198884 0.000208 27
rVSVOmicron	234	C	131913	0.000166704	0.000155198	0.999658	2.03178e-05 0.000342 45
rVSVOmicron	235	A	132083	0.999787	7.70067e-05	1.82644e-05	0.000117978 0.000213 28
rVSVOmicron	236	A	131659	0.999524	0	9.17697e-05	0.000384285 0.000476 63
rVSVOmicron	237	C	131413	2.64964e-05	6.85935e-05	0.999905	0 9.5e-05 12
rVSVOmicron	238	C	132770	7.01927e-05	0.000180038	0.999741	9.11274e-06 0.000259 34
rVSVOmicron	239	C	133020	0.000144971	0.000333335	0.999503	1.82447e-05 0.000497 66
rVSVOmicron	240	C	133561	7.37398e-05	0.000201376	0.999618	0.000106568 0.000382 51
rVSVOmicron	241	G	133558	0.000236787	1.84383e-05	0	0.999745 0.000255 34
rVSVOmicron	242	T	133521	1.81997e-05	0.999841	0.000122725	1.79537e-05 0.000159 21
rVSVOmicron	243	G	134485	0.00049827	9.25119e-05	2.39668e-05	0.999385 0.000615 83
rVSVOmicron	244	C	134453	7.1106e-05	0.00016143	0.999745	2.23407e-05 0.000255 34
rVSVOmicron	245	T	134519	5.94813e-05	0.999662	0.000278372	0 0.000338 45
rVSVOmicron	246	C	135720	2.23706e-05	0.000671355	0.999297	8.80544e-06 0.000703 95
rVSVOmicron	247	C	136156	5.57345e-05	0.000148067	0.999796	0 0.000204 28
rVSVOmicron	248	C	135795	0.000137134	0.000156998	0.999695	1.07697e-05 0.000305 41
rVSVOmicron	249	T	135602	8.83198e-06	0.999397	0.000545912	4.79791e-05 0.000603 82
rVSVOmicron	250	T	135929	1.78464e-05	0.999829	0.000139395	1.35054e-05 0.000171 23
rVSVOmicron	251	T	135955	1.77362e-05	0.999885	9.70699e-05	0 0.000115 16
rVSVOmicron	252	C	136312	1.74492e-05	0.000206089	0.999776	0 0.000224 31
rVSVOmicron	253	A	136080	0.999835	0	1.76818e-05	0.000147189 0.000165 22
rVSVOmicron	254	A	136129	0.999879	0	0	0.000120658 0.000121 16
rVSVOmicron	255	C	136880	8.64342e-06	0.00035438	0.99962	1.72868e-05 0.00038 52
rVSVOmicron	256	G	137411	0.000194938	6.2709e-05	3.476e-05	0.999708 0.000292 40
rVSVOmicron	257	A	137039	0.999991	0	0	8.6811e-06 9e-06 1
rVSVOmicron	258	C	137621	4.29274e-05	0.000243178	0.999705	8.58548e-06 0.000295 41
rVSVOmicron	259	G	137713	0.000224833	5.19385e-05	1.73129e-05	0.999706 0.000294 40
rVSVOmicron	260	G	138019	0.000151175	4.30266e-05	2.9072e-05	0.999777 0.000223 31
rVSVOmicron	261	C	138260	1.71261e-05	0.000464487	0.99945	6.82729e-05 0.00055 76
rVSVOmicron	262	G	138659	0.0023468	1.70525e-05	8.52627e-06	0.997628 0.002372 329
rVSVOmicron	263	T	138564	0	0.999924	5.66357e-05	1.95865e-05 7.6e-05 11
rVSVOmicron	264	G	139375	7.84387e-05	2.54582e-05	8.48606e-06	0.999888 0.000112 16
rVSVOmicron	265	T	139353	3.38467e-05	0.99985	0.000115948	0 0.00015 21
rVSVOmicron	266	A	138891	0.999866	8.61787e-06	5.05427e-05	7.49988e-05 0.000134 19
rVSVOmicron	267	C	139246	3.7925e-05	0.000138139	0.999815	8.50438e-06 0.000185 26
rVSVOmicron	268	T	139116	2.84303e-05	0.999653	0.000272931	4.59624e-05 0.000347 48
rVSVOmicron	269	T	134166	1.05232e-05	0.999819	0.000171003	0 0.000181 24
rVSVOmicron	270	C	134972	9.43088e-05	8.25496e-05	0.99979	3.31609e-05 0.00021 28
rVSVOmicron	271	G	135520	0.000320528	5.42468e-05	8.72665e-06	0.999617 0.000383 52
rVSVOmicron	272	C	135982	0.000176756	0.00021778	0.999605	0 0.000395 54
rVSVOmicron	273	C	136650	4.73373e-05	0.000228525	0.999507	0.000216865 0.000493 67
rVSVOmicron	274	A	136179	0.999688	2.6017e-05	7.9926e-05	0.000206261 0.000312 42
rVSVOmicron	275	G	136896	0.000350757	9.51128e-05	8.58335e-06	0.999546 0.000454 62
rVSVOmicron	276	C	137803	6.40548e-05	0.000160946	0.999775	0 0.000225 31
rVSVOmicron	277	A	137646	0.999909	8.55344e-06	6.56534e-05	1.71069e-05 9.1e-05 13
rVSVOmicron	278	T	138067	0	0.99984	8.28796e-05	7.68771e-05 0.00016 22
rVSVOmicron	279	A	137954	0.999157	8.61503e-06	1.07106e-05	0.000823551 0.000843 116
rVSVOmicron	280	G	138659	7.28567e-05	9.00267e-05	0.000140377	0.999697 0.000303 42
rVSVOmicron	281	A	138713	0.99983	3.24826e-05	1.69275e-05	0.000120552 0.00017 24
rVSVOmicron	282	G	139546	4.56236e-05	7.9784e-05	3.39311e-05	0.999841 0.000159 22
rVSVOmicron	283	A	140455	0.999811	0	8.21503e-06	0.000180959 0.000189 27
rVSVOmicron	284	A	138776	0.999572	1.06408e-05	0.000231024	0.000186096 0.000428 59
rVSVOmicron	285	G	139568	7.15416e-05	3.40566e-05	0	0.999894 0.000106 15
rVSVOmicron	286	T	140170	6.63566e-06	0.999882	0.00010434	6.63566e-06 0.000118 17
rVSVOmicron	287	C	140249	4.89051e-05	6.09607e-05	0.999836	5.45917e-05 0.000164 23
rVSVOmicron	288	T	140560	1.66917e-05	0.99975	0.000199173	3.38346e-05 0.00025 35
rVSVOmicron	289	A	141736	0.998687	4.16199e-05	0.00107064	0.000200901 0.001313 186
rVSVOmicron	290	A	142209	0.999452	0.000347869	7.92355e-05	0.000120998 0.000548 78
rVSVOmicron	291	C	142515	2.4784e-05	0.000113426	0.999854	8.26133e-06 0.000146 21
rVSVOmicron	292	A	138763	0.999938	0	0	6.15025e-05 6.2e-05 9
rVSVOmicron	293	T	139134	1.7312e-05	0.999939	1.77799e-05	2.5968e-05 6.1e-05 8
rVSVOmicron	294	T	139487	0	0.999259	0.000723471	1.71428e-05 0.000741 103
rVSVOmicron	295	A	139830	0.999855	1.73425e-05	6.28078e-05	6.4917e-05 0.000145 20
rVSVOmicron	296	T	140053	8.50543e-06	0.999943	4.85039e-05	0 5.7e-05 8
rVSVOmicron	297	C	140323	4.56686e-05	9.45024e-05	0.999851	8.36504e-06 0.000149 21
rVSVOmicron	298	C	140811	1.67633e-05	0.000194817	0.999763	2.51449e-05 0.000237 33
rVSVOmicron	299	G	141415	0.000108745	3.33907e-05	0.000125215	0.999733 0.000267 38
rVSVOmicron	300	G	141842	5.02126e-05	5.8129e-05	0	0.999892 0.000108 15
rVSVOmicron	301	G	141449	7.53626e-05	5.86154e-05	8.37362e-06	0.999858 0.000142 20
rVSVOmicron	302	G	140779	0.000144433	4.18155e-05	3.84251e-05	0.999775 0.000225 32
rVSVOmicron	303	C	139394	5.51978e-05	0.000124885	0.999767	5.31279e-05 0.000233 32
rVSVOmicron	304	T	139884	0	0.999584	0.000397049	1.88854e-05 0.000416 58
rVSVOmicron	305	G	141740	0.00014408	2.04874e-05	8.23951e-06	0.999827 0.000173 25
rVSVOmicron	306	G	142502	0.000265609	6.16553e-05	3.30615e-05	0.99964 0.00036 51
rVSVOmicron	307	A	142886	0.999941	2.44931e-05	0	3.44227e-05 5.9e-05 8
rVSVOmicron	308	T	143187	0	0.999951	3.50982e-05	1.36369e-05 4.9e-05 7
rVSVOmicron	309	T	143125	2.48103e-05	0.999821	0.000136121	1.83283e-05 0.000179 26
rVSVOmicron	310	T	143291	5.33915e-06	0.999902	9.25453e-05	0 9.8e-05 14
rVSVOmicron	311	T	142982	4.10316e-05	0.999921	1.64126e-05	2.17357e-05 7.9e-05 11
rVSVOmicron	312	C	142175	1.4816e-05	0.000338336	0.99963	1.65851e-05 0.00037 53
rVSVOmicron	313	G	142377	0.000573785	0.000127013	1.64894e-05	0.999283 0.000717 102
rVSVOmicron	314	G	141897	0.00100353	7.4369e-05	0	0.998922 0.001078 153
rVSVOmicron	315	C	142305	1.55137e-05	0.000296312	0.99968	8.20011e-06 0.00032 46
rVSVOmicron	316	A	141951	0.999887	1.63253e-05	0	9.70695e-05 0.000113 16
rVSVOmicron	317	C	142661	3.4568e-05	0.000230307	0.999735	0 0.000265 38
rVSVOmicron	318	C	143033	0.0001181	9.29351e-05	0.999719	6.97565e-05 0.000281 40
rVSVOmicron	319	A	142963	0.999589	1.60849e-05	0.000316481	7.84682e-05 0.000411 59
rVSVOmicron	320	C	143745	0.000313904	0.000176135	0.999497	1.30794e-05 0.000503 72
rVSVOmicron	321	A	143181	0.999672	1.63775e-05	0.000275319	3.65174e-05 0.000328 47
rVSVOmicron	322	C	142168	1.62153e-05	3.44028e-05	0.999941	8.10767e-06 5.9e-05 8
rVSVOmicron	323	T	142522	0.00224201	0.997647	0.000103729	6.85628e-06 0.002353 335
rVSVOmicron	324	C	144061	4.82644e-05	0.00305283	0.996868	3.0437e-05 0.003132 451
rVSVOmicron	325	G	144159	0.000163138	1.61826e-05	8.09131e-06	0.999813 0.000187 27
rVSVOmicron	326	A	143133	0.999881	0	5.04345e-05	6.83377e-05 0.000119 17
rVSVOmicron	327	C	142864	0.00135198	8.07581e-05	0.998567	0 0.001433 205
rVSVOmicron	328	T	143461	0	0.999907	9.30137e-05	0 9.3e-05 13
rVSVOmicron	329	C	143513	4.02341e-05	2.41405e-05	0.999926	1.00042e-05 7.4e-05 11
rVSVOmicron	330	T	143688	2.44028e-05	0.999731	0.000229957	1.45097e-05 0.000269 39
rVSVOmicron	331	A	144733	0.99991	8.11216e-06	8.11216e-06	7.36671e-05 9e-05 13
rVSVOmicron	332	A	143915	0.998995	0.000917381	1.62719e-05	7.10244e-05 0.001005 145
rVSVOmicron	333	G	144071	6.73602e-05	0	2.62815e-05	0.999906 9.4e-05 14
rVSVOmicron	334	A	144592	0.999916	8.00934e-06	1.60187e-05	5.99618e-05 8.4e-05 12
rVSVOmicron	335	C	145082	3.19037e-05	4.9149e-05	0.999919	0 8.1e-05 12
rVSVOmicron	336	A	144804	0.999699	9.81874e-05	1.62185e-05	0.000186293 0.000301 44
rVSVOmicron	337	C	145364	7.08608e-05	0.000271633	0.999648	9.66284e-06 0.000352 51
rVSVOmicron	338	A	145089	0.999649	2.40558e-05	5.0062e-05	0.00027675 0.000351 51
rVSVOmicron	339	G	146044	0.000115725	2.63011e-05	0	0.999858 0.000142 21
rVSVOmicron	340	T	146271	0.000943555	0.998999	4.9332e-05	7.97067e-06 0.001001 146
rVSVOmicron	341	C	147299	0.000905501	0.000140361	0.998938	1.58334e-05 0.001062 156
rVSVOmicron	342	C	147864	5.58033e-05	0.000353564	0.999583	7.9719e-06 0.000417 62
rVSVOmicron	343	C	145271	6.76842e-05	0.000121961	0.99981	0 0.00019 28
rVSVOmicron	344	T	145516	0.000105631	0.999708	0.000186622	0 0.000292 42
rVSVOmicron	345	C	148039	6.16235e-05	5.84361e-05	0.999854	2.54994e-05 0.000146 22
rVSVOmicron	346	C	146936	8.86767e-05	0.000126498	0.999753	3.16245e-05 0.000247 36
rVSVOmicron	347	T	147232	0.000581169	0.999193	0.000202239	2.38307e-05 0.000807 119
rVSVOmicron	348	G	148438	0.000127061	7.25454e-05	0.000591394	0.999209 0.000791 117
rVSVOmicron	349	A	143803	0.999968	0	0	3.22019e-05 3.2e-05 5
rVSVOmicron	350	T	144090	3.31536e-05	0.999885	7.39236e-05	8.2884e-06 0.000115 17
rVSVOmicron	351	T	144100	0	0.999794	0.000109021	9.67862e-05 0.000206 30
rVSVOmicron	352	G	142188	0.000143534	0.000155495	0	0.999701 0.000299 43
rVSVOmicron	353	T	142493	1.6243e-05	0.999813	0.000125993	4.45585e-05 0.000187 27
rVSVOmicron	354	G	143853	5.85369e-05	4.23737e-05	1.61632e-05	0.999883 0.000117 17
rVSVOmicron	355	A	144306	0.99973	8.09769e-06	8.09769e-06	0.000254311 0.00027 39
rVSVOmicron	356	A	145293	0.999826	0	8.0333e-06	0.000166311 0.000174 25
rVSVOmicron	357	C	145902	6.57786e-05	9.35998e-05	0.99982	2.07041e-05 0.00018 26
rVSVOmicron	358	A	141997	0.999903	1.62262e-05	2.95628e-05	5.1346e-05 9.7e-05 14
rVSVOmicron	359	A	142284	0.999912	8.07708e-06	8.30144e-06	7.17963e-05 8.8e-05 13
rVSVOmicron	360	C	142962	5.44575e-05	0.000305139	0.999601	3.90242e-05 0.000399 57
rVSVOmicron	361	G	143015	0.000695217	8.58758e-05	0	0.999219 0.000781 112
rVSVOmicron	362	C	142793	4.83042e-05	5.3179e-05	0.999874	2.45953e-05 0.000126 18
rVSVOmicron	363	C	143081	6.08205e-05	0.000214519	0.999708	1.62481e-05 0.000292 42
rVSVOmicron	364	A	142831	0.999888	2.59007e-05	0	8.65569e-05 0.000112 16
rVSVOmicron	365	C	143632	4.03628e-05	3.22902e-05	0.999927	0 7.3e-05 10
rVSVOmicron	366	A	143747	0.999382	8.16551e-06	0.000534731	7.52551e-05 0.000618 89
rVSVOmicron	367	A	143978	0.999872	8.39558e-06	1.67912e-05	0.000102789 0.000128 18
rVSVOmicron	368	A	141725	0.999903	0	2.57533e-05	7.09957e-05 9.7e-05 14
rVSVOmicron	369	C	142310	2.32529e-05	0.000176633	0.999707	9.32353e-05 0.000293 42
rVSVOmicron	370	G	142019	0.000952272	0	9.79658e-06	0.999038 0.000962 137
rVSVOmicron	371	T	141436	0	0.999835	0.000156081	8.55556e-06 0.000165 23
rVSVOmicron	372	G	142007	0.000119354	0.00014434	3.50254e-05	0.999701 0.000299 42
rVSVOmicron	373	G	140756	2.88906e-05	8.35364e-05	0	0.999888 0.000112 16
rVSVOmicron	374	T	140602	0.00551044	0.994422	4.23598e-05	2.54159e-05 0.005578 784
rVSVOmicron	375	G	141624	0.000158636	7.3867e-05	0.00530841	0.994459 0.005541 785
rVSVOmicron	376	A	141227	0.999006	0	0	0.000993909 0.000994 140
rVSVOmicron	377	T	141490	1.14285e-05	0.999912	1.69142e-05	5.91995e-05 8.8e-05 12
rVSVOmicron	378	T	142018	3.48356e-05	0.999777	0.000172625	1.59756e-05 0.000223 32
rVSVOmicron	379	A	143656	0.999332	0	1.59422e-05	0.000651638 0.000668 96
rVSVOmicron	380	A	143768	0.99951	0.000131337	9.37807e-05	0.00026487 0.00049 70
rVSVOmicron	381	G	144958	0.000138772	0.000143823	0	0.999717 0.000283 41
rVSVOmicron	382	G	141849	0.000101923	2.69993e-05	1.66496e-05	0.999854 0.000146 21
rVSVOmicron	383	T	141848	3.29514e-05	0.999884	6.61255e-05	1.64757e-05 0.000116 16
rVSVOmicron	384	G	142643	0.000685916	1.64159e-05	2.8395e-05	0.999269 0.000731 104
rVSVOmicron	385	T	142808	1.63396e-05	0.999918	5.76302e-05	8.1698e-06 8.2e-05 12
rVSVOmicron	386	G	143361	0.000198829	5.3021e-05	8.17407e-06	0.99974 0.00026 37
rVSVOmicron	387	C	143495	5.1784e-05	0.000892551	0.999013	4.31163e-05 0.000987 142
rVSVOmicron	388	G	144254	6.88294e-05	3.29853e-05	2.44092e-05	0.999874 0.000126 18
rVSVOmicron	389	A	143744	0.999919	8.08809e-06	1.00555e-05	6.25187e-05 8.1e-05 12
rVSVOmicron	390	G	144499	0.000101201	4.05244e-05	0	0.999858 0.000142 21
rVSVOmicron	391	T	144783	0	0.999982	9.7605e-06	8.20769e-06 1.8e-05 3
rVSVOmicron	392	T	145098	2.82712e-06	0.999685	0.000156144	0.000156144 0.000315 46
rVSVOmicron	393	C	145022	8.77309e-05	0.000140104	0.999761	1.10492e-05 0.000239 35
rVSVOmicron	394	C	145472	0.000158659	0.000150088	0.99963	6.08704e-05 0.00037 54
rVSVOmicron	395	A	145140	0.999533	8.06833e-06	1.61367e-05	0.000442886 0.000467 68
rVSVOmicron	396	G	145957	3.22733e-05	3.22733e-05	0	0.999935 6.5e-05 9
rVSVOmicron	397	T	146022	0.000420078	0.999525	4.66506e-05	8.2194e-06 0.000475 69
rVSVOmicron	398	T	146505	0	0.999559	0.000440962	0 0.000441 65
rVSVOmicron	399	C	144462	2.44497e-05	0.00016476	0.999801	1.01323e-05 0.000199 29
rVSVOmicron	400	T	144919	3.42777e-05	0.999698	0.000267453	0 0.000302 44
rVSVOmicron	401	G	146913	0.000219852	4.85669e-05	9.97356e-06	0.999722 0.000278 41
rVSVOmicron	402	C	147690	6.15938e-05	0.000151615	0.999768	1.91673e-05 0.000232 34
rVSVOmicron	403	A	147785	0.999842	7.9364e-06	4.33284e-05	0.000107034 0.000158 23
rVSVOmicron	404	A	148727	0.999945	9.97006e-06	1.27877e-05	3.20776e-05 5.5e-05 8
rVSVOmicron	405	C	148788	5.28202e-05	0.000168511	0.999771	7.91233e-06 0.000229 34
rVSVOmicron	406	G	149767	0.000200107	5.36456e-05	1.72432e-05	0.999729 0.000271 41
rVSVOmicron	407	A	149714	0.999969	1.56991e-05	1.56991e-05	0 3.1e-05 5
rVSVOmicron	408	C	150660	2.59991e-05	0.000132553	0.999841	0 0.000159 24
rVSVOmicron	409	C	151184	6.72564e-05	0.00010474	0.999812	1.58502e-05 0.000188 28
rVSVOmicron	410	C	150390	0.0065302	0.00114182	0.992312	1.5545e-05 0.007688 1156
rVSVOmicron	411	T	150264	2.59916e-05	0.999781	0.000168512	2.40422e-05 0.000219 33
rVSVOmicron	412	T	151347	2.29288e-05	0.999813	0.000141101	2.24879e-05 0.000187 28
rVSVOmicron	413	T	151416	1.45335e-05	0.999853	0.000124903	7.7933e-06 0.000147 22
rVSVOmicron	414	C	152719	8.36269e-05	9.74947e-05	0.999796	2.33231e-05 0.000204 31
rVSVOmicron	415	C	151892	5.61768e-05	0.00205266	0.997858	3.30328e-05 0.002142 325
rVSVOmicron	416	T	151783	0	0.999736	0.000255861	7.84329e-06 0.000264 40
rVSVOmicron	417	G	153272	0.000153482	5.79776e-05	4.87011e-05	0.99974 0.00026 40
rVSVOmicron	418	G	153800	0.00035099	7.14091e-05	4.99028e-05	0.999528 0.000472 73
rVSVOmicron	419	A	153800	0.999918	9.86675e-06	7.60562e-06	6.4545e-05 8.2e-05 13
rVSVOmicron	420	T	154073	0	0.999515	8.73296e-05	0.000397515 0.000485 75
rVSVOmicron	421	C	155078	5.09812e-05	9.66175e-05	0.999837	1.52121e-05 0.000163 25
rVSVOmicron	422	A	154751	0.998867	0.000137758	0.000857412	0.000137349 0.001133 175
rVSVOmicron	423	C	155259	7.59083e-06	9.29364e-05	0.999899	0 0.000101 16
rVSVOmicron	424	A	155093	0.999629	1.17537e-05	6.70169e-05	0.0002924 0.000371 58
rVSVOmicron	425	A	154480	0.999839	2.12785e-05	0	0.00013986 0.000161 25
rVSVOmicron	426	G	154021	0.000168047	0.00013181	0	0.9997 0.0003 46
rVSVOmicron	427	A	154813	0.999931	2.30424e-05	7.68078e-06	3.84039e-05 6.9e-05 11
rVSVOmicron	428	A	155046	0.999891	1.56751e-05	7.63131e-06	8.62132e-05 0.000109 17
rVSVOmicron	429	C	155350	5.00606e-05	0.000235121	0.999715	0 0.000285 44
rVSVOmicron	430	A	155235	0.999821	1.70544e-05	4.74647e-05	0.000114039 0.000179 28
rVSVOmicron	431	A	155358	0.99996	0	0	4.01231e-05 4e-05 6
rVSVOmicron	432	C	156125	3.96716e-05	8.11836e-05	0.999862	1.69729e-05 0.000138 22
rVSVOmicron	433	A	156021	0.999776	7.76759e-06	6.99083e-05	0.000146744 0.000224 35
rVSVOmicron	434	A	155079	0.999935	1.58436e-05	2.37654e-05	2.56924e-05 6.5e-05 10
rVSVOmicron	435	G	155879	9.56471e-05	2.35406e-05	0	0.999881 0.000119 19
rVSVOmicron	436	T	156022	0	0.999903	8.91428e-05	7.72432e-06 9.7e-05 15
rVSVOmicron	437	C	154525	7.13376e-05	5.16727e-05	0.999869	7.74044e-06 0.000131 20
rVSVOmicron	438	T	154305	2.3447e-05	0.999918	5.06963e-05	7.81568e-06 8.2e-05 13
rVSVOmicron	439	T	155686	1.71706e-05	0.999855	0.000105093	2.29631e-05 0.000145 23
rVSVOmicron	440	G	156473	0.000138054	0.000743274	7.6012e-06	0.999111 0.000889 139
rVSVOmicron	441	G	156838	7.33882e-05	3.66941e-05	1.50854e-05	0.999875 0.000125 20
rVSVOmicron	442	A	156469	0.999796	1.68694e-05	0	0.000186782 0.000204 32
rVSVOmicron	443	T	156312	7.55788e-06	0.999923	6.96551e-05	0 7.7e-05 12
rVSVOmicron	444	G	157143	5.95403e-05	5.87247e-05	4.9345e-05	0.999832 0.000168 26
rVSVOmicron	445	G	156956	7.46996e-05	3.01241e-05	2.44249e-05	0.999871 0.000129 20
rVSVOmicron	446	A	156360	0.999877	1.65766e-05	5.86247e-06	0.000100673 0.000123 19
rVSVOmicron	447	G	157165	0.000103781	9.08588e-06	0	0.999887 0.000113 18
rVSVOmicron	448	T	157309	2.43555e-05	0.998168	0.00179825	9.33629e-06 0.001832 288
rVSVOmicron	449	C	155431	3.78889e-05	0.000172241	0.999765	2.53958e-05 0.000235 37
rVSVOmicron	450	T	155247	0	0.999627	0.000358045	1.50371e-05 0.000373 58
rVSVOmicron	451	G	156758	2.99429e-05	3.74286e-05	4.67352e-05	0.999886 0.000114 18
rVSVOmicron	452	A	156084	0.999785	2.44359e-05	0	0.000191007 0.000215 34
rVSVOmicron	453	G	156789	0.000110459	1.49707e-05	0	0.999875 0.000125 20
rVSVOmicron	454	T	157088	6.24961e-05	0.999889	4.86081e-05	0 0.000111 17
rVSVOmicron	455	T	156933	3.76994e-05	0.99989	7.27496e-05	0 0.00011 17
rVSVOmicron	456	C	157718	7.18688e-05	0.000118976	0.999777	3.20088e-05 0.000223 35
rVSVOmicron	457	A	156805	0.998015	7.47543e-06	3.1518e-05	0.00194584 0.001985 311
rVSVOmicron	458	G	157628	6.55445e-05	9.37791e-05	3.9125e-05	0.999802 0.000198 31
rVSVOmicron	459	A	157449	0.999834	7.51022e-06	1.68473e-05	0.000141273 0.000166 26
rVSVOmicron	460	G	157771	0.00699702	3.12836e-05	7.46769e-06	0.992964 0.007036 1110
rVSVOmicron	461	T	158213	2.20464e-05	0.993014	3.14663e-05	0.006932 0.006986 1105
rVSVOmicron	462	G	157111	0.000368401	1.67639e-05	3.171e-05	0.999583 0.000417 66
rVSVOmicron	463	T	154894	2.59495e-05	0.999803	0.000163666	7.56008e-06 0.000197 31
rVSVOmicron	464	A	154535	0.999817	7.58448e-06	1.5169e-05	0.000160299 0.000183 28
rVSVOmicron	465	C	154694	0.000111602	0.000194224	0.999687	7.60455e-06 0.000313 48
rVSVOmicron	466	T	149062	7.86525e-06	0.99982	0.000171973	0 0.00018 27
rVSVOmicron	467	C	149004	4.11601e-05	3.69168e-05	0.999884	3.75533e-05 0.000116 17
rVSVOmicron	468	T	148665	0	0.999808	0.000167938	2.38683e-05 0.000192 29
rVSVOmicron	469	A	149518	0.999897	1.74222e-05	7.95829e-06	7.7432e-05 0.000103 15
rVSVOmicron	470	G	150069	2.59451e-05	0.000124104	7.99974e-06	0.999842 0.000158 24
rVSVOmicron	471	C	149383	5.73693e-05	0.000249171	0.999676	1.75533e-05 0.000324 48
rVSVOmicron	472	G	149412	0.000493278	8.93372e-05	1.58157e-05	0.999402 0.000598 89
rVSVOmicron	473	C	149736	1.58314e-05	8.27939e-05	0.999886	1.58314e-05 0.000114 17
rVSVOmicron	474	C	150150	4.14595e-05	0.000187202	0.999733	3.78635e-05 0.000267 40
rVSVOmicron	475	A	148813	0.999941	2.36909e-05	7.89697e-06	2.75327e-05 5.9e-05 9
rVSVOmicron	476	A	148634	0.999943	0	2.37061e-05	3.33166e-05 5.7e-05 8
rVSVOmicron	477	C	148579	3.09062e-05	0.000420964	0.99954	7.88641e-06 0.00046 68
rVSVOmicron	478	A	149054	0.999902	1.58593e-05	2.42176e-05	5.74365e-05 9.8e-05 15
rVSVOmicron	479	A	149288	0.999876	2.19269e-05	1.60652e-05	8.61878e-05 0.000124 19
rVSVOmicron	480	C	147805	7.91527e-06	7.65856e-05	0.999913	2.78104e-06 8.7e-05 13
rVSVOmicron	481	T	148845	1.64374e-05	0.99966	0.000264296	5.88286e-05 0.00034 51
rVSVOmicron	482	G	151623	0.000634316	9.88025e-05	0	0.999267 0.000733 111
rVSVOmicron	483	C	154092	0.000224051	0.000222408	0.99952	3.30634e-05 0.00048 74
rVSVOmicron	484	A	156516	0.999798	2.99138e-05	0	0.000172207 0.000202 32
rVSVOmicron	485	C	159123	2.21572e-05	9.20224e-05	0.999864	2.1758e-05 0.000136 22
rVSVOmicron	486	C	147590	3.93762e-05	0.000142228	0.999818	0 0.000182 27
rVSVOmicron	487	T	147777	7.79254e-05	0.999594	0.000302151	2.56134e-05 0.000406 60
rVSVOmicron	488	T	148454	1.77674e-05	0.999869	9.69714e-05	1.58408e-05 0.000131 19
rVSVOmicron	489	C	148914	5.75224e-05	6.56181e-05	0.999842	3.53656e-05 0.000158 24
rVSVOmicron	490	G	149746	0.000261741	3.92081e-05	3.17904e-05	0.999667 0.000333 50
rVSVOmicron	491	A	149057	0.999906	7.83834e-06	0	8.64336e-05 9.4e-05 14
rVSVOmicron	492	G	149740	3.94544e-05	2.49522e-05	2.36726e-05	0.999912 8.8e-05 13
rVSVOmicron	493	T	149966	7.65881e-06	0.999584	0.000400386	7.87155e-06 0.000416 62
rVSVOmicron	494	A	149988	0.999792	0.000107103	7.80078e-06	9.29769e-05 0.000208 31
rVSVOmicron	495	C	148991	2.5162e-05	0.00112546	0.998632	0.000217502 0.001368 204
rVSVOmicron	496	G	147139	0.000367281	4.00159e-05	5.34266e-05	0.999539 0.000461 68
rVSVOmicron	497	T	147456	4.20331e-05	0.999793	0.000122633	4.20331e-05 0.000207 31
rVSVOmicron	498	G	148131	9.11109e-05	9.99004e-05	9.64704e-06	0.999799 0.000201 30
rVSVOmicron	499	T	148362	2.36471e-05	0.999862	0.000106945	7.88237e-06 0.000138 20
rVSVOmicron	500	C	149508	2.37006e-05	0.000153947	0.999773	4.97499e-05 0.000227 34
rVSVOmicron	501	C	150372	0.0012224	0.000110815	0.998657	9.87884e-06 0.001343 202
rVSVOmicron	502	C	150825	6.4388e-05	0.000171984	0.999713	5.06208e-05 0.000287 43
rVSVOmicron	503	A	150399	0.999508	3.31251e-05	2.53185e-05	0.00043358 0.000492 74
rVSVOmicron	504	G	151323	0.000145624	3.91576e-05	0	0.999815 0.000185 28
rVSVOmicron	505	C	152103	8.15712e-05	9.93224e-05	0.999811	7.819e-06 0.000189 29
rVSVOmicron	506	C	148141	8.77223e-05	0.000105181	0.999799	7.97476e-06 0.000201 30
rVSVOmicron	507	T	148135	7.64758e-05	0.999565	0.0003144	4.40117e-05 0.000435 64
rVSVOmicron	508	T	148793	8.56277e-06	0.999791	0.000132376	6.85022e-05 0.000209 31
rVSVOmicron	509	T	148894	1.58335e-05	0.999871	0.00011276	0 0.000129 19
rVSVOmicron	510	C	150076	4.11191e-05	0.000186421	0.999757	1.53398e-05 0.000243 36
rVSVOmicron	511	C	147078	9.13704e-05	0.000305003	0.999588	1.60986e-05 0.000412 61
rVSVOmicron	512	T	147280	2.40136e-05	0.999561	0.000390491	2.40136e-05 0.000439 65
rVSVOmicron	513	C	148984	4.1369e-05	0.000147564	0.999773	3.79571e-05 0.000227 34
rVSVOmicron	514	A	149645	0.999552	1.11055e-05	3.48713e-05	0.000402019 0.000448 67
rVSVOmicron	515	T	151635	3.14163e-05	0.999782	0.000162388	2.39867e-05 0.000218 33
rVSVOmicron	516	G	154377	0.000136059	0.00338852	2.0064e-05	0.996455 0.003545 547
rVSVOmicron	517	G	156572	7.42717e-05	5.90521e-05	6.08784e-06	0.999861 0.000139 22
rVSVOmicron	518	A	159161	0.999338	3.14343e-05	7.31489e-06	0.000623545 0.000662 105
rVSVOmicron	519	C	162020	3.64315e-05	0.000141394	0.999808	1.45726e-05 0.000192 31
rVSVOmicron	520	C	125182	3.91463e-05	0.00112914	0.998822	9.40527e-06 0.001178 147
rVSVOmicron	521	T	125565	5.85202e-05	0.999595	0.000318441	2.81201e-05 0.000405 51
rVSVOmicron	522	G	124781	0.00139625	4.6813e-05	6.74209e-05	0.998489 0.001511 189
rVSVOmicron	523	G	125458	0.00010239	2.09319e-05	5.80039e-05	0.999819 0.000181 23
rVSVOmicron	524	A	125350	0.999537	5.6067e-05	1.91941e-05	0.000387418 0.000463 58
rVSVOmicron	525	G	121134	0.000207955	9.70105e-05	0	0.999695 0.000305 37
rVSVOmicron	526	G	121267	0.000146543	3.16849e-05	0	0.999822 0.000178 22
rVSVOmicron	527	G	120824	0.000253336	3.88939e-05	9.72348e-06	0.999698 0.000302 36
rVSVOmicron	528	C	120979	3.85744e-05	0.000323191	0.999638	0 0.000362 44
rVSVOmicron	529	A	120201	0.999716	9.72524e-06	9.98809e-06	0.000264421 0.000284 34
rVSVOmicron	530	A	119514	0.999623	1.05413e-05	8.66097e-05	0.000280342 0.000377 45
rVSVOmicron	531	G	119057	0.000208851	3.92757e-05	2.20262e-05	0.99973 0.00027 32
rVSVOmicron	532	C	119599	2.9222e-05	0.000293536	0.999658	1.94813e-05 0.000342 41
rVSVOmicron	533	A	119223	0.999816	7.78652e-05	0	0.000105865 0.000184 22
