rVSVOmicron	8	T	11124	0	0.999956	4.35162e-05	0 4.4e-05 0
rVSVOmicron	9	G	11985	9.9507e-05	9.9507e-05	0	0.999801 0.000199 2
rVSVOmicron	11	T	13107	0	0.99991	8.97509e-05	0 9e-05 1
rVSVOmicron	12	C	13854	7.13134e-05	0	0.999929	0 7.1e-05 1
rVSVOmicron	14	T	15263	0	0.999269	0.000731431	0 0.000731 11
rVSVOmicron	15	C	16211	7.16567e-05	0.0100629	0.989865	0 0.010135 164
rVSVOmicron	16	G	17306	0	0.00015085	0	0.999849 0.000151 3
rVSVOmicron	17	T	18118	0	0.999936	6.36225e-05	0 6.4e-05 1
rVSVOmicron	18	G	19158	6.03201e-05	0	0	0.99994 6e-05 1
rVSVOmicron	19	C	19923	0	8.11003e-05	0.999871	4.83483e-05 0.000129 3
rVSVOmicron	20	T	20764	5.50206e-05	0.999835	0.000110041	0 0.000165 3
rVSVOmicron	22	C	22629	0	0.000172596	0.999827	0 0.000173 4
rVSVOmicron	23	T	23454	4.87169e-05	0.999319	0.000632003	0 0.000681 16
rVSVOmicron	24	G	24709	0.000227309	4.64664e-05	0	0.999726 0.000274 7
rVSVOmicron	25	C	25606	0	0.000203774	0.999796	0 0.000204 5
rVSVOmicron	26	C	26245	5.43374e-05	4.37062e-05	0.999858	4.37062e-05 0.000142 4
rVSVOmicron	27	T	27030	0.000126889	0.999708	0.000122316	4.22962e-05 0.000292 8
rVSVOmicron	28	C	27874	0	8.16611e-05	0.999918	0 8.2e-05 2
rVSVOmicron	29	T	28539	4.00451e-05	0.999864	9.63246e-05	0 0.000136 4
rVSVOmicron	30	G	30088	0.00587669	9.16624e-05	0.000108141	0.993923 0.006077 183
rVSVOmicron	31	G	30659	0.000121107	0	0	0.999879 0.000121 4
rVSVOmicron	32	T	31391	0	0.999854	0.00014585	0 0.000146 5
rVSVOmicron	33	G	32477	0.000281384	4.94323e-05	0	0.999669 0.000331 11
rVSVOmicron	34	T	33148	0	0.999931	6.8939e-05	0 6.9e-05 2
rVSVOmicron	35	C	33938	3.34315e-05	0.000306305	0.99966	0 0.00034 12
rVSVOmicron	36	T	34775	0	0.999861	0.000138912	0 0.000139 5
rVSVOmicron	37	A	36292	0.999773	0	0	0.000226734 0.000227 8
rVSVOmicron	38	G	37260	4.43127e-05	0.00013379	3.15302e-05	0.99979 0.00021 8
rVSVOmicron	39	C	37698	0	9.68223e-05	0.999903	0 9.7e-05 4
rVSVOmicron	40	C	38720	8.35939e-05	7.88171e-05	0.999764	7.40403e-05 0.000236 9
rVSVOmicron	41	A	39743	0.999912	0	0	8.82951e-05 8.8e-05 3
rVSVOmicron	42	G	40568	4.49646e-05	0	2.36255e-05	0.999931 6.9e-05 3
rVSVOmicron	44	G	42413	0	5.41264e-05	2.26746e-05	0.999923 7.7e-05 3
rVSVOmicron	45	C	43364	5.29068e-05	0.000647751	0.999299	0 0.000701 30
rVSVOmicron	46	G	45248	0.00136643	0.000246765	5.05833e-05	0.998336 0.001664 75
rVSVOmicron	47	T	46780	0	0.99973	0.000245783	2.45783e-05 0.00027 13
rVSVOmicron	48	G	48801	0.000221691	0.000280429	4.67382e-05	0.999451 0.000549 27
rVSVOmicron	49	A	50647	0.999668	4.51955e-05	2.25978e-05	0.000263844 0.000332 17
rVSVOmicron	50	A	53008	0.999918	2.2346e-05	2.2346e-05	3.68407e-05 8.2e-05 4
rVSVOmicron	51	C	55148	2.56846e-05	0.000108322	0.999866	0 0.000134 7
rVSVOmicron	52	C	44246	2.87125e-05	0.000256311	0.999683	3.2214e-05 0.000317 14
rVSVOmicron	53	T	45133	2.53588e-05	0.999306	0.000612039	5.62007e-05 0.000694 31
rVSVOmicron	54	G	46508	2.47647e-05	0	0	0.999975 2.5e-05 1
rVSVOmicron	55	A	47393	0.999692	0.000103096	0	0.000204879 0.000308 15
rVSVOmicron	56	C	48372	0	7.14825e-05	0.999929	0 7.1e-05 3
rVSVOmicron	57	C	49488	7.86908e-05	0.000149198	0.999772	0 0.000228 11
rVSVOmicron	58	A	50575	0.999954	2.29637e-05	0	2.29637e-05 4.6e-05 2
rVSVOmicron	59	C	51562	2.23097e-05	6.69292e-05	0.999911	0 8.9e-05 5
rVSVOmicron	60	A	52619	0.999772	0	0	0.00022778 0.000228 12
rVSVOmicron	61	C	53526	0	0.000820054	0.99918	0 0.00082 44
rVSVOmicron	62	G	53946	0.00015059	4.30259e-05	0	0.999806 0.000194 10
rVSVOmicron	63	G	53876	0.000259553	2.15324e-05	0	0.999719 0.000281 15
rVSVOmicron	64	A	54492	0.999954	0	2.46078e-05	2.11741e-05 4.6e-05 3
rVSVOmicron	65	C	55439	0	6.25512e-05	0.999937	0 6.3e-05 3
rVSVOmicron	66	C	56507	0.00013541	8.31563e-05	0.999761	2.07891e-05 0.000239 14
rVSVOmicron	67	C	57584	6.58552e-05	0.000121832	0.999812	0 0.000188 11
rVSVOmicron	68	A	58754	0.999692	0	0.000141422	0.000166063 0.000308 18
rVSVOmicron	69	G	59657	0.000461807	1.9439e-05	7.77558e-05	0.999441 0.000559 33
rVSVOmicron	70	C	60396	4.03272e-05	0.000161309	0.999798	0 0.000202 12
rVSVOmicron	71	T	61224	1.88594e-05	0.999906	7.54375e-05	0 9.4e-05 6
rVSVOmicron	72	C	62594	9.27937e-05	9.22948e-05	0.999815	0 0.000185 12
rVSVOmicron	73	C	63599	0.000210047	7.36658e-05	0.999716	0 0.000284 18
rVSVOmicron	74	C	64106	0.000115875	0.00022684	0.999617	4.07526e-05 0.000383 25
rVSVOmicron	75	T	64887	5.33909e-05	0.999512	0.000434342	0 0.000488 32
rVSVOmicron	76	C	66432	3.48387e-05	0.000608264	0.999357	0 0.000643 43
rVSVOmicron	77	C	67589	0.000111474	0.000192036	0.999617	7.96246e-05 0.000383 26
rVSVOmicron	78	C	68778	0.000110438	0.000109057	0.999729	5.10774e-05 0.000271 19
rVSVOmicron	79	G	70095	0.000419095	3.73228e-05	0	0.999544 0.000456 32
rVSVOmicron	80	C	71817	1.61747e-05	0.000132895	0.999835	1.61747e-05 0.000165 12
rVSVOmicron	81	C	71285	0.00028937	0	0.999697	1.36954e-05 0.000303 22
rVSVOmicron	82	T	72131	1.14038e-05	0.99945	0.000538173	0 0.00055 40
rVSVOmicron	83	A	73679	0.999913	5.114e-05	0	3.5538e-05 8.7e-05 6
rVSVOmicron	84	C	74719	3.1132e-05	0.000125369	0.999828	1.5566e-05 0.000172 13
rVSVOmicron	85	A	75763	0.999944	1.54658e-05	9.19585e-06	3.09315e-05 5.6e-05 4
rVSVOmicron	86	C	76756	1.51678e-05	1.51678e-05	0.999955	1.51678e-05 4.5e-05 3
rVSVOmicron	87	A	77857	0.999931	1.89003e-05	0	5.01269e-05 6.9e-05 5
rVSVOmicron	88	A	77765	0.99985	5.61503e-05	3.47797e-05	5.95026e-05 0.00015 12
rVSVOmicron	89	A	73592	0.999922	0	2.11305e-05	5.69604e-05 7.8e-05 6
rVSVOmicron	90	C	74228	0.000484328	8.31631e-05	0.999433	0 0.000567 42
rVSVOmicron	91	T	74879	3.12596e-05	0.999869	0.000100115	0 0.000131 10
rVSVOmicron	92	C	75645	3.08901e-05	9.72621e-05	0.999872	0 0.000128 10
rVSVOmicron	93	T	76343	0	0.999855	0.000145337	0 0.000145 11
rVSVOmicron	94	T	77654	3.10061e-05	0.999613	0.000325145	3.10061e-05 0.000387 30
rVSVOmicron	95	T	78624	3.00473e-05	0.99974	0.000229821	0 0.00026 20
rVSVOmicron	96	C	80114	0.000145403	7.32957e-05	0.999781	0 0.000219 18
rVSVOmicron	97	A	81170	0.999938	0	0	6.15921e-05 6.2e-05 5
rVSVOmicron	98	C	82129	0.000124082	0.000114418	0.999762	0 0.000238 20
rVSVOmicron	99	C	83128	2.86711e-05	0.0001821	0.999789	0 0.000211 18
rVSVOmicron	100	C	84219	0.000174866	0.000138898	0.999658	2.83153e-05 0.000342 29
rVSVOmicron	101	G	85406	0.000274872	0.000114062	0.000500005	0.999111 0.000889 76
rVSVOmicron	102	G	86344	5.60411e-05	6.23924e-05	0	0.999882 0.000118 10
rVSVOmicron	103	G	86904	8.92291e-05	0.00013403	0	0.999777 0.000223 19
rVSVOmicron	104	G	87742	8.52077e-05	5.79117e-05	0	0.999857 0.000143 13
rVSVOmicron	105	C	88700	2.65418e-05	0.000474166	0.99947	2.97699e-05 0.00053 47
rVSVOmicron	106	G	89799	0.000679037	6.87902e-05	0	0.999252 0.000748 67
rVSVOmicron	107	T	90548	0	0.999961	3.94214e-05	0 3.9e-05 4
rVSVOmicron	108	G	91780	0.000138409	0	1.28672e-05	0.999849 0.000151 14
rVSVOmicron	109	T	92482	0	0.999856	0.0001438	0 0.000144 13
rVSVOmicron	110	A	93706	0.999678	3.82796e-05	0.000149325	0.000134151 0.000322 30
rVSVOmicron	111	C	94344	4.14457e-05	8.08697e-05	0.999878	0 0.000122 12
rVSVOmicron	112	T	95152	0	0.999784	0.000190341	2.55131e-05 0.000216 21
rVSVOmicron	113	A	96507	0.999859	1.23601e-05	9.01956e-06	0.000119927 0.000141 14
rVSVOmicron	114	C	97391	6.62952e-05	0.000109945	0.999809	1.50969e-05 0.000191 19
rVSVOmicron	115	C	98452	6.35635e-05	0.000126799	0.99981	0 0.00019 19
rVSVOmicron	116	C	99381	7.52483e-05	0.000142027	0.999771	1.20528e-05 0.000229 23
rVSVOmicron	117	C	100565	0.00014876	6.82623e-05	0.999771	1.19137e-05 0.000229 23
rVSVOmicron	118	G	102028	0.000347892	0.000101011	2.6037e-05	0.999525 0.000475 48
rVSVOmicron	119	A	103628	0.999962	0	0	3.76697e-05 3.8e-05 4
rVSVOmicron	120	C	105333	2.24651e-05	5.88949e-05	0.999907	1.12325e-05 9.3e-05 10
rVSVOmicron	121	A	107496	0.999762	3.3735e-05	4.25487e-05	0.000161989 0.000238 26
rVSVOmicron	122	A	110067	0.999794	0	2.20766e-05	0.000183474 0.000206 23
rVSVOmicron	123	G	112237	0.000325308	0.00016726	1.06517e-05	0.999497 0.000503 56
rVSVOmicron	124	G	105912	0.000105298	2.54061e-05	1.13256e-05	0.999858 0.000142 15
rVSVOmicron	125	T	106701	0	0.999939	4.74944e-05	1.39156e-05 6.1e-05 7
rVSVOmicron	126	G	108115	8.92923e-05	2.47868e-05	2.26964e-05	0.999863 0.000137 15
rVSVOmicron	127	T	108797	2.04586e-05	0.999917	5.12991e-05	1.1298e-05 8.3e-05 9
rVSVOmicron	128	T	109744	8.84103e-06	0.999923	6.77812e-05	0 7.7e-05 8
rVSVOmicron	129	C	111098	0.000101503	5.39601e-05	0.999834	1.0792e-05 0.000166 18
rVSVOmicron	130	C	112160	0.000139429	0.000260015	0.999534	6.69605e-05 0.000466 52
rVSVOmicron	131	G	113870	0.000132715	0.000238375	5.78138e-05	0.999571 0.000429 49
rVSVOmicron	132	G	113874	0.000153408	1.85345e-05	1.05504e-05	0.999817 0.000183 21
rVSVOmicron	133	T	111202	1.08351e-05	0.999879	0.000110108	0 0.000121 13
rVSVOmicron	134	C	111803	5.59606e-05	5.85568e-05	0.988463	0.0114229 0.011537 1290
rVSVOmicron	135	T	112783	2.12129e-05	0.999567	0.000411646	0 0.000433 49
rVSVOmicron	136	A	114693	0.999855	1.29042e-05	0	0.000132483 0.000145 17
rVSVOmicron	137	G	115564	6.4402e-05	8.47244e-05	1.05905e-05	0.99984 0.00016 18
rVSVOmicron	138	C	116561	8.50508e-05	0.000841027	0.999064	1.03176e-05 0.000936 109
rVSVOmicron	139	G	117312	0.000310547	0	3.07226e-05	0.999659 0.000341 40
rVSVOmicron	140	T	117972	1.01825e-05	0.999899	6.35718e-05	2.69699e-05 0.000101 12
rVSVOmicron	141	G	119378	0.0118932	8.29468e-05	2.66518e-05	0.987997 0.012003 1433
rVSVOmicron	142	C	120111	7.50749e-05	0.000185383	0.999726	1.35514e-05 0.000274 33
rVSVOmicron	143	T	120884	1.21044e-05	0.999724	0.000264145	0 0.000276 33
rVSVOmicron	144	C	122454	4.5422e-05	0.000101203	0.99979	6.37502e-05 0.00021 26
rVSVOmicron	145	C	123363	0.000242934	9.81232e-05	0.999637	2.18931e-05 0.000363 45
rVSVOmicron	146	A	123479	0.999906	0	5.22813e-05	4.1247e-05 9.4e-05 12
rVSVOmicron	147	C	123817	0.000591784	0.000126699	0.999272	9.64582e-06 0.000728 90
rVSVOmicron	148	T	124223	0	0.999812	0.000188125	0 0.000188 23
rVSVOmicron	149	C	124681	3.31379e-05	0.000203708	0.999744	1.95231e-05 0.000256 32
rVSVOmicron	150	T	124876	1.64844e-05	0.999812	0.000171026	0 0.000188 23
rVSVOmicron	151	A	126020	0.99996	9.56432e-06	0	3.07609e-05 4e-05 5
rVSVOmicron	152	C	126554	1.87544e-05	4.91669e-05	0.999923	9.3772e-06 7.7e-05 10
rVSVOmicron	153	A	126758	0.999762	9.42912e-06	9.42912e-06	0.000219163 0.000238 30
rVSVOmicron	154	C	122560	4.80609e-05	0.000212247	0.99974	0 0.00026 32
rVSVOmicron	155	A	123330	0.999303	0.000104039	0.000146802	0.000446143 0.000697 86
rVSVOmicron	156	G	125327	0.000162439	0.000125915	1.89001e-05	0.999693 0.000307 38
rVSVOmicron	157	G	127781	8.26922e-05	6.2395e-05	2.78146e-05	0.999827 0.000173 22
rVSVOmicron	158	A	129165	0.999931	9.10673e-06	1.47677e-05	4.55337e-05 6.9e-05 9
rVSVOmicron	159	C	131459	2.48425e-05	5.13899e-05	0.999366	0.000557982 0.000634 83
rVSVOmicron	160	C	111556	7.61686e-05	0.00191819	0.998006	0 0.001994 222
rVSVOmicron	161	T	112165	4.42367e-05	0.999221	0.00072413	1.04252e-05 0.000779 87
rVSVOmicron	162	G	113305	0.000137193	0	3.12058e-05	0.999832 0.000168 19
rVSVOmicron	163	T	113629	8.61417e-05	0.999245	0.000119692	0.000549493 0.000755 86
rVSVOmicron	164	T	114264	9.9661e-05	0.999286	9.6244e-05	0.000518237 0.000714 82
rVSVOmicron	165	C	116331	3.54078e-05	0.000128353	0.999803	3.31949e-05 0.000197 23
rVSVOmicron	166	C	114982	7.20595e-05	0.000142728	0.999765	2.05884e-05 0.000235 27
rVSVOmicron	167	T	115018	1.42779e-05	0.99965	0.000318782	1.67491e-05 0.00035 40
rVSVOmicron	168	C	116088	0.000102059	7.1057e-05	0.999796	3.0453e-05 0.000204 24
rVSVOmicron	169	C	117122	9.70448e-05	8.43266e-05	0.999819	0 0.000181 21
rVSVOmicron	170	C	116484	0.000139128	0.000207732	0.999643	1.01534e-05 0.000357 42
rVSVOmicron	171	T	116624	3.05405e-05	0.999705	0.000243774	2.03604e-05 0.000295 34
rVSVOmicron	172	T	117291	3.16597e-05	0.999833	0.000104106	3.16597e-05 0.000167 20
rVSVOmicron	173	T	117740	1.00896e-05	0.999913	5.64474e-05	2.01793e-05 8.7e-05 10
rVSVOmicron	174	C	117836	4.90747e-05	9.41269e-05	0.999857	0 0.000143 17
rVSVOmicron	175	T	118060	1.00083e-05	0.99991	8.00664e-05	0 9e-05 11
rVSVOmicron	176	T	119157	2.95346e-05	0.999929	4.17741e-05	0 7.1e-05 8
rVSVOmicron	177	C	120026	8.21906e-05	9.92589e-05	0.999799	1.94316e-05 0.000201 24
rVSVOmicron	178	A	119740	0.999756	1.98538e-05	9.79455e-06	0.000214421 0.000244 29
rVSVOmicron	179	G	120672	0.00036301	4.85939e-05	0	0.999588 0.000412 50
rVSVOmicron	180	C	121644	3.82749e-05	0.000105451	0.999856	0 0.000144 18
rVSVOmicron	181	A	121888	0.99996	9.53066e-06	0	3.09103e-05 4e-05 5
rVSVOmicron	182	A	122418	0.99993	0	1.62783e-05	5.32985e-05 7e-05 9
rVSVOmicron	183	C	123472	5.90504e-05	0.000266622	0.9995	0.000174084 0.0005 62
rVSVOmicron	184	G	122783	0.000155213	6.68888e-05	0	0.999778 0.000222 27
rVSVOmicron	185	T	123440	1.90092e-05	0.999727	0.000104807	0.000149505 0.000273 34
rVSVOmicron	186	G	124839	7.72141e-05	1.87339e-05	8.25304e-05	0.999822 0.000178 22
rVSVOmicron	187	A	125387	0.999861	1.15558e-05	0	0.000127616 0.000139 17
rVSVOmicron	188	C	126518	0	0.000384683	0.999615	0 0.000385 49
rVSVOmicron	189	A	125944	0.999607	1.86411e-05	7.73352e-05	0.000296745 0.000393 49
rVSVOmicron	190	T	126059	1.95629e-05	0.999509	0.000328556	0.000142709 0.000491 62
rVSVOmicron	191	G	127296	7.76767e-05	8.99151e-05	0	0.999832 0.000168 21
rVSVOmicron	192	G	126944	9.90937e-05	6.70634e-05	9.25876e-06	0.999825 0.000175 22
rVSVOmicron	193	T	127227	0.000139166	0.999782	7.86814e-05	0 0.000218 28
rVSVOmicron	194	T	127897	0	0.999925	7.5146e-05	0 7.5e-05 10
rVSVOmicron	195	C	128796	7.39206e-05	9.33864e-05	0.999822	1.10881e-05 0.000178 23
rVSVOmicron	196	C	129594	4.65055e-05	0.000101823	0.999804	4.74846e-05 0.000196 25
rVSVOmicron	197	A	129896	0.999805	2.69818e-05	7.77853e-05	8.99392e-05 0.000195 25
rVSVOmicron	198	C	130958	1.78529e-05	0.000435948	0.99951	3.57057e-05 0.00049 64
rVSVOmicron	199	G	131469	0.000723877	3.79082e-05	8.93378e-06	0.999229 0.000771 101
rVSVOmicron	200	T	131712	1.80081e-05	0.999904	6.86253e-05	9.00403e-06 9.6e-05 13
rVSVOmicron	201	G	132702	0.000101025	5.81369e-05	0	0.999841 0.000159 21
rVSVOmicron	202	A	132487	0.999936	1.96726e-05	0	4.38486e-05 6.4e-05 8
rVSVOmicron	203	T	132875	2.64075e-05	0.999805	0.000162965	5.23391e-06 0.000195 26
rVSVOmicron	204	C	132470	8.80656e-05	0.000218859	0.999684	8.78283e-06 0.000316 42
rVSVOmicron	205	T	132829	8.75176e-06	0.999903	8.79907e-05	0 9.7e-05 13
rVSVOmicron	206	C	132905	7.20297e-05	6.16385e-05	0.999839	2.71587e-05 0.000161 21
rVSVOmicron	207	T	130460	3.79746e-05	0.999752	0.000201241	8.94942e-06 0.000248 32
rVSVOmicron	208	G	131803	4.66795e-05	8.25312e-05	1.99711e-05	0.999851 0.000149 20
rVSVOmicron	209	G	132237	0.000531767	5.16395e-05	2.618e-05	0.99939 0.00061 81
rVSVOmicron	210	C	132824	4.89744e-05	0.000164278	0.99976	2.63891e-05 0.00024 32
rVSVOmicron	211	A	132962	0.999884	1.74928e-05	8.74638e-06	8.95913e-05 0.000116 15
rVSVOmicron	212	C	133877	3.68939e-05	6.29782e-05	0.999884	1.64495e-05 0.000116 16
rVSVOmicron	213	A	133962	0.999891	8.69123e-06	0	0.000100301 0.000109 15
rVSVOmicron	214	A	134295	0.999897	8.7861e-06	1.75722e-05	7.67003e-05 0.000103 14
rVSVOmicron	215	A	134750	0.999665	9.03602e-06	2.61312e-05	0.00029941 0.000335 45
rVSVOmicron	216	C	135672	1.15983e-05	0.000314777	0.999674	0 0.000326 44
rVSVOmicron	217	G	136210	0.000132283	0.00013627	4.33907e-05	0.999688 0.000312 42
rVSVOmicron	218	G	136555	0.000616009	5.36066e-05	1.72473e-05	0.999313 0.000687 94
rVSVOmicron	219	C	136984	5.96935e-05	0.00146376	0.998457	1.91296e-05 0.001543 211
rVSVOmicron	220	A	137177	0.999896	0	8.49002e-06	9.52259e-05 0.000104 14
rVSVOmicron	221	C	138021	3.37607e-05	4.40258e-05	0.999922	0 7.8e-05 11
rVSVOmicron	222	A	138354	0.999372	8.47062e-06	0.000232828	0.000386444 0.000628 87
rVSVOmicron	223	A	138511	0.999914	8.58444e-06	2.0417e-05	5.73069e-05 8.6e-05 12
rVSVOmicron	224	A	138059	0.999865	8.61384e-06	5.09846e-05	7.49637e-05 0.000135 19
rVSVOmicron	225	G	138453	2.86043e-05	3.41406e-05	0	0.999937 6.3e-05 9
rVSVOmicron	226	C	139999	0.000123416	0.000447864	0.999429	0 0.000571 80
rVSVOmicron	227	G	140820	0.000116199	0.000122268	0	0.999762 0.000238 34
rVSVOmicron	228	G	141272	0.000124326	4.15168e-05	0	0.999834 0.000166 23
rVSVOmicron	229	T	141247	0	0.999899	8.58107e-05	1.47872e-05 0.000101 14
rVSVOmicron	230	T	141404	1.35967e-05	0.99997	1.64944e-05	0 3e-05 4
rVSVOmicron	231	C	142525	6.0702e-05	0.000408859	0.999505	2.50726e-05 0.000495 71
rVSVOmicron	232	G	143086	0.000410056	2.64552e-05	4.07851e-05	0.999523 0.000477 68
rVSVOmicron	233	A	143013	0.99989	1.80763e-05	1.76408e-05	7.42654e-05 0.00011 16
rVSVOmicron	234	C	143946	8.04319e-06	0.000116518	0.999875	0 0.000125 18
rVSVOmicron	235	A	144188	0.999879	8.10329e-06	1.81776e-05	9.43923e-05 0.000121 17
rVSVOmicron	236	A	144246	0.999919	8.15916e-06	5.68936e-05	1.63183e-05 8.1e-05 12
rVSVOmicron	237	C	144716	5.01431e-05	0.000102248	0.99984	8.0665e-06 0.00016 23
rVSVOmicron	238	C	146247	9.21151e-05	0.000193117	0.999707	8.01943e-06 0.000293 43
rVSVOmicron	239	C	146656	0.000170491	0.000108967	0.999711	9.96516e-06 0.000289 42
rVSVOmicron	240	C	147477	0.000151364	0.000101268	0.999695	5.20313e-05 0.000305 45
rVSVOmicron	241	G	148358	0.000207953	5.08754e-05	2.35299e-05	0.999718 0.000282 42
rVSVOmicron	242	T	148401	2.59057e-05	0.999841	0.000117007	1.59752e-05 0.000159 24
rVSVOmicron	243	G	149460	0.000335836	6.20133e-05	7.75166e-06	0.999594 0.000406 61
rVSVOmicron	244	C	148575	6.25255e-05	0.000138147	0.999799	0 0.000201 30
rVSVOmicron	245	T	148844	2.44492e-05	0.999698	0.00025515	2.27775e-05 0.000302 45
rVSVOmicron	246	C	150436	3.23278e-05	0.000129103	0.999823	1.54339e-05 0.000177 27
rVSVOmicron	247	C	151302	7.57292e-05	7.7827e-05	0.999839	7.76172e-06 0.000161 24
rVSVOmicron	248	C	150962	0.000123218	7.34289e-05	0.999803	0 0.000197 30
rVSVOmicron	249	T	150880	3.25545e-05	0.999637	0.000253341	7.72126e-05 0.000363 55
rVSVOmicron	250	T	151547	2.34248e-05	0.999778	0.000175369	2.34248e-05 0.000222 34
rVSVOmicron	251	T	151770	7.74433e-06	0.999929	6.32105e-05	0 7.1e-05 11
rVSVOmicron	252	C	152310	3.0234e-05	6.08793e-05	0.999892	1.70709e-05 0.000108 16
rVSVOmicron	253	A	152283	0.999849	0	4.15007e-05	0.000109977 0.000151 23
rVSVOmicron	254	A	152711	0.999898	7.72744e-06	7.51859e-06	8.68815e-05 0.000102 16
rVSVOmicron	255	C	153734	4.11104e-05	0.000361691	0.99959	7.49303e-06 0.00041 63
rVSVOmicron	256	G	154427	0.000164208	4.4821e-05	7.53808e-06	0.999783 0.000217 34
rVSVOmicron	257	A	154074	0.999937	7.53081e-06	1.50616e-05	4.09106e-05 6.3e-05 10
rVSVOmicron	258	C	155040	3.14805e-05	0.000437118	0.999517	1.48379e-05 0.000483 75
rVSVOmicron	259	G	156000	0.000132644	0.000149577	9.67614e-06	0.999708 0.000292 46
rVSVOmicron	260	G	153715	0.00010303	4.49991e-05	7.53379e-06	0.999844 0.000156 24
rVSVOmicron	261	C	154105	5.48849e-05	0.00048566	0.999452	7.49351e-06 0.000548 84
rVSVOmicron	262	G	154760	0.000811653	2.95769e-05	1.66999e-05	0.999142 0.000858 133
rVSVOmicron	263	T	154712	9.06739e-06	0.999853	0.000122204	1.52497e-05 0.000147 23
rVSVOmicron	264	G	155564	9.26087e-05	2.12479e-05	7.41671e-06	0.999879 0.000121 19
rVSVOmicron	265	T	155585	0	0.999888	9.94284e-05	1.27779e-05 0.000112 17
rVSVOmicron	266	A	155113	0.99993	7.54896e-06	2.26469e-05	3.97851e-05 7e-05 11
rVSVOmicron	267	C	153307	0.000257518	9.4199e-05	0.999611	3.77204e-05 0.000389 60
rVSVOmicron	268	T	154303	5.59064e-05	0.999758	0.000123703	6.1956e-05 0.000242 37
rVSVOmicron	269	T	152486	2.28007e-05	0.999877	0.000100035	0 0.000123 19
rVSVOmicron	270	C	153399	0.000109356	7.09499e-05	0.99982	0 0.00018 28
rVSVOmicron	271	G	154159	0.000321492	8.13365e-05	1.50097e-05	0.999582 0.000418 64
rVSVOmicron	272	C	154880	6.53685e-05	0.000176595	0.999758	0 0.000242 37
rVSVOmicron	273	C	155820	0.000130999	0.000485796	0.999337	4.61996e-05 0.000663 103
rVSVOmicron	274	A	155624	0.996969	0	7.42972e-06	0.00302329 0.003031 472
rVSVOmicron	275	G	156510	0.000372512	6.04985e-05	7.33917e-06	0.99956 0.00044 69
rVSVOmicron	276	C	157550	4.7267e-05	0.000189859	0.999763	0 0.000237 37
rVSVOmicron	277	A	157540	0.999179	2.19253e-05	2.19253e-05	0.000777064 0.000821 129
rVSVOmicron	278	T	158116	0	0.999824	0.000160978	1.45806e-05 0.000176 28
rVSVOmicron	279	A	157608	0.999753	1.47349e-05	0.000155314	7.72588e-05 0.000247 39
rVSVOmicron	280	G	158455	2.54792e-05	8.61913e-05	5.3347e-05	0.999835 0.000165 26
rVSVOmicron	281	A	158471	0.999864	7.25345e-06	0	0.000128406 0.000136 22
rVSVOmicron	282	G	159504	5.26446e-05	7.2681e-06	2.35722e-05	0.999916 8.4e-05 13
rVSVOmicron	283	A	160579	0.999908	2.17516e-05	0	7.03498e-05 9.2e-05 15
rVSVOmicron	284	A	156887	0.999897	1.52251e-05	7.61254e-06	7.98288e-05 0.000103 16
rVSVOmicron	285	G	157850	2.9334e-05	2.51718e-05	0	0.999946 5.4e-05 9
rVSVOmicron	286	T	158343	0	0.99994	4.58402e-05	1.46848e-05 6e-05 10
rVSVOmicron	287	C	158282	5.61896e-05	9.16778e-05	0.99983	2.18844e-05 0.00017 27
rVSVOmicron	288	T	158332	3.62735e-05	0.999785	0.000171172	7.2547e-06 0.000215 34
rVSVOmicron	289	A	159613	0.998933	2.17274e-05	0.000403817	0.000641644 0.001067 170
rVSVOmicron	290	A	160085	0.99983	3.52328e-05	7.28276e-06	0.00012735 0.00017 27
rVSVOmicron	291	C	161101	5.74099e-05	6.24526e-05	0.999873	7.17624e-06 0.000127 20
rVSVOmicron	292	A	159110	0.999942	1.44948e-05	0	4.38763e-05 5.8e-05 9
rVSVOmicron	293	T	159594	0	0.999972	2.84362e-05	0 2.8e-05 4
rVSVOmicron	294	T	159999	0	0.999971	2.93502e-05	0 2.9e-05 5
rVSVOmicron	295	A	160615	0.999764	0	0.000153395	8.27656e-05 0.000236 38
rVSVOmicron	296	T	160993	2.17057e-05	0.999843	0.000128279	7.23523e-06 0.000157 25
rVSVOmicron	297	C	161945	5.86605e-05	7.46239e-05	0.999852	1.42324e-05 0.000148 24
rVSVOmicron	298	C	162505	0.000140725	0.000148061	0.999607	0.000103855 0.000393 64
rVSVOmicron	299	G	163337	0.000110615	0.000122309	8.51178e-05	0.999682 0.000318 52
rVSVOmicron	300	G	163869	0.00011314	4.85981e-05	0	0.999838 0.000162 27
rVSVOmicron	301	G	164208	3.53826e-05	7.95631e-05	7.07652e-06	0.999878 0.000122 20
rVSVOmicron	302	G	162792	0.000132788	6.55315e-05	1.41793e-05	0.999788 0.000212 35
rVSVOmicron	303	C	162668	7.86546e-05	0.000139337	0.999775	7.15042e-06 0.000225 37
rVSVOmicron	304	T	162828	1.59128e-05	0.999641	0.000309246	3.41263e-05 0.000359 58
rVSVOmicron	305	G	165473	0.000388544	0.000190983	2.78203e-05	0.999393 0.000607 100
rVSVOmicron	306	G	166149	8.87399e-05	8.23205e-05	2.13353e-05	0.999808 0.000192 32
rVSVOmicron	307	A	166472	0.999901	2.51894e-05	6.90375e-06	6.69851e-05 9.9e-05 16
rVSVOmicron	308	T	166984	0	0.999965	2.79626e-05	6.99066e-06 3.5e-05 6
rVSVOmicron	309	T	167589	0	0.999811	3.47755e-05	0.000154516 0.000189 32
rVSVOmicron	310	T	168201	6.89956e-06	0.999738	3.61761e-05	0.000219294 0.000262 44
rVSVOmicron	311	T	164568	2.8078e-05	0.999917	5.46384e-05	0 8.3e-05 14
rVSVOmicron	312	C	165395	4.151e-05	0.000529158	0.999416	1.38367e-05 0.000584 97
rVSVOmicron	313	G	164129	0.000222184	0.000143934	9.51946e-06	0.999624 0.000376 62
rVSVOmicron	314	G	164542	0.00024621	3.15849e-05	0	0.999722 0.000278 46
rVSVOmicron	315	C	165029	3.0081e-05	0.000419067	0.99953	2.08687e-05 0.00047 78
rVSVOmicron	316	A	165016	0.999972	0	0	2.76669e-05 2.8e-05 5
rVSVOmicron	317	C	165943	5.51107e-05	0.000106684	0.999831	6.88884e-06 0.000169 28
rVSVOmicron	318	C	166431	0.000143113	0.000110894	0.999717	2.92221e-05 0.000283 47
rVSVOmicron	319	A	166529	0.998782	6.78664e-06	0.00117574	3.54006e-05 0.001218 203
rVSVOmicron	320	C	167474	0.00119225	0.000791886	0.998016	0 0.001984 332
rVSVOmicron	321	A	167496	0.998794	0	0.00119948	6.89997e-06 0.001206 202
rVSVOmicron	322	C	165834	6.84793e-06	3.59054e-05	0.99995	6.84793e-06 5e-05 8
rVSVOmicron	323	T	165792	9.56724e-05	0.999882	2.24671e-05	0 0.000118 20
rVSVOmicron	324	C	167393	4.76443e-05	0.000221114	0.999704	2.72253e-05 0.000296 50
rVSVOmicron	325	G	167947	0.000131304	7.53474e-05	0	0.999793 0.000207 35
rVSVOmicron	326	A	163940	0.999916	1.38517e-05	0	7.0007e-05 8.4e-05 14
rVSVOmicron	327	C	164160	2.64153e-05	4.35853e-05	0.99993	0 7e-05 11
rVSVOmicron	328	T	161808	2.76809e-05	0.999829	0.000143177	0 0.000171 28
rVSVOmicron	329	C	161671	0.000120313	3.51072e-05	0.999831	1.40429e-05 0.000169 27
rVSVOmicron	330	T	161866	7.09061e-06	0.999662	0.000320035	1.13066e-05 0.000338 55
rVSVOmicron	331	A	162753	0.999866	0	7.09651e-06	0.000127162 0.000134 22
rVSVOmicron	332	A	161922	0.994325	0.0051733	0.000193756	0.000307854 0.005675 919
rVSVOmicron	333	G	161663	2.32101e-05	7.25314e-05	0	0.999904 9.6e-05 16
rVSVOmicron	334	A	162683	0.999932	1.40107e-05	0	5.39602e-05 6.8e-05 11
rVSVOmicron	335	C	162323	3.507e-05	0.000145588	0.999812	7.014e-06 0.000188 31
rVSVOmicron	336	A	162346	0.999902	2.71015e-05	1.38391e-05	5.68939e-05 9.8e-05 16
rVSVOmicron	337	C	163140	8.65711e-06	0.000244469	0.999733	1.39267e-05 0.000267 44
rVSVOmicron	338	A	162589	0.999545	1.40757e-05	1.97821e-05	0.000420749 0.000455 74
rVSVOmicron	339	G	163496	0.000129367	5.0597e-05	1.0541e-05	0.99981 0.00019 31
rVSVOmicron	340	T	163622	5.63229e-05	0.999843	9.58245e-05	4.34707e-06 0.000157 26
rVSVOmicron	341	C	164575	9.53194e-05	6.65543e-05	0.999831	6.95624e-06 0.000169 28
rVSVOmicron	342	C	165325	0.000111526	7.75753e-05	0.999801	9.48353e-06 0.000199 33
rVSVOmicron	343	C	164808	8.97182e-05	9.87087e-05	0.999809	2.43494e-06 0.000191 31
rVSVOmicron	344	T	164728	3.03165e-05	0.999705	0.000264479	0 0.000295 49
rVSVOmicron	345	C	166298	0.000204139	4.46612e-05	0.999744	7.25744e-06 0.000256 43
rVSVOmicron	346	C	163649	4.91723e-05	8.36495e-05	0.999853	1.39416e-05 0.000147 24
rVSVOmicron	347	T	163779	5.48043e-06	0.999715	0.000265895	1.39845e-05 0.000285 47
rVSVOmicron	348	G	165434	9.20759e-05	5.69638e-05	2.2412e-05	0.999829 0.000171 28
rVSVOmicron	349	A	154918	0.999928	1.46582e-05	5.94253e-06	5.13038e-05 7.2e-05 11
rVSVOmicron	350	T	155300	7.55859e-06	0.999939	3.96315e-05	1.34829e-05 6.1e-05 9
rVSVOmicron	351	T	154898	1.47438e-05	0.999939	4.60247e-05	0 6.1e-05 9
rVSVOmicron	352	G	150127	0.000214903	3.70877e-05	1.52472e-05	0.999733 0.000267 40
rVSVOmicron	353	T	150503	1.50947e-05	0.999925	5.24234e-05	7.54733e-06 7.5e-05 11
rVSVOmicron	354	G	151789	5.87451e-05	9.20813e-05	9.35042e-06	0.99984 0.00016 24
rVSVOmicron	355	A	152347	0.999876	3.19001e-05	0	9.18149e-05 0.000124 19
rVSVOmicron	356	A	152655	0.999902	9.34273e-06	1.86855e-05	6.94612e-05 9.8e-05 15
rVSVOmicron	357	C	153459	7.44159e-06	0.000110618	0.999874	7.44159e-06 0.000126 19
rVSVOmicron	358	A	150063	0.999954	7.6357e-06	0	3.81785e-05 4.6e-05 7
rVSVOmicron	359	A	150329	0.999888	1.54171e-05	2.31257e-05	7.35438e-05 0.000112 17
rVSVOmicron	360	C	151088	6.24094e-05	0.000363611	0.999559	1.5142e-05 0.000441 67
rVSVOmicron	361	G	151168	0.000482674	7.43211e-05	7.63856e-06	0.999435 0.000565 85
rVSVOmicron	362	C	151339	4.31153e-05	3.79825e-05	0.999919	0 8.1e-05 12
rVSVOmicron	363	C	151714	0.000125904	7.32234e-05	0.999747	5.41039e-05 0.000253 38
rVSVOmicron	364	A	151490	0.999728	2.23295e-05	7.57975e-06	0.000242347 0.000272 41
rVSVOmicron	365	C	152299	3.21113e-05	5.45287e-05	0.999891	2.24174e-05 0.000109 17
rVSVOmicron	366	A	152350	0.999862	1.51334e-05	1.67695e-05	0.000105934 0.000138 21
rVSVOmicron	367	A	152550	0.999901	0	4.06679e-05	5.83679e-05 9.9e-05 15
rVSVOmicron	368	A	150505	0.999954	2.24776e-05	5.83554e-06	1.79389e-05 4.6e-05 7
rVSVOmicron	369	C	151241	4.95319e-05	0.00163022	0.99832	0 0.00168 254
rVSVOmicron	370	G	150853	9.83021e-05	3.22875e-05	0	0.999869 0.000131 20
rVSVOmicron	371	T	150460	1.57528e-05	0.999944	2.55451e-05	1.49013e-05 5.6e-05 8
rVSVOmicron	372	G	150510	7.82588e-05	0.000116459	1.52801e-05	0.99979 0.00021 32
rVSVOmicron	373	G	149976	3.04776e-05	5.51891e-05	0	0.999914 8.6e-05 13
rVSVOmicron	374	T	150013	0.00944958	0.990497	3.11708e-05	2.21144e-05 0.009503 1426
rVSVOmicron	375	G	151257	5.46451e-05	6.40245e-05	0.00901827	0.990863 0.009137 1382
rVSVOmicron	376	A	150459	0.999985	7.60845e-06	0	7.60845e-06 1.5e-05 2
rVSVOmicron	377	T	150760	0	0.999961	2.33896e-05	1.51716e-05 3.9e-05 6
rVSVOmicron	378	T	151166	5.81255e-05	0.999885	5.64939e-05	0 0.000115 17
rVSVOmicron	379	A	152672	0.999904	1.50863e-05	0	8.09362e-05 9.6e-05 15
rVSVOmicron	380	A	153754	0.999475	0.00015962	7.24629e-05	0.00029267 0.000525 81
rVSVOmicron	381	G	155609	4.92655e-05	0.000168024	4.62615e-05	0.999736 0.000264 41
rVSVOmicron	382	G	152664	6.99124e-05	3.03432e-05	1.51716e-05	0.999885 0.000115 18
rVSVOmicron	383	T	152833	7.4979e-06	0.999963	2.24937e-05	7.4979e-06 3.7e-05 6
rVSVOmicron	384	G	153423	7.46811e-05	4.66253e-05	0	0.999879 0.000121 19
rVSVOmicron	385	T	153571	7.44472e-06	0.999875	0.000117506	0 0.000125 19
rVSVOmicron	386	G	154502	0.00014812	2.9664e-05	0	0.999822 0.000178 28
rVSVOmicron	387	C	154744	0.000228356	0.00116778	0.998572	3.16434e-05 0.001428 221
rVSVOmicron	388	G	155328	0.000134468	0.000112522	3.13226e-05	0.999722 0.000278 43
rVSVOmicron	389	A	154653	0.999947	0	0	5.32274e-05 5.3e-05 8
rVSVOmicron	390	G	155306	9.75503e-05	4.57889e-05	4.37981e-05	0.999813 0.000187 29
rVSVOmicron	391	T	155604	3.70377e-05	0.999851	0.000104434	7.48851e-06 0.000149 23
rVSVOmicron	392	T	156291	7.31378e-06	0.999899	9.38932e-05	0 0.000101 16
rVSVOmicron	393	C	157805	6.80557e-05	3.1242e-05	0.999884	1.65164e-05 0.000116 18
rVSVOmicron	394	C	158272	6.92668e-05	0.000163793	0.999714	5.28874e-05 0.000286 45
rVSVOmicron	395	A	157898	0.999508	7.24613e-06	4.70019e-05	0.00043751 0.000492 78
rVSVOmicron	396	G	158916	5.07329e-05	1.44951e-05	0	0.999935 6.5e-05 10
rVSVOmicron	397	T	159260	2.21508e-05	0.999147	0.000808605	2.21508e-05 0.000853 136
rVSVOmicron	398	T	159812	7.24984e-06	0.999955	3.80127e-05	0 4.5e-05 7
rVSVOmicron	399	C	158162	7.27935e-05	9.67957e-05	0.999816	1.45587e-05 0.000184 29
rVSVOmicron	400	T	158514	0	0.99975	0.000221211	2.904e-05 0.00025 40
rVSVOmicron	401	G	160753	0.000233083	5.88516e-05	2.86514e-05	0.999679 0.000321 52
rVSVOmicron	402	C	161548	4.27595e-05	0.000136175	0.999821	0 0.000179 29
rVSVOmicron	403	A	162133	0.999831	1.41251e-05	7.06256e-06	0.00014755 0.000169 27
rVSVOmicron	404	A	163104	0.999929	7.12394e-06	1.42479e-05	4.96751e-05 7.1e-05 12
rVSVOmicron	405	C	163367	2.11127e-05	0.000500239	0.99944	3.86116e-05 0.00056 91
rVSVOmicron	406	G	164492	0.000178361	4.19894e-05	4.69071e-05	0.999733 0.000267 44
rVSVOmicron	407	A	164456	0.999933	1.96735e-05	0	4.74813e-05 6.7e-05 11
rVSVOmicron	408	C	165558	1.87733e-05	0.000103727	0.999863	1.40325e-05 0.000137 23
rVSVOmicron	409	C	166202	9.88732e-05	0.00014269	0.999726	3.23862e-05 0.000274 46
rVSVOmicron	410	C	165910	0.000481923	6.34902e-05	0.999425	2.95785e-05 0.000575 95
rVSVOmicron	411	T	165697	5.67856e-05	0.999793	0.000109365	4.09162e-05 0.000207 34
rVSVOmicron	412	T	166718	7.24854e-06	0.999837	9.40352e-05	6.15147e-05 0.000163 27
rVSVOmicron	413	T	166906	1.9373e-05	0.999891	8.92277e-05	0 0.000109 18
rVSVOmicron	414	C	168153	7.61633e-05	8.08188e-05	0.999829	1.37802e-05 0.000171 29
rVSVOmicron	415	C	166037	0.000288418	3.65468e-05	0.999628	4.74731e-05 0.000372 62
rVSVOmicron	416	T	165959	4.76814e-05	0.999412	0.000517495	2.2327e-05 0.000588 98
rVSVOmicron	417	G	168046	0.000356223	9.04605e-05	2.77187e-05	0.999526 0.000474 80
rVSVOmicron	418	G	168679	0.000107684	5.95975e-05	2.97059e-05	0.999803 0.000197 33
rVSVOmicron	419	A	168659	0.999923	2.02955e-05	0	5.63155e-05 7.7e-05 13
rVSVOmicron	420	T	169058	1.30237e-05	0.999951	3.55858e-05	0 4.9e-05 8
rVSVOmicron	421	C	170179	5.52516e-05	0.000100109	0.999838	6.7469e-06 0.000162 28
rVSVOmicron	422	A	169932	0.99973	0.000190582	1.48694e-05	6.43735e-05 0.00027 46
rVSVOmicron	423	C	167591	0.000471751	0.000141636	0.999387	0 0.000613 103
rVSVOmicron	424	A	167501	0.999799	0	1.37775e-05	0.000187486 0.000201 34
rVSVOmicron	425	A	166807	0.999863	2.76371e-05	0	0.000109054 0.000137 23
rVSVOmicron	426	G	165030	0.000155638	4.68462e-05	3.01984e-05	0.999767 0.000233 38
rVSVOmicron	427	A	165997	0.999972	6.98963e-06	0	2.09689e-05 2.8e-05 5
rVSVOmicron	428	A	166303	0.99995	6.93544e-06	2.08063e-05	2.23059e-05 5e-05 8
rVSVOmicron	429	C	165739	0.000141218	8.94566e-05	0.999769	0 0.000231 38
rVSVOmicron	430	A	165565	0.999601	1.352e-05	5.89623e-05	0.000326546 0.000399 66
rVSVOmicron	431	A	165816	0.999923	2.11343e-05	1.40895e-05	4.22686e-05 7.7e-05 13
rVSVOmicron	432	C	166764	1.5519e-05	3.9078e-05	0.999932	1.38362e-05 6.8e-05 11
rVSVOmicron	433	A	166638	0.999878	3.00625e-05	7.08479e-06	8.50175e-05 0.000122 20
rVSVOmicron	434	A	165015	0.99992	0	3.61931e-05	4.40187e-05 8e-05 13
rVSVOmicron	435	G	166095	4.31492e-05	3.59577e-05	0	0.999921 7.9e-05 13
rVSVOmicron	436	T	166315	2.30382e-05	0.999885	9.23448e-05	0 0.000115 19
rVSVOmicron	437	C	163081	1.42633e-05	2.1395e-05	0.999927	3.7393e-05 7.3e-05 12
rVSVOmicron	438	T	162858	8.94897e-06	0.999918	6.53664e-05	7.19808e-06 8.2e-05 13
rVSVOmicron	439	T	164431	2.99747e-05	0.99986	0.000109589	0 0.00014 23
rVSVOmicron	440	G	165336	4.77797e-05	9.3853e-05	2.10458e-05	0.999837 0.000163 27
rVSVOmicron	441	G	165732	0.000315801	3.90041e-05	2.31763e-05	0.999622 0.000378 63
rVSVOmicron	442	A	165556	0.999837	2.05306e-05	6.90576e-06	0.000135689 0.000163 27
rVSVOmicron	443	T	165798	8.59635e-06	0.99995	3.45723e-05	6.91445e-06 5e-05 8
rVSVOmicron	444	G	164852	8.76827e-05	0.000164927	6.98425e-05	0.999678 0.000322 53
rVSVOmicron	445	G	165060	4.89182e-05	9.6892e-05	3.66414e-05	0.999818 0.000182 30
rVSVOmicron	446	A	164285	0.999682	1.38649e-05	0	0.000304279 0.000318 52
rVSVOmicron	447	G	165198	2.77068e-05	4.32451e-05	6.92671e-06	0.999922 7.8e-05 13
rVSVOmicron	448	T	165224	2.09242e-05	0.999915	6.44692e-05	0 8.5e-05 14
rVSVOmicron	449	C	163522	5.59568e-05	0.000151558	0.999785	7.01831e-06 0.000215 35
rVSVOmicron	450	T	163406	3.31065e-05	0.999656	0.000298899	1.24149e-05 0.000344 56
rVSVOmicron	451	G	165331	4.84379e-05	5.9098e-05	6.39605e-05	0.999829 0.000171 28
rVSVOmicron	452	A	164564	0.999711	7.12334e-05	1.39084e-05	0.000203551 0.000289 48
rVSVOmicron	453	G	164625	0.000125025	4.84333e-05	0	0.999827 0.000173 28
rVSVOmicron	454	T	165028	3.39602e-05	0.999861	9.84657e-05	7.01971e-06 0.000139 23
rVSVOmicron	455	T	165276	0	0.999907	9.25829e-05	0 9.3e-05 15
rVSVOmicron	456	C	166131	9.09916e-05	0.000167626	0.999728	1.37979e-05 0.000272 45
rVSVOmicron	457	A	165230	0.999536	2.2422e-05	6.7266e-06	0.000434613 0.000464 77
rVSVOmicron	458	G	166075	6.38627e-05	9.84083e-05	2.2408e-05	0.999815 0.000185 31
rVSVOmicron	459	A	166362	0.999903	6.92244e-06	0	8.99917e-05 9.7e-05 16
rVSVOmicron	460	G	166711	0.0129815	4.13086e-05	0	0.986977 0.013023 2171
rVSVOmicron	461	T	167365	6.83029e-06	0.986959	6.75645e-05	0.0129667 0.013041 2183
rVSVOmicron	462	G	165622	0.000126124	4.14809e-05	0	0.999832 0.000168 28
rVSVOmicron	463	T	161095	1.41762e-05	0.999948	3.7931e-05	0 5.2e-05 8
rVSVOmicron	464	A	161191	0.999861	7.09527e-06	7.09527e-06	0.00012503 0.000139 22
rVSVOmicron	465	C	161377	2.50762e-06	0.00117897	0.998804	1.42742e-05 0.001196 193
rVSVOmicron	466	T	156638	7.30773e-06	0.999905	7.99901e-05	7.30773e-06 9.5e-05 15
rVSVOmicron	467	C	156839	5.98273e-05	1.63344e-05	0.999902	2.18448e-05 9.8e-05 15
rVSVOmicron	468	T	156718	0	0.999337	0.000643819	1.93225e-05 0.000663 104
rVSVOmicron	469	A	157659	0.999825	0	2.20185e-05	0.000152939 0.000175 28
rVSVOmicron	470	G	158321	3.70698e-05	8.19543e-05	0	0.999881 0.000119 19
rVSVOmicron	471	C	158209	5.68979e-05	0.000227198	0.999707	9.05641e-06 0.000293 46
rVSVOmicron	472	G	158587	0.00050089	5.80515e-05	3.07908e-05	0.99941 0.00059 94
rVSVOmicron	473	C	159034	4.08769e-05	2.90855e-05	0.999923	7.27137e-06 7.7e-05 12
rVSVOmicron	474	C	159484	7.51015e-05	7.52956e-05	0.999835	1.43605e-05 0.000165 26
rVSVOmicron	475	A	159233	0.999925	7.20514e-06	6.81568e-06	6.11463e-05 7.5e-05 12
rVSVOmicron	476	A	159317	0.999814	0	0.000178495	7.20209e-06 0.000186 30
rVSVOmicron	477	C	160103	5.47486e-05	8.00024e-05	0.999851	1.4651e-05 0.000149 24
rVSVOmicron	478	A	160091	0.999957	0	7.1946e-06	3.5973e-05 4.3e-05 7
rVSVOmicron	479	A	160379	0.999914	2.18312e-05	3.14684e-05	3.26485e-05 8.6e-05 14
rVSVOmicron	480	C	158676	6.1651e-05	5.91228e-05	0.999858	2.15876e-05 0.000142 23
rVSVOmicron	481	T	159281	6.02003e-05	0.999579	0.000317186	4.38179e-05 0.000421 67
rVSVOmicron	482	G	161959	0.000595485	3.39066e-05	4.27685e-05	0.999328 0.000672 109
rVSVOmicron	483	C	165296	6.2229e-05	0.000217147	0.999714	6.91433e-06 0.000286 47
rVSVOmicron	484	A	167479	0.999921	6.8163e-06	0	7.20317e-05 7.9e-05 13
rVSVOmicron	485	C	169923	1.51219e-05	0.000217173	0.999768	0 0.000232 39
rVSVOmicron	486	C	160514	0.000130307	0.000103473	0.999757	8.88018e-06 0.000243 39
rVSVOmicron	487	T	160492	3.61638e-05	0.999589	0.000229689	0.00014485 0.000411 66
rVSVOmicron	488	T	161148	2.17582e-05	0.999904	6.04609e-05	1.42487e-05 9.6e-05 15
rVSVOmicron	489	C	161609	0.000100121	7.40859e-05	0.999819	7.08315e-06 0.000181 29
rVSVOmicron	490	G	161990	2.82811e-05	8.12127e-05	2.12108e-05	0.999869 0.000131 21
rVSVOmicron	491	A	162022	0.999712	0	0	0.000288199 0.000288 47
rVSVOmicron	492	G	162846	5.12626e-05	1.41546e-05	1.87453e-05	0.999916 8.4e-05 14
rVSVOmicron	493	T	163131	1.4137e-05	0.999913	5.15808e-05	2.08234e-05 8.7e-05 14
rVSVOmicron	494	A	163497	0.999913	6.97037e-06	0	8.0065e-05 8.7e-05 14
rVSVOmicron	495	C	163087	2.9842e-05	0.000604633	0.999351	1.40657e-05 0.000649 106
rVSVOmicron	496	G	163379	0.000306538	2.10555e-05	2.27627e-05	0.99965 0.00035 57
rVSVOmicron	497	T	163140	2.12081e-05	0.999764	0.000201	1.41388e-05 0.000236 39
rVSVOmicron	498	G	163962	0.000153293	5.44916e-05	6.97644e-06	0.999785 0.000215 35
rVSVOmicron	499	T	163622	3.64058e-05	0.999789	0.000160261	1.38868e-05 0.000211 35
rVSVOmicron	500	C	164457	4.89714e-05	6.2396e-05	0.999889	0 0.000111 18
rVSVOmicron	501	C	165170	0.000103395	0.000304473	0.999583	8.75906e-06 0.000417 69
rVSVOmicron	502	C	165847	0.000118755	0.000114454	0.999739	2.76784e-05 0.000261 43
rVSVOmicron	503	A	165383	0.999407	2.30997e-05	0	0.000570413 0.000593 98
rVSVOmicron	504	G	166396	0.000179756	2.07843e-05	2.93976e-05	0.99977 0.00023 38
rVSVOmicron	505	C	167458	3.62411e-05	0.000163832	0.999793	6.91196e-06 0.000207 35
rVSVOmicron	506	C	160193	0.000131123	6.77013e-05	0.999801	0 0.000199 32
rVSVOmicron	507	T	160558	2.18418e-05	0.999653	0.00027253	5.2735e-05 0.000347 56
rVSVOmicron	508	T	161208	1.45687e-05	0.999761	0.000154845	6.993e-05 0.000239 39
rVSVOmicron	509	T	161299	3.28679e-05	0.999834	0.000126474	7.11177e-06 0.000166 27
rVSVOmicron	510	C	162726	4.28702e-05	5.665e-05	0.999865	3.54062e-05 0.000135 22
rVSVOmicron	511	C	160252	9.79084e-05	5.92501e-05	0.999821	2.15631e-05 0.000179 29
rVSVOmicron	512	T	160588	3.88342e-05	0.999508	0.000438962	1.46836e-05 0.000492 79
rVSVOmicron	513	C	162472	0.000107516	4.38803e-05	0.999819	2.98234e-05 0.000181 29
rVSVOmicron	514	A	163133	0.999748	7.37116e-06	2.21135e-05	0.000222529 0.000252 41
rVSVOmicron	515	T	164319	3.53179e-05	0.999813	0.000118363	3.35997e-05 0.000187 31
rVSVOmicron	516	G	166703	0.000158688	0.00168028	3.49075e-05	0.998126 0.001874 312
rVSVOmicron	517	G	168422	5.598e-05	4.23979e-05	1.87212e-05	0.999883 0.000117 20
rVSVOmicron	518	A	170330	0.999815	6.65263e-06	0	0.000178362 0.000185 32
rVSVOmicron	519	C	172597	1.33441e-05	0.000128392	0.999843	1.53277e-05 0.000157 27
rVSVOmicron	520	C	133273	8.46266e-05	0.000106016	0.999784	2.58065e-05 0.000216 29
rVSVOmicron	521	T	133723	5.9644e-05	0.999434	0.000488988	1.71738e-05 0.000566 76
rVSVOmicron	522	G	133828	0.000365217	4.64024e-05	6.39476e-05	0.999524 0.000476 64
rVSVOmicron	523	G	134674	7.1818e-05	5.00896e-05	6.77011e-05	0.99981 0.00019 26
rVSVOmicron	524	A	133998	0.999457	2.55384e-05	2.7149e-05	0.000490062 0.000543 73
rVSVOmicron	525	G	128810	8.22008e-05	0.000137482	0	0.99978 0.00022 28
rVSVOmicron	526	G	128984	0.00099059	0.000144682	0	0.998865 0.001135 146
rVSVOmicron	527	G	128822	0.000233218	6.05262e-05	1.10484e-05	0.999695 0.000305 39
rVSVOmicron	528	C	129031	4.82485e-05	0.000250274	0.999693	8.79407e-06 0.000307 40
rVSVOmicron	529	A	128933	0.999515	2.64726e-05	0	0.000458144 0.000485 63
rVSVOmicron	530	A	129039	0.999333	3.09432e-05	0.000338313	0.000297571 0.000667 86
rVSVOmicron	531	G	128472	5.73433e-05	3.74291e-05	0	0.999905 9.5e-05 12
rVSVOmicron	532	C	129095	6.37283e-05	0.000341945	0.999586	8.79831e-06 0.000414 53
rVSVOmicron	533	A	128460	0.999799	8.94157e-05	8.94157e-06	0.000102466 0.000201 26
rVSVOmicron	534	G	125006	0.000104592	0.000100874	4.08948e-05	0.999754 0.000246 31
rVSVOmicron	535	G	126500	9.3397e-05	0.000132787	0	0.999774 0.000226 29
rVSVOmicron	536	G	126444	0.000208299	0.000117628	3.8474e-05	0.999636 0.000364 46
rVSVOmicron	537	C	126634	5.37538e-05	0.000203635	0.999725	1.76758e-05 0.000275 35
