rVSVOmicron	4	T	7498	0.000171303	0.999829	0	0 0.000171 1
rVSVOmicron	6	C	8836	0.000131482	0	0.999869	0 0.000131 1
rVSVOmicron	9	G	11266	0.000174354	0.000286841	0	0.999539 0.000461 5
rVSVOmicron	10	T	11796	0	0.999887	0	0.000113006 0.000113 1
rVSVOmicron	11	T	12403	0	0.999907	9.31739e-05	0 9.3e-05 1
rVSVOmicron	12	C	13159	0	8.78345e-05	0.999912	0 8.8e-05 1
rVSVOmicron	14	T	14488	0	0.999181	0.000819295	0 0.000819 12
rVSVOmicron	16	G	16467	0.000138382	6.91908e-05	0	0.999792 0.000208 3
rVSVOmicron	17	T	17152	0.00013214	0.999802	6.60698e-05	0 0.000198 3
rVSVOmicron	18	G	18034	0.0003572	0.00012587	5.27295e-05	0.999464 0.000536 10
rVSVOmicron	19	C	18770	6.00712e-05	0.000134754	0.99976	4.54593e-05 0.00024 5
rVSVOmicron	20	T	19588	4.33492e-05	0.999714	0.000243065	0 0.000286 6
rVSVOmicron	21	C	21010	4.35297e-05	0.000182825	0.99972	5.36867e-05 0.00028 6
rVSVOmicron	22	C	21417	0.000104901	0.000117659	0.999777	0 0.000223 5
rVSVOmicron	23	T	22247	0.000138781	0.999301	0.000560566	0 0.000699 16
rVSVOmicron	24	G	23393	0.000183414	0	0	0.999817 0.000183 4
rVSVOmicron	25	C	24290	0.000184619	9.29373e-05	0.999722	0 0.000278 7
rVSVOmicron	26	C	24905	5.62719e-05	0.000181049	0.999763	0 0.000237 6
rVSVOmicron	27	T	25618	0	0.999823	8.78675e-05	8.90549e-05 0.000177 5
rVSVOmicron	28	C	26329	4.24847e-05	3.21506e-05	0.99984	8.49694e-05 0.00016 4
rVSVOmicron	29	T	27141	4.12179e-05	0.99984	0.000119198	0 0.00016 4
rVSVOmicron	30	G	28706	0.00057521	0	8.79235e-05	0.999337 0.000663 19
rVSVOmicron	31	G	28821	0.000264257	0.00015644	0	0.999579 0.000421 12
rVSVOmicron	32	T	29577	0	0.999837	0.000125407	3.80332e-05 0.000163 5
rVSVOmicron	33	G	30508	0.000103496	3.68208e-05	0	0.99986 0.00014 4
rVSVOmicron	34	T	31057	3.62165e-05	0.999826	0.000138014	0 0.000174 5
rVSVOmicron	35	C	31799	0	3.50779e-05	0.999965	0 3.5e-05 1
rVSVOmicron	36	T	32666	3.43537e-05	0.999863	0.000103061	0 0.000137 4
rVSVOmicron	37	A	34146	0.999869	3.27158e-05	0	9.81473e-05 0.000131 4
rVSVOmicron	38	G	35034	0	6.6459e-05	0	0.999934 6.6e-05 2
rVSVOmicron	39	C	35574	0.000141083	0.000336034	0.999523	0 0.000477 17
rVSVOmicron	40	C	36591	0	0.000169262	0.999831	0 0.000169 6
rVSVOmicron	41	A	37645	0.999939	3.06919e-05	0	3.06919e-05 6.1e-05 2
rVSVOmicron	42	G	38524	4.89229e-05	7.81188e-05	0	0.999873 0.000127 5
rVSVOmicron	43	T	39192	0	0.999913	8.68878e-05	0 8.7e-05 3
rVSVOmicron	44	G	39462	8.04102e-05	0.00011443	1.93294e-05	0.999786 0.000214 8
rVSVOmicron	45	C	40405	2.34985e-05	0.000877025	0.999071	2.80466e-05 0.000929 38
rVSVOmicron	46	G	42449	0.000498299	0.000420754	0	0.999081 0.000919 39
rVSVOmicron	47	T	44238	2.57225e-05	0.999814	0.000159896	0 0.000186 8
rVSVOmicron	48	G	46816	0.000250351	6.69771e-05	0	0.999683 0.000317 15
rVSVOmicron	49	A	49198	0.999931	2.29646e-05	0	4.59292e-05 6.9e-05 3
rVSVOmicron	50	A	51700	0.999881	0	0	0.000118874 0.000119 6
rVSVOmicron	51	C	53802	2.09609e-05	0.000207343	0.999772	0 0.000228 12
rVSVOmicron	52	C	40062	0.000749385	0.000373163	0.998825	5.19981e-05 0.001175 47
rVSVOmicron	53	T	40906	2.75859e-05	0.999603	0.000342214	2.75859e-05 0.000397 16
rVSVOmicron	54	G	42260	0.000154336	5.38719e-05	0	0.999792 0.000208 9
rVSVOmicron	55	A	43019	0.999668	0	1.07481e-05	0.000321011 0.000332 14
rVSVOmicron	56	C	43923	0	2.59508e-05	0.999948	2.59508e-05 5.2e-05 2
rVSVOmicron	57	C	44935	0	0.000498943	0.999501	0 0.000499 22
rVSVOmicron	58	A	45896	0.9999	2.50106e-05	2.50106e-05	5.00211e-05 0.0001 5
rVSVOmicron	59	C	46855	0	2.42586e-05	0.999976	0 2.4e-05 1
rVSVOmicron	60	A	47911	0.999614	0	2.37732e-05	0.000362381 0.000386 18
rVSVOmicron	61	C	48814	0	0.000824494	0.999175	0 0.000825 40
rVSVOmicron	62	G	50030	0.000101177	0.000129731	9.3108e-06	0.99976 0.00024 12
rVSVOmicron	63	G	50112	6.87158e-05	9.71926e-05	0	0.999834 0.000166 8
rVSVOmicron	64	A	50047	0.999931	0	0	6.85159e-05 6.9e-05 3
rVSVOmicron	65	C	50887	7.23423e-05	0.000148332	0.999779	0 0.000221 11
rVSVOmicron	66	C	51890	8.72623e-05	6.72647e-05	0.999801	4.48431e-05 0.000199 10
rVSVOmicron	67	C	52935	4.13831e-05	0.000465856	0.999493	0 0.000507 27
rVSVOmicron	68	A	54070	0.999694	4.67544e-05	6.92658e-05	0.000190481 0.000306 17
rVSVOmicron	69	G	54934	0.000423408	2.0972e-05	8.3888e-05	0.999472 0.000528 29
rVSVOmicron	70	C	55133	6.74432e-05	0.000281575	0.99963	2.0795e-05 0.00037 20
rVSVOmicron	71	T	55991	0.00216468	0.99771	0.000125023	0 0.00229 128
rVSVOmicron	72	C	57362	2.00298e-05	0.000145081	0.997742	0.00209285 0.002258 130
rVSVOmicron	73	C	58851	9.97494e-05	0.000346723	0.999554	0 0.000446 26
rVSVOmicron	74	C	58468	8.55622e-05	0.000320324	0.999555	3.95725e-05 0.000445 26
rVSVOmicron	75	T	59154	6.28701e-05	0.999308	0.000575785	5.34396e-05 0.000692 41
rVSVOmicron	76	C	60272	1.90715e-05	1.90715e-05	0.999943	1.90715e-05 5.7e-05 3
rVSVOmicron	77	C	61182	0.000530934	0.000261351	0.99914	6.73957e-05 0.00086 53
rVSVOmicron	78	C	62172	6.28068e-05	8.66126e-05	0.999309	0.000541455 0.000691 43
rVSVOmicron	79	G	63255	0.000451889	0.000144188	0	0.999404 0.000596 38
rVSVOmicron	80	C	64383	4.02622e-05	7.76139e-05	0.999882	0 0.000118 8
rVSVOmicron	81	C	64816	5.35962e-05	0	0.999946	0 5.4e-05 4
rVSVOmicron	82	T	65550	0	0.999729	0.000253707	1.76782e-05 0.000271 18
rVSVOmicron	83	A	66643	0.999902	0	1.47177e-05	8.35588e-05 9.8e-05 7
rVSVOmicron	84	C	67567	4.25672e-05	0.000158239	0.999799	0 0.000201 14
rVSVOmicron	85	A	68498	0.999949	1.6972e-05	0	3.39439e-05 5.1e-05 3
rVSVOmicron	86	C	69382	4.41176e-05	5.40216e-05	0.999902	0 9.8e-05 7
rVSVOmicron	87	A	70368	0.999815	0	0.000107549	7.78494e-05 0.000185 13
rVSVOmicron	88	A	71264	0.999944	0	0	5.61783e-05 5.6e-05 4
rVSVOmicron	89	A	70030	0.999878	0	3.55553e-05	8.60054e-05 0.000122 9
rVSVOmicron	90	C	70326	5.84873e-06	6.65855e-05	0.999928	0 7.2e-05 5
rVSVOmicron	91	T	70971	4.90929e-05	0.999774	0.000176911	0 0.000226 16
rVSVOmicron	92	C	71787	1.61501e-05	5.6307e-05	0.999928	0 7.2e-05 5
rVSVOmicron	93	T	72448	0	0.999781	0.000154341	6.50783e-05 0.000219 16
rVSVOmicron	94	T	73404	0	0.999898	0.000102305	0 0.000102 7
rVSVOmicron	95	T	74453	0.000149358	0.999689	0.000161272	0 0.000311 23
rVSVOmicron	96	C	75900	3.36169e-05	0.000306702	0.99966	0 0.00034 26
rVSVOmicron	97	A	76938	0.999924	0	0	7.61909e-05 7.6e-05 6
rVSVOmicron	98	C	77834	6.69691e-05	0.000120139	0.999798	1.50173e-05 0.000202 16
rVSVOmicron	99	C	78738	0.000121303	0.000195388	0.999623	6.02446e-05 0.000377 30
rVSVOmicron	100	C	79792	0.000116696	0.000182464	0.999668	3.28835e-05 0.000332 26
rVSVOmicron	101	G	80986	0.000432759	0.00011624	0.000339688	0.999111 0.000889 72
rVSVOmicron	102	G	81513	9.73999e-05	4.37708e-05	1.45903e-05	0.999844 0.000156 13
rVSVOmicron	103	G	82385	4.3484e-05	1.44947e-05	1.44947e-05	0.999928 7.2e-05 6
rVSVOmicron	104	G	83072	0.000672606	9.69732e-06	2.87041e-05	0.999289 0.000711 59
rVSVOmicron	105	C	84042	4.18695e-05	0.000401344	0.999355	0.000201426 0.000645 54
rVSVOmicron	106	G	85020	0.000734254	5.52464e-05	1.38116e-05	0.999197 0.000803 68
rVSVOmicron	107	T	85722	0	0.999911	8.86814e-05	0 8.9e-05 8
rVSVOmicron	108	G	86905	0.000141937	0	0	0.999858 0.000142 12
rVSVOmicron	109	T	87655	4.06275e-05	0.999437	0.000110637	0.000411716 0.000563 49
rVSVOmicron	110	A	88152	0.999498	0	0.000440217	6.15866e-05 0.000502 44
rVSVOmicron	111	C	88254	7.97357e-05	0.000123554	0.999783	1.32893e-05 0.000217 19
rVSVOmicron	112	T	89560	0	0.999636	0.000337209	2.62945e-05 0.000364 33
rVSVOmicron	113	A	91113	0.999974	0	0	2.60978e-05 2.6e-05 2
rVSVOmicron	114	C	91779	1.59859e-05	0.000109121	0.999875	0 0.000125 11
rVSVOmicron	115	C	92822	9.60121e-05	0.000121315	0.999754	2.8769e-05 0.000246 23
rVSVOmicron	116	C	93754	3.82099e-05	7.43544e-05	0.999887	0 0.000113 11
rVSVOmicron	117	C	94379	2.8378e-05	0.000157959	0.999814	0 0.000186 18
rVSVOmicron	118	G	95732	0.000260429	1.23537e-05	2.47074e-05	0.999703 0.000297 28
rVSVOmicron	119	A	97744	0.99991	0	0	8.96224e-05 9e-05 9
rVSVOmicron	120	C	99940	1.17832e-05	4.99988e-05	0.999938	0 6.2e-05 6
rVSVOmicron	121	A	102640	0.999499	1.17202e-05	2.81918e-05	0.000461521 0.000501 51
rVSVOmicron	122	A	105277	0.999773	4.85875e-05	2.29011e-05	0.000155047 0.000227 24
rVSVOmicron	123	G	106386	0.000175764	0.000118988	0	0.999705 0.000295 31
rVSVOmicron	124	G	96891	6.17442e-05	2.46977e-05	1.53526e-05	0.999898 0.000102 10
rVSVOmicron	125	T	97621	0	0.999851	0.00013658	1.2177e-05 0.000149 15
rVSVOmicron	126	G	98961	0.000120327	3.86998e-05	0	0.999841 0.000159 16
rVSVOmicron	127	T	99623	0	0.999958	3.66955e-05	4.95885e-06 4.2e-05 4
rVSVOmicron	128	T	100315	0	0.999943	5.69842e-05	0 5.7e-05 6
rVSVOmicron	129	C	101677	3.52256e-05	0.00020469	0.99976	0 0.00024 24
rVSVOmicron	130	C	102673	3.47259e-05	0.000125329	0.999828	1.16805e-05 0.000172 18
rVSVOmicron	131	G	104056	0.000187876	5.73287e-05	2.58602e-05	0.999729 0.000271 28
rVSVOmicron	132	G	104686	7.79491e-05	0.000177241	0	0.999745 0.000255 27
rVSVOmicron	133	T	103822	0	0.999868	0.000132328	0 0.000132 14
rVSVOmicron	134	C	104524	3.6938e-05	7.11056e-05	0.999892	0 0.000108 11
rVSVOmicron	135	T	105404	1.3752e-05	0.999804	0.000134464	4.79793e-05 0.000196 21
rVSVOmicron	136	A	107410	0.999805	0	4.52566e-05	0.000149836 0.000195 21
rVSVOmicron	137	G	104491	0.000176612	0.000111095	1.17108e-05	0.999701 0.000299 31
rVSVOmicron	138	C	105435	3.4208e-05	0.000210795	0.99973	2.46544e-05 0.00027 28
rVSVOmicron	139	G	105753	0.000155497	0	0	0.999844 0.000156 16
rVSVOmicron	140	T	106444	1.12728e-05	0.995571	0.000132837	0.0042852 0.004429 471
rVSVOmicron	141	G	107697	0.00112446	3.34267e-05	0.00415093	0.994691 0.005309 572
rVSVOmicron	142	C	107180	3.63889e-05	0.000192861	0.999734	3.69954e-05 0.000266 29
rVSVOmicron	143	T	107848	3.34009e-05	0.999791	0.000175129	0 0.000209 23
rVSVOmicron	144	C	109454	1.09925e-05	8.34835e-05	0.999884	2.1985e-05 0.000116 13
rVSVOmicron	145	C	110372	0.000151984	0.00012577	0.999722	0 0.000278 31
rVSVOmicron	146	A	109963	0.999888	0	7.61346e-05	3.61566e-05 0.000112 12
rVSVOmicron	147	C	110297	0.00011122	2.16017e-05	0.999867	0 0.000133 15
rVSVOmicron	148	T	110588	1.0776e-05	0.999787	0.000202414	0 0.000213 24
rVSVOmicron	149	C	110709	2.13118e-05	2.13118e-05	0.999957	0 4.3e-05 5
rVSVOmicron	150	T	111011	1.07225e-05	0.998509	0.00146289	1.7098e-05 0.001491 166
rVSVOmicron	151	A	111406	0.999957	1.07603e-05	1.07603e-05	2.15206e-05 4.3e-05 5
rVSVOmicron	152	C	112268	5.27574e-05	0.000409512	0.999538	0 0.000462 52
rVSVOmicron	153	A	111797	0.999863	3.00541e-05	0	0.000106634 0.000137 15
rVSVOmicron	154	C	109003	1.3423e-05	0.000331199	0.999631	2.45116e-05 0.000369 40
rVSVOmicron	155	A	109774	0.99926	7.82302e-05	7.29759e-05	0.00058877 0.00074 81
rVSVOmicron	156	G	110971	0.00047156	0.000113636	1.06714e-05	0.999404 0.000596 66
rVSVOmicron	157	G	112593	8.87246e-05	4.46467e-05	3.41248e-05	0.999833 0.000167 19
rVSVOmicron	158	A	113907	0.999938	1.03056e-05	8.07733e-06	4.3729e-05 6.2e-05 7
rVSVOmicron	159	C	115847	1.24422e-05	0.000182208	0.99299	0.00681526 0.00701 812
rVSVOmicron	160	C	103480	4.96277e-05	0.00010542	0.999834	1.14051e-05 0.000166 17
rVSVOmicron	161	T	104013	6.12e-05	0.999126	0.000672286	0.000140364 0.000874 91
rVSVOmicron	162	G	104897	0.000106905	2.25383e-05	1.12691e-05	0.999859 0.000141 15
rVSVOmicron	163	T	105208	3.37659e-05	0.992155	0.000161945	0.0076488 0.007845 825
rVSVOmicron	164	T	105775	3.40256e-05	0.992766	0.000147343	0.00705303 0.007234 765
rVSVOmicron	165	C	107421	1.10545e-05	9.91921e-05	0.999857	3.31636e-05 0.000143 15
rVSVOmicron	166	C	104601	6.21381e-05	0.000113257	0.999802	2.26513e-05 0.000198 21
rVSVOmicron	167	T	104950	2.2867e-05	0.999366	0.00061079	0 0.000634 67
rVSVOmicron	168	C	107801	1.09371e-05	0.00015844	0.999797	3.34024e-05 0.000203 22
rVSVOmicron	169	C	108782	0.000104749	0.000356324	0.999528	1.10419e-05 0.000472 51
rVSVOmicron	170	C	109473	0.000165389	0.000170667	0.99965	1.34891e-05 0.00035 38
rVSVOmicron	171	T	110084	4.58904e-05	0.99968	0.000248451	2.54297e-05 0.00032 35
rVSVOmicron	172	T	111051	2.39693e-05	0.999856	9.79744e-05	2.21716e-05 0.000144 16
rVSVOmicron	173	T	111796	1.06294e-05	0.999934	4.5103e-05	1.06294e-05 6.6e-05 7
rVSVOmicron	174	C	112157	1.0444e-05	0.000109521	0.99987	1.0444e-05 0.00013 15
rVSVOmicron	175	T	112560	3.15114e-05	0.999829	9.70891e-05	4.20152e-05 0.000171 19
rVSVOmicron	176	T	109941	2.14235e-05	0.999842	0.000136647	0 0.000158 17
rVSVOmicron	177	C	110858	5.54131e-05	0.000303915	0.999608	3.22767e-05 0.000392 43
rVSVOmicron	178	A	110635	0.999829	1.06592e-05	1.06592e-05	0.000149229 0.000171 19
rVSVOmicron	179	G	111317	0.000135423	2.03277e-05	0	0.999844 0.000156 17
rVSVOmicron	180	C	112225	8.53409e-05	0.000245816	0.999648	2.09808e-05 0.000352 40
rVSVOmicron	181	A	112199	0.99986	3.11599e-05	0	0.000108919 0.00014 16
rVSVOmicron	182	A	111188	0.999909	1.07533e-05	2.06347e-05	5.98697e-05 9.1e-05 10
rVSVOmicron	183	C	112106	6.5256e-05	0.0002017	0.999702	3.13568e-05 0.000298 33
rVSVOmicron	184	G	111330	0.00011575	0	1.05747e-05	0.999874 0.000126 14
rVSVOmicron	185	T	111773	0	0.999911	7.88331e-05	1.05301e-05 8.9e-05 10
rVSVOmicron	186	G	113024	7.97842e-05	7.69847e-05	5.17897e-05	0.999791 0.000209 24
rVSVOmicron	187	A	113392	0.999884	1.02999e-05	0	0.000105505 0.000116 13
rVSVOmicron	188	C	114275	4.1048e-05	0.000155872	0.999803	0 0.000197 23
rVSVOmicron	189	A	111664	0.99991	0	0	8.96734e-05 9e-05 10
rVSVOmicron	190	T	112078	2.09567e-05	0.999882	6.51356e-05	3.1435e-05 0.000118 13
rVSVOmicron	191	G	112913	3.3894e-05	4.40622e-05	0	0.999922 7.8e-05 9
rVSVOmicron	192	G	112849	3.35604e-05	1.3537e-05	1.04347e-05	0.999942 5.8e-05 7
rVSVOmicron	193	T	113023	0	0.99989	9.07467e-05	1.97149e-05 0.00011 12
rVSVOmicron	194	T	113617	0	0.999915	8.4835e-05	0 8.5e-05 10
rVSVOmicron	195	C	114781	5.13535e-05	8.46639e-05	0.999854	1.02707e-05 0.000146 17
rVSVOmicron	196	C	115473	5.70138e-05	0.000228606	0.999694	2.03817e-05 0.000306 35
rVSVOmicron	197	A	114567	0.999864	2.0491e-05	1.02455e-05	0.000105501 0.000136 16
rVSVOmicron	198	C	115284	7.13265e-05	0.000155321	0.999733	4.0758e-05 0.000267 31
rVSVOmicron	199	G	115150	0.00049554	1.02259e-05	1.02259e-05	0.999484 0.000516 59
rVSVOmicron	200	T	115394	3.85196e-05	0.999758	0.000193435	1.03277e-05 0.000242 28
rVSVOmicron	201	G	116198	8.26687e-05	1.00949e-05	5.29298e-05	0.999854 0.000146 17
rVSVOmicron	202	A	116052	0.99996	1.0029e-05	0	3.0087e-05 4e-05 5
rVSVOmicron	203	T	115989	1.01123e-05	0.994649	0.00533028	1.01123e-05 0.005351 621
rVSVOmicron	204	C	114241	4.08382e-05	9.93361e-05	0.99985	1.02095e-05 0.00015 17
rVSVOmicron	205	T	114305	0	0.999883	0.000116802	0 0.000117 13
rVSVOmicron	206	C	114965	1.01406e-05	6.33103e-05	0.999927	0 7.3e-05 8
rVSVOmicron	207	T	115238	1.0147e-05	0.999743	0.000231188	1.53577e-05 0.000257 30
rVSVOmicron	208	G	116202	0.000149231	1.36909e-06	3.03939e-05	0.999819 0.000181 21
rVSVOmicron	209	G	116505	0.000430701	3.03928e-05	0	0.999539 0.000461 54
rVSVOmicron	210	C	117067	4.03875e-05	0.000259944	0.9997	0 0.0003 35
rVSVOmicron	211	A	117361	0.999776	1.23628e-05	0	0.000212049 0.000224 26
rVSVOmicron	212	C	118138	5.72222e-05	8.63681e-05	0.999856	0 0.000144 17
rVSVOmicron	213	A	118234	0.999911	0	9.88171e-06	7.90537e-05 8.9e-05 11
rVSVOmicron	214	A	118536	0.999971	0	9.97683e-06	1.88751e-05 2.9e-05 3
rVSVOmicron	215	A	118867	0.999938	0	0	6.18371e-05 6.2e-05 7
rVSVOmicron	216	C	119663	5.85768e-05	0.000313465	0.999628	0 0.000372 45
rVSVOmicron	217	G	120041	0.000189804	7.3946e-05	0	0.999736 0.000264 32
rVSVOmicron	218	G	120238	0.000929868	0.000111053	0	0.998959 0.001041 125
rVSVOmicron	219	C	120571	6.03705e-05	0.000309202	0.999618	1.20741e-05 0.000382 46
rVSVOmicron	220	A	120575	0.999909	0	0	9.14761e-05 9.1e-05 11
rVSVOmicron	221	C	121372	6.00445e-05	5.27663e-05	0.999887	0 0.000113 14
rVSVOmicron	222	A	121441	0.999882	9.65338e-06	7.95752e-05	2.89602e-05 0.000118 14
rVSVOmicron	223	A	121676	0.999929	9.80979e-06	2.88991e-05	3.18155e-05 7.1e-05 9
rVSVOmicron	224	A	121657	0.999895	2.94884e-05	1.9659e-05	5.63203e-05 0.000105 13
rVSVOmicron	225	G	121879	0.000185052	4.17351e-05	0	0.999773 0.000227 28
rVSVOmicron	226	C	122676	1.90768e-05	0.000602466	0.999348	3.06776e-05 0.000652 80
rVSVOmicron	227	G	123244	0.00017519	2.85551e-05	2.1352e-05	0.999775 0.000225 28
rVSVOmicron	228	G	123023	0.000244991	1.72601e-05	9.53171e-06	0.999728 0.000272 33
rVSVOmicron	229	T	122986	9.51517e-06	0.999902	7.68928e-05	1.18297e-05 9.8e-05 12
rVSVOmicron	230	T	121110	5.5977e-05	0.999925	0	1.92665e-05 7.5e-05 9
rVSVOmicron	231	C	121019	4.79222e-05	0.000198942	0.999734	1.91689e-05 0.000266 32
rVSVOmicron	232	G	120934	0.000255008	3.85902e-05	4.09369e-05	0.999665 0.000335 41
rVSVOmicron	233	A	120701	0.999854	0	0	0.000145903 0.000146 18
rVSVOmicron	234	C	121350	2.85525e-05	0.000116525	0.999852	2.5723e-06 0.000148 18
rVSVOmicron	235	A	121470	0.999868	5.01755e-05	0	8.21526e-05 0.000132 16
rVSVOmicron	236	A	121166	0.998002	0	4.07114e-05	0.0019573 0.001998 242
rVSVOmicron	237	C	121231	1.24777e-05	0.000192885	0.999766	2.88548e-05 0.000234 28
rVSVOmicron	238	C	122766	4.54175e-05	0.000150188	0.999804	0 0.000196 24
rVSVOmicron	239	C	122834	0.000117307	8.78509e-05	0.999766	2.86807e-05 0.000234 29
rVSVOmicron	240	C	122563	7.15246e-05	0.000133754	0.999728	6.66186e-05 0.000272 33
rVSVOmicron	241	G	122842	0.00019328	6.89375e-05	0.00189348	0.997844 0.002156 265
rVSVOmicron	242	T	122849	0.0019068	0.997921	0.000153301	1.91951e-05 0.002079 255
rVSVOmicron	243	G	123652	0.000429099	4.21774e-05	0.00192728	0.997601 0.002399 297
rVSVOmicron	244	C	122058	4.40512e-05	0.000194389	0.999762	0 0.000238 29
rVSVOmicron	245	T	122305	9.36006e-06	0.999815	0.000165951	9.36006e-06 0.000185 23
rVSVOmicron	246	C	123656	4.6709e-05	0.000251976	0.999692	9.3418e-06 0.000308 38
rVSVOmicron	247	C	124093	6.71857e-05	0.00020003	0.999733	0 0.000267 33
rVSVOmicron	248	C	124170	0.000257394	0.000126541	0.99959	2.63734e-05 0.00041 51
rVSVOmicron	249	T	124068	6.06675e-05	0.999637	0.000283368	1.87058e-05 0.000363 45
rVSVOmicron	250	T	124372	1.90054e-05	0.999801	0.000132524	4.69998e-05 0.000199 25
rVSVOmicron	251	T	124638	9.428e-06	0.999899	9.19867e-05	0 0.000101 13
rVSVOmicron	252	C	125367	2.81788e-05	0.000192015	0.99978	0 0.00022 28
rVSVOmicron	253	A	125485	0.997399	0.00249618	2.79283e-05	7.67398e-05 0.002601 326
rVSVOmicron	254	A	125865	0.999813	2.81406e-05	3.67602e-05	0.000121943 0.000187 24
rVSVOmicron	255	C	126607	0.000138486	0.000556646	0.999259	4.54255e-05 0.000741 94
rVSVOmicron	256	G	127059	0.000210262	6.38207e-05	1.83052e-05	0.999708 0.000292 37
rVSVOmicron	257	A	126606	0.999902	0	0	9.80318e-05 9.8e-05 12
rVSVOmicron	258	C	127378	2.92649e-05	0.00017876	0.999792	0 0.000208 26
rVSVOmicron	259	G	127768	8.08129e-05	3.63535e-05	9.08838e-06	0.999874 0.000126 16
rVSVOmicron	260	G	127632	0.000131382	6.48349e-05	2.34873e-05	0.99978 0.00022 28
rVSVOmicron	261	C	127687	4.72954e-05	0.000238427	0.999676	3.82751e-05 0.000324 41
rVSVOmicron	262	G	127252	0.00133167	4.52033e-05	9.04067e-06	0.998614 0.001386 176
rVSVOmicron	263	T	126905	2.78443e-05	0.999898	5.56885e-05	1.85628e-05 0.000102 13
rVSVOmicron	264	G	127378	0.000221849	4.57396e-05	9.05008e-06	0.999723 0.000277 35
rVSVOmicron	265	T	127123	1.80535e-05	0.999772	0.000126374	8.34364e-05 0.000228 29
rVSVOmicron	266	A	126474	0.999903	1.85207e-05	9.26037e-06	6.93276e-05 9.7e-05 12
rVSVOmicron	267	C	126568	5.70771e-05	0.000127744	0.999786	2.96504e-05 0.000214 27
rVSVOmicron	268	T	126259	0.00153014	0.998276	0.000136943	5.64636e-05 0.001724 218
rVSVOmicron	269	T	124116	0	0.999843	0.00015679	0 0.000157 19
rVSVOmicron	270	C	124945	1.8395e-05	0.00017699	0.999795	9.19752e-06 0.000205 26
rVSVOmicron	271	G	125361	0.000473576	0.000102124	0	0.999424 0.000576 72
rVSVOmicron	272	C	125635	3.8818e-05	0.000342643	0.999611	7.46499e-06 0.000389 49
rVSVOmicron	273	C	126180	0.000102278	7.37988e-05	0.999796	2.74888e-05 0.000204 26
rVSVOmicron	274	A	125388	0.999794	0	0	0.000206281 0.000206 26
rVSVOmicron	275	G	125926	0.00106705	5.70971e-05	1.82909e-05	0.998858 0.001142 144
rVSVOmicron	276	C	126820	6.70385e-05	0.000139746	0.999784	9.11921e-06 0.000216 27
rVSVOmicron	277	A	126234	0.999952	0	2.96536e-05	1.82864e-05 4.8e-05 6
rVSVOmicron	278	T	126724	2.95568e-05	0.99981	0.000160838	0 0.00019 24
rVSVOmicron	279	A	126223	0.999751	2.51881e-05	1.89534e-05	0.000205246 0.000249 31
rVSVOmicron	280	G	126939	9.22761e-06	6.45932e-05	1.24697e-05	0.999914 8.6e-05 11
rVSVOmicron	281	A	126973	0.999871	0	9.07195e-06	0.000120387 0.000129 16
rVSVOmicron	282	G	127620	0.000156382	6.51593e-05	2.95061e-05	0.999749 0.000251 32
rVSVOmicron	283	A	128525	0.99975	2.7258e-05	0	0.000222485 0.00025 32
rVSVOmicron	284	A	127170	0.999752	0.000130712	4.69546e-05	7.00513e-05 0.000248 32
rVSVOmicron	285	G	127932	7.24663e-05	4.725e-05	1.81166e-05	0.999862 0.000138 18
rVSVOmicron	286	T	128395	0	0.998017	0.00198347	0 0.001983 255
rVSVOmicron	287	C	128118	9.03092e-05	0	0.999874	3.61237e-05 0.000126 16
rVSVOmicron	288	T	128422	8.95035e-06	0.999785	0.000205616	0 0.000215 28
rVSVOmicron	289	A	129508	0.999789	8.95564e-06	6.26895e-05	0.00013966 0.000211 27
rVSVOmicron	290	A	129893	0.99988	2.5281e-05	0	9.48037e-05 0.00012 16
rVSVOmicron	291	C	130253	4.15985e-05	5.33807e-05	0.99988	2.50072e-05 0.00012 16
rVSVOmicron	292	A	127902	0.999912	7.32879e-06	6.0829e-05	2.02763e-05 8.8e-05 11
rVSVOmicron	293	T	128251	9.25957e-06	0.999884	8.78408e-05	1.85191e-05 0.000116 15
rVSVOmicron	294	T	128589	0	0.9999	7.56398e-05	2.47189e-05 0.0001 13
rVSVOmicron	295	A	128897	0.999693	1.84907e-05	0.00024038	4.84757e-05 0.000307 40
rVSVOmicron	296	T	129277	9.04885e-06	0.999914	7.67929e-05	0 8.6e-05 11
rVSVOmicron	297	C	129956	8.90593e-06	8.01534e-05	0.999911	0 8.9e-05 12
rVSVOmicron	298	C	130338	6.95602e-05	0.000320025	0.99958	2.99495e-05 0.00042 55
rVSVOmicron	299	G	131080	0.000164078	1.77511e-05	8.2039e-05	0.999736 0.000264 35
rVSVOmicron	300	G	131476	0.00018055	4.21845e-05	8.919e-06	0.999768 0.000232 31
rVSVOmicron	301	G	131146	6.24093e-05	4.45781e-05	0	0.999893 0.000107 14
rVSVOmicron	302	G	131058	0.000184942	5.00036e-05	8.85232e-06	0.999756 0.000244 32
rVSVOmicron	303	C	131003	5.78609e-05	0.000255311	0.99966	2.67607e-05 0.00034 45
rVSVOmicron	304	T	131085	3.54079e-05	0.999627	0.00032848	8.85198e-06 0.000373 49
rVSVOmicron	305	G	132424	0.000241482	4.3542e-05	8.7084e-06	0.999706 0.000294 39
rVSVOmicron	306	G	132608	7.62249e-05	4.47407e-05	1.70441e-05	0.999862 0.000138 18
rVSVOmicron	307	A	132325	0.999947	0	8.67144e-06	4.47634e-05 5.3e-05 7
rVSVOmicron	308	T	132271	8.81839e-06	0.99991	4.12319e-05	3.95636e-05 9e-05 12
rVSVOmicron	309	T	132014	8.83757e-06	0.999889	8.43152e-05	1.76751e-05 0.000111 15
rVSVOmicron	310	T	132389	1.75519e-05	0.999937	4.53029e-05	0 6.3e-05 8
rVSVOmicron	311	T	132871	1.17602e-05	0.999927	5.22153e-05	8.70255e-06 7.3e-05 10
rVSVOmicron	312	C	133089	3.64956e-05	0.000243846	0.999692	2.78947e-05 0.000308 41
rVSVOmicron	313	G	132693	0.000174487	0.000103417	2.59724e-05	0.999696 0.000304 40
rVSVOmicron	314	G	132379	0.000236659	6.43069e-05	8.74763e-06	0.99969 0.00031 41
rVSVOmicron	315	C	132687	3.67651e-05	0.000228787	0.999729	5.38597e-06 0.000271 36
rVSVOmicron	316	A	130345	0.999925	2.93113e-05	0	4.56216e-05 7.5e-05 10
rVSVOmicron	317	C	131027	5.99487e-05	0.00017843	0.999744	1.74654e-05 0.000256 34
rVSVOmicron	318	C	130913	3.7381e-05	0.000193096	0.999688	8.14287e-05 0.000312 41
rVSVOmicron	319	A	130632	0.99675	4.32777e-05	0.00154326	0.00166327 0.00325 425
rVSVOmicron	320	C	131367	0.00158469	6.29553e-05	0.99677	0.00158211 0.00323 424
rVSVOmicron	321	A	130761	0.996721	8.8741e-06	0.00322322	4.65291e-05 0.003279 429
rVSVOmicron	322	C	129599	4.23967e-05	7.86352e-05	0.999861	1.75271e-05 0.000139 18
rVSVOmicron	323	T	129922	0.00256582	0.99739	4.42631e-05	0 0.00261 339
rVSVOmicron	324	C	131192	0.00016287	0.00291637	0.996895	2.61251e-05 0.003105 407
rVSVOmicron	325	G	130992	0.000357803	2.04187e-05	4.3924e-05	0.999578 0.000422 55
rVSVOmicron	326	A	129799	0.999918	2.62615e-05	0	5.55986e-05 8.2e-05 11
rVSVOmicron	327	C	129596	8.54484e-05	0.000547061	0.999367	0 0.000633 82
rVSVOmicron	328	T	129598	4.28781e-05	0.99992	3.73993e-05	0 8e-05 10
rVSVOmicron	329	C	129768	5.25786e-05	8.7631e-06	0.999919	1.96578e-05 8.1e-05 11
rVSVOmicron	330	T	129817	1.76944e-05	0.999775	0.000200138	7.41251e-06 0.000225 29
rVSVOmicron	331	A	131133	0.99977	0	0	0.000229842 0.00023 30
rVSVOmicron	332	A	130551	0.999837	2.66048e-05	8.86827e-06	0.000127272 0.000163 21
rVSVOmicron	333	G	131211	1.77559e-05	6.83842e-05	0	0.999914 8.6e-05 11
rVSVOmicron	334	A	131532	0.999838	1.74266e-05	0	0.000144829 0.000162 21
rVSVOmicron	335	C	131992	4.33095e-05	6.92952e-05	0.999882	5.38442e-06 0.000118 16
rVSVOmicron	336	A	131464	0.999536	0.000408402	1.98114e-05	3.58038e-05 0.000464 61
rVSVOmicron	337	C	132296	0.00143666	0.000193903	0.99836	9.10015e-06 0.00164 217
rVSVOmicron	338	A	132018	0.997979	9.67088e-05	0.000119353	0.00180515 0.002021 267
rVSVOmicron	339	G	132738	0.000137521	0	1.67126e-05	0.999846 0.000154 20
rVSVOmicron	340	T	132649	2.79698e-05	0.997461	0.000111879	0.00239882 0.002539 337
rVSVOmicron	341	C	133554	2.52515e-05	0.000101941	0.999856	1.66005e-05 0.000144 19
rVSVOmicron	342	C	134033	0.00146662	0.000251805	0.998253	2.83724e-05 0.001747 234
rVSVOmicron	343	C	131599	8.76262e-05	0.000137123	0.997269	0.00250611 0.002731 359
rVSVOmicron	344	T	131619	0.00249866	0.997234	0.000258903	8.68487e-06 0.002766 364
rVSVOmicron	345	C	133289	5.03616e-05	5.62176e-05	0.999871	2.2487e-05 0.000129 17
rVSVOmicron	346	C	132236	5.07888e-05	7.66535e-05	0.999838	3.47998e-05 0.000162 21
rVSVOmicron	347	T	132374	0	0.999852	0.000139576	8.70879e-06 0.000148 20
rVSVOmicron	348	G	133724	4.30147e-05	3.44118e-05	0	0.999923 7.7e-05 10
rVSVOmicron	349	A	130595	0.999929	1.75327e-05	8.76634e-06	4.43055e-05 7.1e-05 9
rVSVOmicron	350	T	130750	0	0.999877	9.67201e-05	2.66225e-05 0.000123 16
rVSVOmicron	351	T	131273	0	0.999947	4.40834e-05	8.76928e-06 5.3e-05 7
rVSVOmicron	352	G	127779	0.00016964	4.51559e-05	9.03119e-06	0.999776 0.000224 29
rVSVOmicron	353	T	127501	8.98359e-06	0.999928	6.33707e-05	0 7.2e-05 9
rVSVOmicron	354	G	127979	0.000106694	7.46125e-05	2.69772e-05	0.999792 0.000208 27
rVSVOmicron	355	A	127775	0.999947	9.09591e-06	7.86673e-06	3.63836e-05 5.3e-05 7
rVSVOmicron	356	A	127669	0.999536	1.98236e-05	1.81104e-05	0.000425595 0.000464 59
rVSVOmicron	357	C	127996	2.65225e-05	0.000101224	0.999872	0 0.000128 16
rVSVOmicron	358	A	127696	0.99998	0	0	2.03066e-05 2e-05 3
rVSVOmicron	359	A	127872	0.999934	0	1.83064e-05	4.79925e-05 6.6e-05 8
rVSVOmicron	360	C	128487	1.7952e-05	0.000530311	0.999425	2.69279e-05 0.000575 74
rVSVOmicron	361	G	128790	0.000482431	3.61518e-05	9.03795e-06	0.999472 0.000528 68
rVSVOmicron	362	C	129059	2.67432e-05	2.69863e-05	0.999946	0 5.4e-05 7
rVSVOmicron	363	C	129499	4.66388e-05	8.48635e-05	0.999841	2.71659e-05 0.000159 21
rVSVOmicron	364	A	129247	0.999934	1.57498e-05	5.573e-06	4.48263e-05 6.6e-05 9
rVSVOmicron	365	C	129933	0	6.61674e-05	0.999934	0 6.6e-05 9
rVSVOmicron	366	A	129946	0.999707	1.79036e-05	9.84698e-05	0.000176617 0.000293 38
rVSVOmicron	367	A	130090	0.999803	7.48646e-06	0.000142991	4.61665e-05 0.000197 26
rVSVOmicron	368	A	129208	0.999943	1.65233e-05	0	4.09269e-05 5.7e-05 7
rVSVOmicron	369	C	129931	9.02562e-06	0.000246863	0.999645	9.92818e-05 0.000355 46
rVSVOmicron	370	G	129658	0.000238256	2.68492e-05	8.46597e-06	0.999726 0.000274 36
rVSVOmicron	371	T	129260	4.00277e-05	0.999932	1.88666e-05	9.43329e-06 6.8e-05 9
rVSVOmicron	372	G	129295	0.0001149	0.000103459	1.8014e-05	0.999764 0.000236 31
rVSVOmicron	373	G	128676	6.90252e-05	1.62841e-05	0	0.999915 8.5e-05 11
rVSVOmicron	374	T	128770	5.79745e-05	0.999886	5.62177e-05	0 0.000114 15
rVSVOmicron	375	G	130018	7.15534e-05	7.85167e-05	5.21044e-05	0.999798 0.000202 26
rVSVOmicron	376	A	130479	0.999956	8.88262e-06	8.88262e-06	2.66478e-05 4.4e-05 6
rVSVOmicron	377	T	130699	1.83073e-05	0.999928	3.51303e-05	1.83073e-05 7.2e-05 9
rVSVOmicron	378	T	131275	3.70564e-05	0.999845	0.000109031	8.78902e-06 0.000155 20
rVSVOmicron	379	A	131799	0.999857	1.7693e-05	1.7693e-05	0.000107832 0.000143 19
rVSVOmicron	380	A	132276	0.999438	0.000116593	0.000107861	0.000337743 0.000562 74
rVSVOmicron	381	G	132706	0.000359325	9.42336e-05	8.80466e-06	0.999538 0.000462 61
rVSVOmicron	382	G	130728	4.70727e-05	7.59472e-05	3.15435e-06	0.999874 0.000126 16
rVSVOmicron	383	T	130689	8.86848e-06	0.999893	8.89245e-05	8.86848e-06 0.000107 14
rVSVOmicron	384	G	130839	9.07456e-05	5.53093e-05	8.85907e-06	0.999845 0.000155 20
rVSVOmicron	385	T	130942	0	0.999919	8.11525e-05	0 8.1e-05 11
rVSVOmicron	386	G	131476	8.81573e-05	3.52629e-05	9.29225e-06	0.999867 0.000133 17
rVSVOmicron	387	C	131816	5.37526e-05	0.00112401	0.998796	2.66363e-05 0.001204 159
rVSVOmicron	388	G	132285	5.26456e-05	4.86142e-05	8.77427e-06	0.99989 0.00011 15
rVSVOmicron	389	A	131710	0.999916	1.60667e-05	0	6.82837e-05 8.4e-05 11
rVSVOmicron	390	G	132208	0.000107954	0.000103456	5.68177e-05	0.999732 0.000268 35
rVSVOmicron	391	T	132478	5.07818e-05	0.999852	7.86998e-05	1.82911e-05 0.000148 20
rVSVOmicron	392	T	132811	0	0.998638	0.00136225	0 0.001362 181
rVSVOmicron	393	C	132792	3.54613e-05	0.000154784	0.999801	8.86534e-06 0.000199 26
rVSVOmicron	394	C	133182	7.72527e-05	0.000149276	0.999743	3.04257e-05 0.000257 34
rVSVOmicron	395	A	132638	0.999463	1.74855e-05	7.79757e-05	0.000441153 0.000537 71
rVSVOmicron	396	G	133342	0.000104315	3.50082e-05	0	0.999861 0.000139 19
rVSVOmicron	397	T	133565	0	0.999889	9.27954e-05	1.7836e-05 0.000111 15
rVSVOmicron	398	T	133911	1.7543e-05	0.999949	2.63146e-05	7.11204e-06 5.1e-05 7
rVSVOmicron	399	C	133053	1.59106e-05	6.24551e-05	0.999914	8.07404e-06 8.6e-05 11
rVSVOmicron	400	T	132986	0	0.999866	0.000126545	7.06956e-06 0.000134 18
rVSVOmicron	401	G	134318	0.000211538	5.05903e-05	1.03534e-05	0.999728 0.000272 37
rVSVOmicron	402	C	134624	5.39853e-05	0.000238709	0.999688	1.92469e-05 0.000312 42
rVSVOmicron	403	A	134330	0.999837	2.22467e-05	2.62277e-05	0.00011498 0.000163 22
rVSVOmicron	404	A	134728	0.999948	0	6.9278e-06	4.51501e-05 5.2e-05 7
rVSVOmicron	405	C	135567	4.89604e-05	0.000227549	0.999715	8.62636e-06 0.000285 39
rVSVOmicron	406	G	135505	0.00018681	5.86851e-05	7.24796e-06	0.999747 0.000253 34
rVSVOmicron	407	A	134094	0.999967	8.68943e-06	0	2.41895e-05 3.3e-05 4
rVSVOmicron	408	C	128682	1.53593e-05	0.000111974	0.999864	9.16601e-06 0.000136 18
rVSVOmicron	409	C	128189	7.38858e-05	8.08281e-05	0.999826	1.88434e-05 0.000174 22
rVSVOmicron	410	C	126220	0.993596	1.86755e-05	0.00621237	0.000173127 0.993788 125436
rVSVOmicron	411	T	131050	2.70916e-05	0.999867	0.000103049	3.2915e-06 0.000133 17
rVSVOmicron	412	T	132182	2.8318e-05	0.999884	5.71462e-05	3.08691e-05 0.000116 15
rVSVOmicron	413	T	133148	2.37772e-06	0.999971	2.63927e-05	0 2.9e-05 4
rVSVOmicron	414	C	134538	2.62336e-05	7.09017e-05	0.999896	7.09017e-06 0.000104 14
rVSVOmicron	415	C	135149	7.71021e-05	0.000142216	0.999763	1.78651e-05 0.000237 32
rVSVOmicron	416	T	135773	2.60938e-05	0.999649	0.00032535	0 0.000351 48
rVSVOmicron	417	G	137793	0.000283989	4.99654e-05	0	0.999666 0.000334 46
rVSVOmicron	418	G	138868	4.13135e-05	4.774e-05	6.88558e-06	0.999904 9.6e-05 13
rVSVOmicron	419	A	139842	0.999942	0	0	5.8303e-05 5.8e-05 8
rVSVOmicron	420	T	140331	0	0.999896	0.000100438	3.82836e-06 0.000104 15
rVSVOmicron	421	C	141201	1.48054e-05	5.89972e-05	0.999901	2.49e-05 9.9e-05 14
rVSVOmicron	422	A	140982	0.999822	0.000127809	0	5.0633e-05 0.000178 25
rVSVOmicron	423	C	140301	1.33283e-05	4.1792e-05	0.999945	0 5.5e-05 8
rVSVOmicron	424	A	140105	0.999702	1.50046e-05	6.82027e-06	0.000276221 0.000298 42
rVSVOmicron	425	A	139451	0.999726	1.38612e-05	6.4534e-05	0.00019542 0.000274 38
rVSVOmicron	426	G	140274	0.000145434	0.000137535	0	0.999717 0.000283 40
rVSVOmicron	427	A	141107	0.999979	5.45325e-06	0	1.52236e-05 2.1e-05 3
rVSVOmicron	428	A	141296	0.999951	5.40053e-06	8.32582e-06	3.48784e-05 4.9e-05 7
rVSVOmicron	429	C	141392	6.49891e-06	0.000101966	0.999892	0 0.000108 15
rVSVOmicron	430	A	141138	0.999958	8.32274e-06	8.32274e-06	2.54181e-05 4.2e-05 6
rVSVOmicron	431	A	140723	0.999944	1.33147e-05	1.69878e-05	2.59408e-05 5.6e-05 8
rVSVOmicron	432	C	141378	4.15381e-05	7.47686e-05	0.999867	1.70643e-05 0.000133 19
rVSVOmicron	433	A	141168	0.999846	2.38866e-05	0	0.000129637 0.000154 22
rVSVOmicron	434	A	140956	0.999493	9.15863e-06	6.76329e-05	0.00043069 0.000507 71
rVSVOmicron	435	G	141657	5.08591e-05	7.73434e-05	1.78124e-05	0.999854 0.000146 21
rVSVOmicron	436	T	141789	0.000246568	0.999661	9.27772e-05	0 0.000339 48
rVSVOmicron	437	C	140576	3.4268e-05	4.27207e-05	0.999901	2.216e-05 9.9e-05 14
rVSVOmicron	438	T	140438	0	0.999975	2.52999e-05	0 2.5e-05 4
rVSVOmicron	439	T	140488	8.39113e-06	0.999743	0.000232003	1.67823e-05 0.000257 36
rVSVOmicron	440	G	141298	0.000151043	5.66694e-05	0	0.999792 0.000208 29
rVSVOmicron	441	G	141592	0.000249837	4.97433e-05	7.79759e-05	0.999622 0.000378 54
rVSVOmicron	442	A	141337	0.999825	1.69409e-05	0	0.000158263 0.000175 25
rVSVOmicron	443	T	141637	1.11433e-05	0.999964	2.51838e-05	0 3.6e-05 5
rVSVOmicron	444	G	142313	0.00071891	3.64713e-05	0	0.999245 0.000755 107
rVSVOmicron	445	G	141878	5.78079e-05	4.12914e-05	3.34795e-05	0.999867 0.000133 19
rVSVOmicron	446	A	141186	0.999826	1.63805e-05	0	0.000157165 0.000174 25
rVSVOmicron	447	G	141878	0.000176367	3.30135e-05	0	0.999791 0.000209 30
rVSVOmicron	448	T	142027	8.28498e-06	0.999932	5.93384e-05	0 6.8e-05 10
rVSVOmicron	449	C	141141	4.95788e-05	7.54848e-05	0.99985	2.47894e-05 0.00015 21
rVSVOmicron	450	T	141201	0	0.999605	0.000380546	1.48409e-05 0.000395 56
rVSVOmicron	451	G	142780	0.000104908	7.3238e-05	1.62751e-05	0.999806 0.000194 28
rVSVOmicron	452	A	142164	0.999633	5.44152e-05	8.62681e-06	0.000303487 0.000367 52
rVSVOmicron	453	G	142069	0.000115376	0.000104546	0	0.99978 0.00022 31
rVSVOmicron	454	T	142524	4.57474e-05	0.999817	0.000120282	1.65137e-05 0.000183 26
rVSVOmicron	455	T	143005	6.57649e-05	0.999819	0.000115089	0 0.000181 26
rVSVOmicron	456	C	143576	4.23e-05	7.91207e-05	0.999837	4.14233e-05 0.000163 23
rVSVOmicron	457	A	142773	0.999736	1.66982e-05	8.12941e-06	0.000239268 0.000264 38
rVSVOmicron	458	G	143352	8.13084e-05	0.000112953	2.43925e-05	0.999781 0.000219 31
rVSVOmicron	459	A	143769	0.999844	0	0	0.000155985 0.000156 22
rVSVOmicron	460	G	143842	0.00184839	0	0	0.998152 0.001848 266
rVSVOmicron	461	T	144184	4.00324e-05	0.998172	3.89445e-05	0.00174924 0.001828 264
rVSVOmicron	462	G	144170	0.000142534	1.65636e-05	0	0.999841 0.000159 23
rVSVOmicron	463	T	142484	1.45094e-05	0.999825	0.000122451	3.80323e-05 0.000175 25
rVSVOmicron	464	A	141871	0.999887	8.17387e-06	6.40655e-06	9.85283e-05 0.000113 16
rVSVOmicron	465	C	142051	6.9014e-05	0.00017198	0.999734	2.50758e-05 0.000266 38
rVSVOmicron	466	T	139608	1.7089e-05	0.999857	0.000125694	0 0.000143 20
rVSVOmicron	467	C	139444	0.000137716	1.70462e-05	0.999795	5.02415e-05 0.000205 29
rVSVOmicron	468	T	138965	8.41308e-06	0.999806	0.000179176	6.36666e-06 0.000194 27
rVSVOmicron	469	A	139745	0.999876	8.43338e-06	8.43338e-06	0.000106899 0.000124 17
rVSVOmicron	470	G	140083	4.25606e-05	7.6379e-05	8.51212e-06	0.999873 0.000127 18
rVSVOmicron	471	C	139523	3.94144e-05	0.00021021	0.999742	8.38122e-06 0.000258 36
rVSVOmicron	472	G	139731	0.000433165	5.84321e-05	2.50423e-05	0.999483 0.000517 72
rVSVOmicron	473	C	140050	4.2018e-05	0.000176656	0.999773	8.35842e-06 0.000227 32
rVSVOmicron	474	C	140527	3.3473e-05	9.12696e-05	0.999867	8.25666e-06 0.000133 19
rVSVOmicron	475	A	140228	0.999959	1.66035e-05	8.30176e-06	1.66035e-05 4.1e-05 6
rVSVOmicron	476	A	140264	0.999959	8.28927e-06	1.65785e-05	1.65785e-05 4.1e-05 6
rVSVOmicron	477	C	140309	1.64874e-05	8.42194e-05	0.999883	1.64874e-05 0.000117 16
rVSVOmicron	478	A	140287	0.999958	8.35494e-06	0	3.34198e-05 4.2e-05 6
rVSVOmicron	479	A	140579	0.999949	1.67758e-05	2.55084e-05	8.5028e-06 5.1e-05 7
rVSVOmicron	480	C	139454	4.10101e-05	9.21046e-05	0.999867	0 0.000133 19
rVSVOmicron	481	T	140008	4.22325e-05	0.999655	0.000287409	1.55233e-05 0.000345 48
rVSVOmicron	482	G	142131	0.000498112	4.16952e-05	4.12492e-05	0.999419 0.000581 83
rVSVOmicron	483	C	144412	4.71829e-05	0.000239594	0.999705	8.00811e-06 0.000295 43
rVSVOmicron	484	A	146024	0.999855	0	8.93473e-05	5.53611e-05 0.000145 21
rVSVOmicron	485	C	148116	2.98456e-05	0.000456151	0.999507	7.40848e-06 0.000493 73
rVSVOmicron	486	C	138157	1.68442e-05	0.000108577	0.999875	0 0.000125 17
rVSVOmicron	487	T	138345	4.9753e-05	0.999712	0.000136821	0.000101579 0.000288 40
rVSVOmicron	488	T	138792	8.37605e-06	0.999922	6.99513e-05	0 7.8e-05 11
rVSVOmicron	489	C	139239	5.24679e-05	0.000227661	0.999703	1.66636e-05 0.000297 41
rVSVOmicron	490	G	139671	8.76375e-05	1.46063e-05	0	0.999898 0.000102 14
rVSVOmicron	491	A	138663	0.999884	8.31947e-06	8.31947e-06	9.96088e-05 0.000116 16
rVSVOmicron	492	G	139340	6.71305e-05	4.05958e-05	8.39131e-06	0.999884 0.000116 16
rVSVOmicron	493	T	139667	8.35629e-06	0.999791	0.000192195	8.35629e-06 0.000209 29
rVSVOmicron	494	A	138874	0.999906	1.66058e-05	1.36886e-05	6.35061e-05 9.4e-05 13
rVSVOmicron	495	C	138417	7.59984e-05	0.0023462	0.997559	1.88295e-05 0.002441 338
rVSVOmicron	496	G	136430	0.00034585	1.70279e-05	8.51394e-06	0.999629 0.000371 51
rVSVOmicron	497	T	136663	1.7058e-05	0.999861	0.000119176	2.30514e-06 0.000139 19
rVSVOmicron	498	G	137443	0.000160697	3.3507e-05	0	0.999806 0.000194 27
rVSVOmicron	499	T	137117	5.04002e-05	0.999875	7.49193e-05	0 0.000125 17
rVSVOmicron	500	C	137016	2.55074e-05	4.25123e-05	0.999924	7.81307e-06 7.6e-05 10
rVSVOmicron	501	C	137740	0.000115268	0.000282719	0.999593	8.58129e-06 0.000407 56
rVSVOmicron	502	C	138114	0.000126077	0.000201085	0.999673	0 0.000327 45
rVSVOmicron	503	A	137450	0.999652	5.51188e-05	2.51777e-05	0.000268109 0.000348 48
rVSVOmicron	504	G	138204	0.000168946	8.00149e-05	0	0.999751 0.000249 34
rVSVOmicron	505	C	139329	0.000110869	0.00022151	0.999659	8.40603e-06 0.000341 48
rVSVOmicron	506	C	135879	0.000120893	9.95865e-05	0.99978	0 0.00022 30
rVSVOmicron	507	T	136069	4.33447e-05	0.99949	0.000386353	8.01291e-05 0.00051 69
rVSVOmicron	508	T	136612	1.84147e-05	0.99977	0.000128405	8.33637e-05 0.00023 31
rVSVOmicron	509	T	136725	2.7967e-05	0.999773	0.000184766	1.39835e-05 0.000227 31
rVSVOmicron	510	C	138343	5.8988e-05	9.45175e-05	0.99983	1.68537e-05 0.00017 24
rVSVOmicron	511	C	136147	0.000156204	0.000146238	0.999695	2.54932e-06 0.000305 42
rVSVOmicron	512	T	136306	5.61621e-05	0.999565	0.00036022	1.91043e-05 0.000435 59
rVSVOmicron	513	C	137775	7.93482e-05	8.43358e-05	0.999792	4.4435e-05 0.000208 29
rVSVOmicron	514	A	137501	0.999499	1.76233e-05	4.31056e-05	0.000440106 0.000501 69
rVSVOmicron	515	T	138691	1.6935e-05	0.999704	0.000265925	1.30445e-05 0.000296 41
rVSVOmicron	516	G	139803	0.000227683	0.00184038	8.43271e-06	0.997923 0.002077 290
rVSVOmicron	517	G	141412	4.09154e-05	4.09154e-05	2.65397e-05	0.999892 0.000108 15
rVSVOmicron	518	A	142603	0.999239	1.80036e-05	1.60514e-05	0.000726868 0.000761 109
rVSVOmicron	519	C	143870	5.33423e-05	0.000138075	0.999766	4.30251e-05 0.000234 34
rVSVOmicron	520	C	119047	4.92989e-05	0.000199304	0.999742	9.75432e-06 0.000258 31
rVSVOmicron	521	T	119428	4.8665e-05	0.999432	0.000490332	2.9199e-05 0.000568 68
rVSVOmicron	522	G	120169	0.000209095	0.000163583	5.04532e-05	0.999577 0.000423 51
rVSVOmicron	523	G	120861	8.1188e-05	0.000113921	9.53637e-06	0.999795 0.000205 25
rVSVOmicron	524	A	120748	0.999411	5.91542e-05	7.87861e-05	0.000451018 0.000589 71
rVSVOmicron	525	G	117778	0.000111532	6.18739e-05	9.82546e-06	0.999817 0.000183 22
rVSVOmicron	526	G	118163	0.000123225	0.000528909	9.86871e-06	0.999338 0.000662 78
rVSVOmicron	527	G	118078	0.000314067	4.56245e-05	2.20165e-05	0.999618 0.000382 45
rVSVOmicron	528	C	118314	3.43681e-05	0.000255006	0.999701	9.70702e-06 0.000299 35
rVSVOmicron	529	A	117860	0.999773	1.74672e-05	0	0.000209871 0.000227 27
rVSVOmicron	530	A	117154	0.999623	2.13289e-05	8.47393e-05	0.000270935 0.000377 44
rVSVOmicron	531	G	116920	0.000229544	2.95585e-05	2.21023e-05	0.999719 0.000281 33
rVSVOmicron	532	C	117241	5.87361e-05	0.000399776	0.999541	0 0.000459 54
rVSVOmicron	533	A	116883	0.99972	1.99091e-05	3.98182e-05	0.000220614 0.00028 33
rVSVOmicron	534	G	112455	8.40312e-05	9.21004e-05	1.02952e-05	0.999814 0.000186 21
rVSVOmicron	535	G	112926	6.46106e-05	6.48915e-05	4.38228e-05	0.999827 0.000173 20
rVSVOmicron	536	G	112996	0.00031905	1.99579e-05	1.82948e-05	0.999643 0.000357 40
rVSVOmicron	537	C	113208	7.08874e-05	0.000227989	0.999673	2.81907e-05 0.000327 37
