rVSVOmicron	8	T	9503	0	0.999894	0.000105747	0 0.000106 1
rVSVOmicron	9	G	10266	0.000697589	0.00149887	0.000116265	0.997687 0.002313 24
rVSVOmicron	10	T	10755	0	0.999826	0.000173928	0 0.000174 2
rVSVOmicron	11	T	11305	0	0.999896	0.000104037	0 0.000104 1
rVSVOmicron	12	C	11950	9.88002e-05	0.000296401	0.999605	0 0.000395 5
rVSVOmicron	14	T	12968	0	0.99976	0.000240424	0 0.00024 3
rVSVOmicron	15	C	13862	8.38597e-05	0.000537156	0.999379	0 0.000621 9
rVSVOmicron	16	G	14811	0.00033112	0	0	0.999669 0.000331 5
rVSVOmicron	17	T	15479	0	0.999851	0.000149068	0 0.000149 2
rVSVOmicron	18	G	16413	0.00029569	0	0	0.999704 0.000296 5
rVSVOmicron	19	C	17024	0	0.000202278	0.99973	6.7426e-05 0.00027 5
rVSVOmicron	20	T	17737	6.45731e-05	0.999677	0.000258292	0 0.000323 6
rVSVOmicron	21	C	18671	6.16717e-05	0.00019835	0.999678	6.16717e-05 0.000322 6
rVSVOmicron	22	C	19383	5.91744e-05	0	0.999941	0 5.9e-05 1
rVSVOmicron	23	T	20110	5.68576e-05	0.999579	0.000364196	0 0.000421 8
rVSVOmicron	24	G	21183	0.000317494	5.4135e-05	0	0.999628 0.000372 8
rVSVOmicron	25	C	21974	0.000117475	0.000209473	0.999673	0 0.000327 7
rVSVOmicron	26	C	22465	0	0.000156441	0.999787	5.67619e-05 0.000213 5
rVSVOmicron	27	T	23101	4.95835e-05	0.999901	4.95835e-05	0 9.9e-05 2
rVSVOmicron	28	C	23855	0	0.000191291	0.999761	4.78226e-05 0.000239 6
rVSVOmicron	29	T	24563	0.00287515	0.996849	0.00016379	0.000112133 0.003151 77
rVSVOmicron	30	G	26168	0.000265408	0	1.77729e-05	0.999717 0.000283 7
rVSVOmicron	31	G	26071	8.81563e-05	0	0	0.999912 8.8e-05 2
rVSVOmicron	32	T	26741	4.29464e-05	0.999914	4.29464e-05	0 8.6e-05 2
rVSVOmicron	33	G	27574	0.00014623	8.32386e-05	4.16193e-05	0.999729 0.000271 7
rVSVOmicron	34	T	28078	0	0.99994	5.96769e-05	0 6e-05 2
rVSVOmicron	35	C	28725	0	3.96113e-05	0.99996	0 4e-05 1
rVSVOmicron	36	T	29455	3.89481e-05	0.999922	3.89481e-05	0 7.8e-05 2
rVSVOmicron	37	A	30549	0.999925	0	0	7.46207e-05 7.5e-05 2
rVSVOmicron	38	G	31385	0.00011323	3.4683e-05	0	0.999852 0.000148 5
rVSVOmicron	39	C	32190	2.59261e-05	0.000187244	0.999787	0 0.000213 7
rVSVOmicron	40	C	33097	3.45016e-05	0.000207009	0.999724	3.45016e-05 0.000276 9
rVSVOmicron	41	A	33733	0.999847	3.48051e-05	4.89153e-05	6.96102e-05 0.000153 5
rVSVOmicron	42	G	34477	6.63618e-05	0	0	0.999934 6.6e-05 2
rVSVOmicron	43	T	35107	0	0.999934	3.28616e-05	3.28616e-05 6.6e-05 2
rVSVOmicron	44	G	36011	5.85366e-05	9.55523e-05	3.18508e-05	0.999814 0.000186 7
rVSVOmicron	45	C	36379	0	0.000561385	0.999407	3.16153e-05 0.000593 22
rVSVOmicron	46	G	38211	0.000598185	0.000172647	0.000115098	0.999114 0.000886 34
rVSVOmicron	47	T	39714	0	0.999808	0.000192408	0 0.000192 8
rVSVOmicron	48	G	42384	0.000157387	0.000181432	0	0.999661 0.000339 14
rVSVOmicron	49	A	45175	0.99974	0	0	0.00026006 0.00026 12
rVSVOmicron	50	A	47400	0.999198	0	0	0.000801979 0.000802 38
rVSVOmicron	51	C	49428	4.17544e-05	6.91752e-05	0.999866	2.30584e-05 0.000134 7
rVSVOmicron	52	C	36803	3.12519e-05	0.000125008	0.999844	0 0.000156 6
rVSVOmicron	53	T	37428	0	0.999524	0.000475945	0 0.000476 18
rVSVOmicron	54	G	38420	0.000125771	0.000133885	0	0.99974 0.00026 10
rVSVOmicron	55	A	39068	0.99975	0	6.57019e-05	0.000184286 0.00025 10
rVSVOmicron	56	C	41730	0	8.08737e-05	0.999919	0 8.1e-05 3
rVSVOmicron	57	C	42789	0	0.00023258	0.999767	0 0.000233 10
rVSVOmicron	58	A	43880	0.999973	0	2.65231e-05	0 2.7e-05 1
rVSVOmicron	59	C	44882	2.55968e-05	0.000125909	0.999823	2.55968e-05 0.000177 8
rVSVOmicron	60	A	46043	0.99957	0	0	0.000430189 0.00043 20
rVSVOmicron	61	C	43049	2.6715e-05	0.000809392	0.999137	2.6715e-05 0.000863 37
rVSVOmicron	62	G	43807	0.000259213	0.000112421	0	0.999628 0.000372 16
rVSVOmicron	63	G	44630	0.00010374	5.18699e-05	0	0.999844 0.000156 7
rVSVOmicron	64	A	44686	0.999843	3.21383e-05	0	0.00012506 0.000157 7
rVSVOmicron	65	C	45408	4.95097e-05	0.000127212	0.999823	0 0.000177 8
rVSVOmicron	66	C	46307	0	0.00015828	0.999842	0 0.000158 7
rVSVOmicron	67	C	47165	4.96648e-05	0.000194632	0.999756	0 0.000244 12
rVSVOmicron	68	A	48053	0.999898	0	2.42894e-05	7.74636e-05 0.000102 5
rVSVOmicron	69	G	48744	0.000383148	0.00121641	0.00023826	0.998162 0.001838 90
rVSVOmicron	70	C	49309	4.62338e-05	0.000193169	0.999751	9.5001e-06 0.000249 12
rVSVOmicron	71	T	50069	0.000155986	0.9997	0.000144131	0 0.0003 15
rVSVOmicron	72	C	51194	4.52834e-05	0.000173179	0.999719	6.24177e-05 0.000281 14
rVSVOmicron	73	C	52055	7.25255e-05	4.50999e-05	0.999882	0 0.000118 6
rVSVOmicron	74	C	52575	7.81242e-05	0.000124999	0.999797	0 0.000203 11
rVSVOmicron	75	T	53199	2.17702e-05	0.999609	0.000352442	1.70631e-05 0.000391 21
rVSVOmicron	76	C	54441	9.04393e-05	0	0.999862	4.78119e-05 0.000138 8
rVSVOmicron	77	C	55381	0.00137624	0.000164207	0.9984	5.91377e-05 0.0016 89
rVSVOmicron	78	C	56357	5.64243e-05	0.00013034	0.998523	0.00128986 0.001477 83
rVSVOmicron	79	G	57288	0.000403965	2.0419e-05	1.93153e-05	0.999556 0.000444 25
rVSVOmicron	80	C	58603	0	0.000111191	0.999889	0 0.000111 7
rVSVOmicron	81	C	58106	0.00014765	6.51395e-05	0.999767	2.00847e-05 0.000233 14
rVSVOmicron	82	T	58752	6.3061e-05	0.999506	0.000431187	0 0.000494 29
rVSVOmicron	83	A	59946	0.999916	0	0	8.38457e-05 8.4e-05 5
rVSVOmicron	84	C	60734	1.91915e-05	3.83829e-05	0.999904	3.83829e-05 9.6e-05 6
rVSVOmicron	85	A	61540	0.999924	0	0	7.58713e-05 7.6e-05 5
rVSVOmicron	86	C	62352	1.87114e-05	8.54655e-05	0.999879	1.66885e-05 0.000121 8
rVSVOmicron	87	A	63797	0.999939	1.86076e-05	2.41396e-05	1.86076e-05 6.1e-05 4
rVSVOmicron	88	A	63985	0.999834	0	0	0.000165568 0.000166 11
rVSVOmicron	89	A	62890	0.999941	0	2.43273e-05	3.51394e-05 5.9e-05 4
rVSVOmicron	90	C	63312	0.000130234	0.000132261	0.999738	0 0.000262 17
rVSVOmicron	91	T	63856	0	0.999949	5.06248e-05	0 5.1e-05 3
rVSVOmicron	92	C	64321	0	4.08082e-05	0.999941	1.81916e-05 5.9e-05 4
rVSVOmicron	93	T	64882	1.84874e-05	0.99983	0.000133409	1.84874e-05 0.00017 11
rVSVOmicron	94	T	65443	1.54931e-05	0.999888	9.69566e-05	0 0.000112 7
rVSVOmicron	95	T	66195	1.78609e-05	0.999964	1.78609e-05	0 3.6e-05 2
rVSVOmicron	96	C	67275	0	0.000387721	0.999612	0 0.000388 26
rVSVOmicron	97	A	68063	0.999909	0	0	9.096e-05 9.1e-05 6
rVSVOmicron	98	C	68876	3.41827e-05	0.000146893	0.999802	1.70913e-05 0.000198 14
rVSVOmicron	99	C	69703	5.50726e-05	8.56171e-05	0.999838	2.12886e-05 0.000162 11
rVSVOmicron	100	C	70587	8.86848e-05	0.000222626	0.99963	5.89708e-05 0.00037 26
rVSVOmicron	101	G	71585	0.000243162	6.61542e-05	0.000382175	0.999309 0.000691 49
rVSVOmicron	102	G	72350	9.06551e-05	3.39398e-05	1.65233e-05	0.999859 0.000141 10
rVSVOmicron	103	G	73087	0.000108504	5.51416e-05	0	0.999836 0.000164 12
rVSVOmicron	104	G	73730	0	1.62746e-05	0	0.999984 1.6e-05 1
rVSVOmicron	105	C	74530	1.58143e-05	0.000365437	0.999599	1.9661e-05 0.000401 30
rVSVOmicron	106	G	75243	0.000615453	4.70491e-05	0	0.999337 0.000663 50
rVSVOmicron	107	T	75780	0	0.999953	4.72292e-05	0 4.7e-05 4
rVSVOmicron	108	G	76855	0.000340047	0	0	0.99966 0.00034 26
rVSVOmicron	109	T	77410	0	0.999852	0.000128752	1.89826e-05 0.000148 11
rVSVOmicron	110	A	78453	0.999859	1.52819e-05	0	0.00012556 0.000141 11
rVSVOmicron	111	C	79040	6.00405e-05	0.000140632	0.999799	0 0.000201 16
rVSVOmicron	112	T	79714	1.48415e-05	0.999802	0.000182911	0 0.000198 16
rVSVOmicron	113	A	80997	0.999893	0	0	0.000106532 0.000107 9
rVSVOmicron	114	C	81255	1.45856e-05	7.64756e-05	0.999909	0 9.1e-05 7
rVSVOmicron	115	C	82102	3.23151e-05	6.8177e-05	0.9999	0 0.0001 8
rVSVOmicron	116	C	82876	0.000119388	0.000162838	0.999703	1.44832e-05 0.000297 25
rVSVOmicron	117	C	83708	0.000103795	0.000117738	0.99975	2.86599e-05 0.00025 21
rVSVOmicron	118	G	84804	0.000310361	2.80082e-05	5.82873e-05	0.999603 0.000397 34
rVSVOmicron	119	A	85828	0.999898	1.86735e-05	0	8.29103e-05 0.000102 9
rVSVOmicron	120	C	87182	5.43044e-05	0.000685409	0.999245	1.57776e-05 0.000755 66
rVSVOmicron	121	A	88514	0.999528	1.84969e-05	3.21847e-05	0.00042099 0.000472 42
rVSVOmicron	122	A	90421	0.999691	2.69002e-05	6.72505e-05	0.000214838 0.000309 28
rVSVOmicron	123	G	92298	7.56703e-05	7.14664e-05	1.2962e-05	0.99984 0.00016 15
rVSVOmicron	124	G	87947	0.000188078	0	0	0.999812 0.000188 17
rVSVOmicron	125	T	88570	0	0.99996	4.03669e-05	0 4e-05 4
rVSVOmicron	126	G	89737	9.62785e-05	4.27505e-05	1.32922e-05	0.999848 0.000152 14
rVSVOmicron	127	T	90266	0	0.999911	8.90945e-05	0 8.9e-05 8
rVSVOmicron	128	T	91019	2.62625e-05	0.999974	0	0 2.6e-05 2
rVSVOmicron	129	C	92251	2.59953e-05	0.000149649	0.999746	7.79859e-05 0.000254 23
rVSVOmicron	130	C	93110	5.47565e-05	0.000202634	0.999704	3.87132e-05 0.000296 28
rVSVOmicron	131	G	94620	0.000198388	0.000153845	1.26777e-05	0.999635 0.000365 35
rVSVOmicron	132	G	94725	3.80319e-05	1.26773e-05	1.54184e-05	0.999934 6.6e-05 6
rVSVOmicron	133	T	93494	0	0.999865	0.000119121	1.60221e-05 0.000135 13
rVSVOmicron	134	C	93884	4.12548e-05	0.000220713	0.999738	0 0.000262 25
rVSVOmicron	135	T	94481	2.52919e-05	0.997534	0.00244101	0 0.002466 233
rVSVOmicron	136	A	96148	0.999455	1.26706e-05	0.000327724	0.000204442 0.000545 52
rVSVOmicron	137	G	95955	0.000110246	4.11263e-05	2.9376e-05	0.999819 0.000181 17
rVSVOmicron	138	C	96736	1.24391e-05	0.000349304	0.999638	0 0.000362 35
rVSVOmicron	139	G	97496	0.000207214	1.23263e-05	0	0.99978 0.00022 21
rVSVOmicron	140	T	98056	2.45004e-05	0.999882	6.12511e-05	3.21155e-05 0.000118 12
rVSVOmicron	141	G	99223	0.000356513	4.58327e-05	6.80943e-05	0.99953 0.00047 47
rVSVOmicron	142	C	99814	0.000197123	0.000189943	0.999613	0 0.000387 39
rVSVOmicron	143	T	100436	1.19859e-05	0.99985	0.000137676	0 0.00015 15
rVSVOmicron	144	C	101728	5.91228e-05	0.000109297	0.999776	5.52878e-05 0.000224 23
rVSVOmicron	145	C	102498	0.000180505	0.000170018	0.999638	1.17582e-05 0.000362 37
rVSVOmicron	146	A	102249	0.999842	4.21999e-05	0.000104072	1.17398e-05 0.000158 16
rVSVOmicron	147	C	102346	2.33397e-05	1.16699e-05	0.999965	0 3.5e-05 4
rVSVOmicron	148	T	102612	0	0.999962	3.77848e-05	0 3.8e-05 4
rVSVOmicron	149	C	100812	2.33598e-05	4.95606e-05	0.999915	1.16799e-05 8.5e-05 9
rVSVOmicron	150	T	101020	1.17336e-05	0.999809	0.000178858	0 0.000191 19
rVSVOmicron	151	A	102024	0.999912	0	0	8.81569e-05 8.8e-05 9
rVSVOmicron	152	C	102827	6.02754e-05	1.14958e-05	0.999928	0 7.2e-05 7
rVSVOmicron	153	A	102901	0.999829	2.09846e-05	1.15885e-05	0.000138436 0.000171 18
rVSVOmicron	154	C	103734	1.1356e-05	0.000238169	0.99975	0 0.00025 26
rVSVOmicron	155	A	103795	0.999476	3.45213e-05	1.43061e-05	0.000475523 0.000524 54
rVSVOmicron	156	G	105002	0.000149525	8.42224e-05	2.53278e-05	0.999741 0.000259 27
rVSVOmicron	157	G	106316	0.000119876	4.7407e-05	1.11724e-05	0.999822 0.000178 19
rVSVOmicron	158	A	107336	0.999806	1.09972e-05	0	0.000183385 0.000194 21
rVSVOmicron	159	C	108833	7.71284e-05	0.000175534	0.995675	0.00407273 0.004325 471
rVSVOmicron	160	C	99802	8.29679e-05	0.000200853	0.999716	0 0.000284 28
rVSVOmicron	161	T	100325	5.85164e-05	0.999223	0.000678158	4.08034e-05 0.000777 78
rVSVOmicron	162	G	101255	0.000157001	5.07573e-05	0	0.999792 0.000208 21
rVSVOmicron	163	T	101556	1.13053e-05	0.9967	0.000130183	0.00315864 0.0033 335
rVSVOmicron	164	T	101875	3.84196e-05	0.996795	1.1846e-05	0.00315425 0.003205 327
rVSVOmicron	165	C	103394	2.3087e-05	0.000152873	0.999824	0 0.000176 18
rVSVOmicron	166	C	102371	2.56521e-05	0.000109803	0.999849	1.56415e-05 0.000151 15
rVSVOmicron	167	T	102353	3.70933e-05	0.999649	0.000313748	0 0.000351 36
rVSVOmicron	168	C	103209	1.42204e-05	9.15055e-05	0.999846	4.8535e-05 0.000154 16
rVSVOmicron	169	C	103782	2.19163e-05	0.000211962	0.999755	1.15843e-05 0.000245 25
rVSVOmicron	170	C	103518	0.000743301	0.000128893	0.999102	2.54067e-05 0.000898 93
rVSVOmicron	171	T	103561	1.15082e-05	0.999741	0.000236074	1.15082e-05 0.000259 27
rVSVOmicron	172	T	104227	0	0.999897	7.18728e-05	3.14443e-05 0.000103 11
rVSVOmicron	173	T	104702	1.13805e-05	0.999964	2.4914e-05	0 3.6e-05 4
rVSVOmicron	174	C	102973	2.27287e-05	4.76074e-05	0.999918	1.13643e-05 8.2e-05 8
rVSVOmicron	175	T	103242	4.59475e-05	0.999869	7.35781e-05	1.14869e-05 0.000131 14
rVSVOmicron	176	T	104557	1.12607e-05	0.999893	9.52593e-05	0 0.000107 11
rVSVOmicron	177	C	105439	0.000104927	0.000110922	0.999759	2.48826e-05 0.000241 25
rVSVOmicron	178	A	105502	0.999743	7.79638e-05	0	0.000179196 0.000257 27
rVSVOmicron	179	G	106122	0.000227848	3.98734e-05	3.26782e-05	0.9997 0.0003 32
rVSVOmicron	180	C	106895	1.36744e-05	9.42344e-05	0.999892	0 0.000108 12
rVSVOmicron	181	A	107101	0.999963	0	0	3.65097e-05 3.7e-05 4
rVSVOmicron	182	A	107459	0.999899	0	4.72068e-05	5.38218e-05 0.000101 11
rVSVOmicron	183	C	108310	3.24197e-05	0.000196855	0.999642	0.000128218 0.000358 39
rVSVOmicron	184	G	107464	0.000109513	8.46504e-05	0	0.999806 0.000194 21
rVSVOmicron	185	T	107985	1.09119e-05	0.999888	9.05391e-05	1.09119e-05 0.000112 12
rVSVOmicron	186	G	109147	6.44165e-05	2.14722e-05	1.07361e-05	0.999903 9.7e-05 11
rVSVOmicron	187	A	109500	0.99962	2.13547e-05	0	0.000358991 0.00038 42
rVSVOmicron	188	C	110428	4.85397e-05	8.21442e-05	0.999869	0 0.000131 14
rVSVOmicron	189	A	109530	0.999707	0.000107703	0	0.000185423 0.000293 32
rVSVOmicron	190	T	109400	2.14655e-05	0.999965	0	1.30534e-05 3.5e-05 4
rVSVOmicron	191	G	110791	7.4467e-05	5.83661e-05	1.06381e-05	0.999857 0.000143 16
rVSVOmicron	192	G	110054	0.000112204	3.96184e-05	0	0.999848 0.000152 17
rVSVOmicron	193	T	110236	1.10119e-05	0.999909	8.03568e-05	0 9.1e-05 10
rVSVOmicron	194	T	110764	1.05664e-05	0.999902	8.76729e-05	0 9.8e-05 11
rVSVOmicron	195	C	111941	3.41727e-05	0.000575241	0.999377	1.30995e-05 0.000623 70
rVSVOmicron	196	C	112485	3.34138e-05	0.00107207	0.998858	3.65287e-05 0.001142 128
rVSVOmicron	197	A	112700	0.999833	1.04332e-05	1.04332e-05	0.000145783 0.000167 19
rVSVOmicron	198	C	113403	3.92148e-05	0.000171985	0.999776	1.23247e-05 0.000224 25
rVSVOmicron	199	G	113671	0.000446977	1.03687e-05	2.07375e-05	0.999522 0.000478 54
rVSVOmicron	200	T	113843	1.04806e-05	0.999892	9.77248e-05	0 0.000108 12
rVSVOmicron	201	G	114354	0.000476879	6.58243e-05	2.05527e-05	0.999437 0.000563 64
rVSVOmicron	202	A	113985	0.999931	2.04721e-05	0	4.86904e-05 6.9e-05 8
rVSVOmicron	203	T	113166	1.29196e-05	0.999839	0.000128073	1.99412e-05 0.000161 18
rVSVOmicron	204	C	112657	3.11338e-05	0.000151742	0.999796	2.07559e-05 0.000204 23
rVSVOmicron	205	T	112841	2.07125e-05	0.999915	5.43004e-05	9.51657e-06 8.5e-05 10
rVSVOmicron	206	C	112451	3.33995e-05	0.000152964	0.999814	0 0.000186 21
rVSVOmicron	207	T	112812	2.07861e-05	0.999779	0.000189884	1.03931e-05 0.000221 25
rVSVOmicron	208	G	113912	0.000105753	5.67932e-05	5.67932e-05	0.999781 0.000219 25
rVSVOmicron	209	G	114374	0.000330645	8.74827e-05	0	0.999582 0.000418 48
rVSVOmicron	210	C	115004	3.06884e-05	0.000214542	0.999755	0 0.000245 28
rVSVOmicron	211	A	115191	0.998637	1.01803e-05	1.01803e-05	0.0013427 0.001363 157
rVSVOmicron	212	C	115877	0.000454196	0.000118474	0.999417	1.01236e-05 0.000583 68
rVSVOmicron	213	A	115753	0.999599	0.000355139	1.26053e-05	3.28833e-05 0.000401 46
rVSVOmicron	214	A	115937	0.999749	0	5.06738e-05	0.00020048 0.000251 29
rVSVOmicron	215	A	116195	0.999968	0	1.05529e-05	2.11058e-05 3.2e-05 4
rVSVOmicron	216	C	116357	2.01365e-05	0.000338784	0.999631	1.00683e-05 0.000369 43
rVSVOmicron	217	G	116667	0.000147283	1.01859e-05	2.03718e-05	0.999822 0.000178 21
rVSVOmicron	218	G	116834	0.0004855	6.76741e-05	1.01374e-05	0.999437 0.000563 66
rVSVOmicron	219	C	117137	4.25483e-05	0.000205153	0.999742	1.00273e-05 0.000258 30
rVSVOmicron	220	A	117114	0.999936	0	0	6.43428e-05 6.4e-05 7
rVSVOmicron	221	C	117782	1.98979e-05	1.98979e-05	0.99996	0 4e-05 5
rVSVOmicron	222	A	117864	0.999938	1.00098e-05	1.00098e-05	4.22035e-05 6.2e-05 7
rVSVOmicron	223	A	118060	0.999468	2.3293e-05	0.000385294	0.000123864 0.000532 63
rVSVOmicron	224	A	117956	0.999679	1.01753e-05	4.07014e-05	0.000270059 0.000321 38
rVSVOmicron	225	G	118472	0.000122723	4.0095e-05	0	0.999837 0.000163 19
rVSVOmicron	226	C	119152	5.91895e-05	0.000566033	0.999375	0 0.000625 74
rVSVOmicron	227	G	120030	0.000185603	4.16877e-05	0	0.999773 0.000227 27
rVSVOmicron	228	G	119939	0.000692926	2.68659e-05	1.22359e-05	0.999268 0.000732 88
rVSVOmicron	229	T	119745	9.84974e-06	0.998625	0.00128206	8.35897e-05 0.001375 165
rVSVOmicron	230	T	118974	0.00124068	0.998747	1.22945e-05	0 0.001253 149
rVSVOmicron	231	C	119600	8.04586e-05	0.00132348	0.998584	1.21347e-05 0.001416 169
rVSVOmicron	232	G	119860	0.000222061	5.00232e-05	1.95858e-05	0.999708 0.000292 35
rVSVOmicron	233	A	119474	0.999785	2.91571e-05	0	0.000186238 0.000215 26
rVSVOmicron	234	C	120256	3.11799e-05	0.000247343	0.999712	9.69459e-06 0.000288 35
rVSVOmicron	235	A	120323	0.999899	1.11194e-05	1.93266e-05	7.09526e-05 0.000101 12
rVSVOmicron	236	A	119939	0.999938	0	2.96754e-05	3.20815e-05 6.2e-05 7
rVSVOmicron	237	C	119999	2.19882e-05	0.00020955	0.999768	0 0.000232 28
rVSVOmicron	238	C	121489	1.94451e-05	0.000188933	0.999782	9.72256e-06 0.000218 26
rVSVOmicron	239	C	121569	9.41705e-05	0.000179924	0.999716	9.73271e-06 0.000284 35
rVSVOmicron	240	C	121958	9.94351e-05	0.000181338	0.999661	5.86144e-05 0.000339 41
rVSVOmicron	241	G	122400	0.000236207	4.41918e-05	0	0.99972 0.00028 34
rVSVOmicron	242	T	122332	9.73478e-06	0.99993	3.15723e-05	2.8415e-05 7e-05 9
rVSVOmicron	243	G	123166	0.000410175	4.91289e-05	9.46754e-06	0.999531 0.000469 58
rVSVOmicron	244	C	121759	5.72201e-05	0.000138778	0.999783	2.14899e-05 0.000217 26
rVSVOmicron	245	T	122163	9.47547e-06	0.999728	0.000262752	0 0.000272 33
rVSVOmicron	246	C	123558	4.66173e-05	0.000194621	0.99973	2.82761e-05 0.00027 33
rVSVOmicron	247	C	124247	5.50833e-05	9.47944e-05	0.999841	9.47944e-06 0.000159 20
rVSVOmicron	248	C	124294	0.000211664	0.00016974	0.99959	2.83752e-05 0.00041 51
rVSVOmicron	249	T	124425	1.8862e-05	0.999745	0.000186581	4.9449e-05 0.000255 32
rVSVOmicron	250	T	124916	9.54378e-06	0.999914	7.63502e-05	0 8.6e-05 11
rVSVOmicron	251	T	125059	1.8956e-05	0.999762	0.00021953	0 0.000238 30
rVSVOmicron	252	C	125675	1.8582e-05	5.7755e-05	0.999924	0 7.6e-05 10
rVSVOmicron	253	A	125611	0.999852	9.40228e-06	3.04939e-05	0.000107745 0.000148 19
rVSVOmicron	254	A	125853	0.99982	0	0	0.000179811 0.00018 23
rVSVOmicron	255	C	126614	1.83414e-05	0.000309077	0.999673	0 0.000327 41
rVSVOmicron	256	G	127034	0.000233703	2.77148e-05	1.67287e-05	0.999722 0.000278 35
rVSVOmicron	257	A	126481	0.999963	0	0	3.69556e-05 3.7e-05 5
rVSVOmicron	258	C	127010	2.74102e-05	0.00026299	0.999698	1.13592e-05 0.000302 38
rVSVOmicron	259	G	127392	0.000167425	7.04031e-05	9.20465e-06	0.999753 0.000247 31
rVSVOmicron	260	G	127568	9.64651e-05	6.40627e-05	2.05298e-05	0.999819 0.000181 23
rVSVOmicron	261	C	127769	2.04204e-05	0.000489352	0.99949	0 0.00051 65
rVSVOmicron	262	G	127818	0.000515061	4.29626e-05	0	0.999442 0.000558 71
rVSVOmicron	263	T	127948	1.6515e-05	0.999898	8.55779e-05	0 0.000102 13
rVSVOmicron	264	G	128645	0.000125038	4.37145e-05	7.08224e-06	0.999824 0.000176 23
rVSVOmicron	265	T	128569	0	0.999915	6.52991e-05	1.94923e-05 8.5e-05 11
rVSVOmicron	266	A	128848	0.999897	0	3.81203e-05	6.46064e-05 0.000103 13
rVSVOmicron	267	C	129117	2.68264e-05	0.000130474	0.999843	0 0.000157 20
rVSVOmicron	268	T	128845	1.86779e-05	0.999772	0.000161034	4.87141e-05 0.000228 29
rVSVOmicron	269	T	125345	1.15834e-05	0.999947	4.12972e-05	0 5.3e-05 7
rVSVOmicron	270	C	126041	7.4625e-05	0.000315607	0.999591	1.83463e-05 0.000409 52
rVSVOmicron	271	G	126481	0.000304455	3.88666e-05	3.9614e-05	0.999617 0.000383 48
rVSVOmicron	272	C	126787	4.80815e-05	0.000158371	0.999794	0 0.000206 26
rVSVOmicron	273	C	127361	4.55976e-05	0.000300697	0.999606	4.78158e-05 0.000394 50
rVSVOmicron	274	A	127017	0.999631	1.83676e-05	2.97853e-05	0.000320936 0.000369 47
rVSVOmicron	275	G	127559	0.000226723	2.72362e-05	3.85232e-05	0.999708 0.000292 37
rVSVOmicron	276	C	128287	3.94568e-05	0.00021738	0.999707	3.62708e-05 0.000293 38
rVSVOmicron	277	A	127901	0.999887	1.81549e-05	7.48278e-05	2.0363e-05 0.000113 14
rVSVOmicron	278	T	128274	0	0.999964	3.6195e-05	0 3.6e-05 5
rVSVOmicron	279	A	127739	0.999781	0	9.15671e-06	0.000210109 0.000219 28
rVSVOmicron	280	G	128364	0.000132571	7.3211e-05	7.76631e-05	0.999717 0.000283 36
rVSVOmicron	281	A	128262	0.999899	9.02005e-06	9.02005e-06	8.33745e-05 0.000101 13
rVSVOmicron	282	G	128973	0.000140081	0.000262804	4.7427e-05	0.99955 0.00045 58
rVSVOmicron	283	A	129755	0.999895	2.92904e-06	4.56443e-05	5.63841e-05 0.000105 14
rVSVOmicron	284	A	128892	0.999889	1.10721e-05	2.54155e-05	7.47366e-05 0.000111 14
rVSVOmicron	285	G	129548	0.000118649	1.79551e-05	1.11613e-05	0.999852 0.000148 19
rVSVOmicron	286	T	129846	9.02442e-06	0.999876	0.000114878	0 0.000124 16
rVSVOmicron	287	C	129430	1.60181e-05	1.79597e-05	0.999948	1.79597e-05 5.2e-05 7
rVSVOmicron	288	T	129556	0	0.99981	0.000179058	1.11007e-05 0.00019 25
rVSVOmicron	289	A	130409	0.998785	3.52397e-05	0.00112164	5.76869e-05 0.001215 158
rVSVOmicron	290	A	130759	0.998844	0.00110885	0	4.75671e-05 0.001156 151
rVSVOmicron	291	C	130680	3.3176e-05	0.000104336	0.999836	2.66851e-05 0.000164 21
rVSVOmicron	292	A	129601	0.99998	0	0	2.00961e-05 2e-05 3
rVSVOmicron	293	T	129896	1.13928e-05	0.999933	1.83276e-05	3.73982e-05 6.7e-05 9
rVSVOmicron	294	T	130156	0	0.9999	8.1541e-05	1.81202e-05 0.0001 13
rVSVOmicron	295	A	130483	0.999925	0	3.59674e-05	3.86773e-05 7.5e-05 10
rVSVOmicron	296	T	130620	1.23758e-05	0.999914	5.58126e-05	1.79571e-05 8.6e-05 11
rVSVOmicron	297	C	130828	1.6294e-05	9.4649e-05	0.999889	0 0.000111 15
rVSVOmicron	298	C	131166	3.34086e-05	0.000256693	0.999681	2.86016e-05 0.000319 42
rVSVOmicron	299	G	131690	0.000145894	7.48604e-05	0.000108823	0.99967 0.00033 43
rVSVOmicron	300	G	132130	0.000341301	5.31712e-05	8.86186e-06	0.999597 0.000403 53
rVSVOmicron	301	G	132403	0.000117187	7.36878e-06	1.18851e-05	0.999864 0.000136 18
rVSVOmicron	302	G	132668	0.000142214	1.62732e-05	8.72623e-06	0.999833 0.000167 22
rVSVOmicron	303	C	132514	2.7955e-05	0.000181588	0.999744	4.63527e-05 0.000256 34
rVSVOmicron	304	T	132471	7.02297e-05	0.999549	0.000337862	4.247e-05 0.000451 60
rVSVOmicron	305	G	134168	0.000180608	4.15351e-05	1.93675e-05	0.999758 0.000242 32
rVSVOmicron	306	G	134503	0.000141944	1.94733e-05	4.90351e-05	0.99979 0.00021 28
rVSVOmicron	307	A	133765	0.999925	0	0	7.53688e-05 7.5e-05 10
rVSVOmicron	308	T	134003	0	0.999982	8.77226e-06	8.77226e-06 1.8e-05 2
rVSVOmicron	309	T	134023	1.74919e-05	0.999771	1.08733e-05	0.00020092 0.000229 31
rVSVOmicron	310	T	134330	0	0.99989	0.000102313	7.27453e-06 0.00011 15
rVSVOmicron	311	T	133558	0	0.999931	6.86365e-05	0 6.9e-05 9
rVSVOmicron	312	C	134190	0	0.000376485	0.999604	1.92061e-05 0.000396 53
rVSVOmicron	313	G	134016	0.000241268	7.00379e-05	4.00551e-05	0.999649 0.000351 47
rVSVOmicron	314	G	133340	0.000271778	5.23739e-05	8.72898e-06	0.999667 0.000333 44
rVSVOmicron	315	C	133647	7.2754e-05	0.000217796	0.999709	0 0.000291 39
rVSVOmicron	316	A	132655	0.999884	3.45745e-05	1.72872e-05	6.44767e-05 0.000116 15
rVSVOmicron	317	C	132745	4.44672e-05	0.000324142	0.999623	8.19132e-06 0.000377 50
rVSVOmicron	318	C	133076	2.82285e-05	0.000351915	0.999553	6.65722e-05 0.000447 59
rVSVOmicron	319	A	133017	0.998974	2.07831e-05	0.00095071	5.42669e-05 0.001026 136
rVSVOmicron	320	C	133643	0.00119423	0.000191503	0.998592	2.20251e-05 0.001408 188
rVSVOmicron	321	A	133534	0.998672	1.74093e-05	0.00125582	5.43452e-05 0.001328 177
rVSVOmicron	322	C	132617	0	7.94657e-05	0.999921	0 7.9e-05 10
rVSVOmicron	323	T	132548	0.0021124	0.997791	7.87507e-05	1.73957e-05 0.002209 293
rVSVOmicron	324	C	133830	4.27715e-05	0.00223568	0.997666	5.54874e-05 0.002334 312
rVSVOmicron	325	G	134020	0.000180494	6.02422e-05	2.79114e-05	0.999731 0.000269 36
rVSVOmicron	326	A	132849	0.999799	2.578e-05	0	0.00017535 0.000201 27
rVSVOmicron	327	C	133191	2.80142e-05	7.05024e-05	0.999901	0 9.9e-05 13
rVSVOmicron	328	T	132557	5.19531e-05	0.999863	7.79296e-05	7.25471e-06 0.000137 18
rVSVOmicron	329	C	132728	3.65084e-05	0.0341175	0.965829	1.72078e-05 0.034171 4535
rVSVOmicron	330	T	132804	0	0.99986	0.00013454	5.64505e-06 0.00014 19
rVSVOmicron	331	A	133479	0.999795	0	1.6948e-05	0.00018784 0.000205 27
rVSVOmicron	332	A	132817	0.998751	0.00116739	1.17918e-05	6.98073e-05 0.001249 166
rVSVOmicron	333	G	133280	5.61047e-05	2.80524e-05	0	0.999916 8.4e-05 11
rVSVOmicron	334	A	133404	0.999948	8.59451e-06	0	4.29725e-05 5.2e-05 7
rVSVOmicron	335	C	133882	1.70739e-05	7.03721e-05	0.999913	0 8.7e-05 12
rVSVOmicron	336	A	133565	0.999913	8.6825e-06	1.7365e-05	6.12468e-05 8.7e-05 12
rVSVOmicron	337	C	133755	3.22796e-05	0.00127182	0.998677	1.91372e-05 0.001323 177
rVSVOmicron	338	A	133192	0.99855	3.45487e-05	6.23276e-05	0.001353 0.00145 193
rVSVOmicron	339	G	133890	8.07758e-05	8.7389e-06	3.68451e-05	0.999874 0.000126 17
rVSVOmicron	340	T	134031	4.50188e-05	0.999901	5.36049e-05	0 9.9e-05 13
rVSVOmicron	341	C	134737	5.32869e-05	0.00109319	0.998836	1.70703e-05 0.001164 157
rVSVOmicron	342	C	135219	5.32143e-05	0.000176681	0.99977	0 0.00023 31
rVSVOmicron	343	C	133231	3.33401e-05	8.88292e-05	0.999859	1.91181e-05 0.000141 19
rVSVOmicron	344	T	133193	2.37927e-05	0.999699	0.000277428	0 0.000301 40
rVSVOmicron	345	C	134812	3.41242e-05	7.03235e-05	0.99987	2.55931e-05 0.00013 18
rVSVOmicron	346	C	134386	0.000146457	9.05537e-05	0.999746	1.70943e-05 0.000254 34
rVSVOmicron	347	T	134377	2.74124e-05	0.999784	0.000169585	1.92816e-05 0.000216 29
rVSVOmicron	348	G	135433	0.000105927	2.75135e-05	0	0.999867 0.000133 18
rVSVOmicron	349	A	131138	0.999913	8.70306e-06	0	7.83275e-05 8.7e-05 11
rVSVOmicron	350	T	131292	0	0.999852	6.72153e-05	8.06097e-05 0.000148 19
rVSVOmicron	351	T	132110	1.53088e-05	0.99993	5.44051e-05	0 7e-05 9
rVSVOmicron	352	G	130271	0.00145783	1.73835e-05	0	0.998525 0.001475 192
rVSVOmicron	353	T	130210	1.75237e-05	0.999872	5.68337e-05	5.35184e-05 0.000128 17
rVSVOmicron	354	G	131022	0.000117855	6.66034e-05	1.96031e-05	0.999796 0.000204 27
rVSVOmicron	355	A	130861	0.999937	1.88471e-05	0	4.41356e-05 6.3e-05 8
rVSVOmicron	356	A	131055	0.999906	8.76542e-06	8.76542e-06	7.60459e-05 9.4e-05 12
rVSVOmicron	357	C	131674	1.73922e-05	8.34356e-05	0.99989	8.69611e-06 0.00011 14
rVSVOmicron	358	A	128891	0.999982	0	8.91102e-06	8.91102e-06 1.8e-05 2
rVSVOmicron	359	A	128962	0.999939	0	1.80588e-05	4.27067e-05 6.1e-05 8
rVSVOmicron	360	C	129320	1.7713e-05	0.000444979	0.999502	3.5426e-05 0.000498 64
rVSVOmicron	361	G	129425	0.000598408	8.92426e-06	0	0.999393 0.000607 79
rVSVOmicron	362	C	129542	3.75024e-05	4.4474e-05	0.999865	5.33688e-05 0.000135 17
rVSVOmicron	363	C	129847	6.59712e-05	0.0001348	0.99979	8.81204e-06 0.00021 27
rVSVOmicron	364	A	129008	0.999946	8.92099e-06	0	4.50871e-05 5.4e-05 7
rVSVOmicron	365	C	129327	1.76422e-05	4.41055e-05	0.999938	0 6.2e-05 8
rVSVOmicron	366	A	129276	0.999868	8.93721e-06	6.98068e-05	5.36233e-05 0.000132 17
rVSVOmicron	367	A	128852	0.999904	9.2425e-06	3.697e-05	4.94599e-05 9.6e-05 12
rVSVOmicron	368	A	126875	0.999916	9.47239e-06	4.58259e-05	2.84172e-05 8.4e-05 11
rVSVOmicron	369	C	127216	8.84822e-06	0.00012707	0.999802	6.19376e-05 0.000198 25
rVSVOmicron	370	G	126315	0.000137097	4.5535e-05	1.8214e-05	0.999799 0.000201 25
rVSVOmicron	371	T	125926	4.53117e-05	0.999837	3.02927e-05	8.70596e-05 0.000163 21
rVSVOmicron	372	G	126295	0.000218662	6.44866e-05	3.65671e-05	0.99968 0.00032 40
rVSVOmicron	373	G	125313	3.33908e-05	3.24014e-05	0	0.999934 6.6e-05 8
rVSVOmicron	374	T	125268	2.81152e-05	0.999843	0.0001193	9.37175e-06 0.000157 20
rVSVOmicron	375	G	126300	0.000131056	4.53183e-05	1.81273e-05	0.999806 0.000194 25
rVSVOmicron	376	A	126830	0.999964	9.06302e-06	9.06302e-06	1.8126e-05 3.6e-05 5
rVSVOmicron	377	T	127239	2.23519e-05	0.999863	9.56861e-05	1.85847e-05 0.000137 17
rVSVOmicron	378	T	127755	2.685e-05	0.999907	3.58001e-05	3.04784e-05 9.3e-05 12
rVSVOmicron	379	A	128597	0.999863	2.94058e-05	3.06209e-05	7.67953e-05 0.000137 18
rVSVOmicron	380	A	129524	0.999542	8.85906e-05	6.20134e-05	0.000307194 0.000458 59
rVSVOmicron	381	G	130707	0.000158801	0.000112235	0	0.999729 0.000271 35
rVSVOmicron	382	G	128015	3.62467e-05	3.62467e-05	9.06168e-06	0.999918 8.2e-05 10
rVSVOmicron	383	T	127876	1.79582e-05	0.999973	8.9791e-06	0 2.7e-05 3
rVSVOmicron	384	G	128772	2.89034e-05	2.67357e-05	0	0.999944 5.6e-05 7
rVSVOmicron	385	T	128747	8.88953e-05	0.999819	8.07266e-05	1.10519e-05 0.000181 23
rVSVOmicron	386	G	128909	0.000154851	2.47666e-05	0	0.99982 0.00018 23
rVSVOmicron	387	C	129182	3.53343e-05	0.000810753	0.999136	1.79092e-05 0.000864 112
rVSVOmicron	388	G	129565	8.88294e-05	6.41679e-05	1.7718e-05	0.999829 0.000171 22
rVSVOmicron	389	A	128884	0.999938	0	0	6.20315e-05 6.2e-05 8
rVSVOmicron	390	G	129577	8.16259e-05	2.64926e-05	4.31997e-05	0.999849 0.000151 20
rVSVOmicron	391	T	129755	3.73996e-05	0.999811	0.000133327	1.79712e-05 0.000189 25
rVSVOmicron	392	T	129970	0	0.999928	7.24417e-05	0 7.2e-05 9
rVSVOmicron	393	C	132018	1.21365e-05	0.000288897	0.999662	3.73614e-05 0.000338 45
rVSVOmicron	394	C	132550	6.017e-05	0.000115621	0.999807	1.74611e-05 0.000193 26
rVSVOmicron	395	A	132387	0.999501	5.04946e-05	1.72991e-05	0.00043084 0.000499 66
rVSVOmicron	396	G	130687	6.42759e-05	1.76163e-05	8.80817e-06	0.999909 9.1e-05 12
rVSVOmicron	397	T	130870	0.000955536	0.998987	4.81783e-05	9.00301e-06 0.001013 133
rVSVOmicron	398	T	131127	1.7705e-05	0.999016	0.000966119	0 0.000984 129
rVSVOmicron	399	C	130157	5.19541e-05	8.02057e-05	0.999832	3.54342e-05 0.000168 22
rVSVOmicron	400	T	130364	0	0.999714	0.000286298	0 0.000286 37
rVSVOmicron	401	G	131676	0.000203087	3.49905e-05	0	0.999762 0.000238 31
rVSVOmicron	402	C	131812	2.59744e-05	0.000187724	0.999786	0 0.000214 28
rVSVOmicron	403	A	131602	0.999865	4.36367e-05	0	9.17551e-05 0.000135 18
rVSVOmicron	404	A	131942	0.999966	0	8.83853e-06	2.48434e-05 3.4e-05 4
rVSVOmicron	405	C	132551	1.7357e-05	0.000864566	0.999118	0 0.000882 117
rVSVOmicron	406	G	133078	0.000121263	3.62853e-05	8.66165e-06	0.999834 0.000166 22
rVSVOmicron	407	A	132950	0.999948	8.6657e-06	0	4.33285e-05 5.2e-05 7
rVSVOmicron	408	C	133609	1.7382e-05	8.90238e-05	0.999885	8.69098e-06 0.000115 15
rVSVOmicron	409	C	133993	8.13471e-05	4.37477e-05	0.999875	0 0.000125 17
rVSVOmicron	410	C	133685	6.25563e-05	9.09057e-05	0.999847	0 0.000153 20
rVSVOmicron	411	T	133410	4.41432e-05	0.999596	0.000233601	0.000126226 0.000404 54
rVSVOmicron	412	T	134313	9.04959e-06	0.999858	5.33192e-05	7.97342e-05 0.000142 19
rVSVOmicron	413	T	134509	2.73673e-05	0.999846	0.000111556	1.5539e-05 0.000154 21
rVSVOmicron	414	C	135682	8.58321e-06	9.48793e-05	0.999897	0 0.000103 14
rVSVOmicron	415	C	135279	1.92088e-05	0.00010669	0.999812	6.24866e-05 0.000188 25
rVSVOmicron	416	T	135081	1.72688e-05	0.999602	0.000355178	2.59032e-05 0.000398 54
rVSVOmicron	417	G	136359	0.00014447	6.05243e-05	2.57402e-05	0.999769 0.000231 31
rVSVOmicron	418	G	136654	0.000152899	0.000312465	5.21925e-05	0.999482 0.000518 71
rVSVOmicron	419	A	136534	0.999975	8.37734e-06	0	1.67547e-05 2.5e-05 3
rVSVOmicron	420	T	136705	2.52515e-05	0.997403	0.00257133	0 0.002597 355
rVSVOmicron	421	C	137492	6.26981e-05	5.86238e-05	0.999862	1.67497e-05 0.000138 19
rVSVOmicron	422	A	137189	0.999751	0.000108866	0	0.000139745 0.000249 34
rVSVOmicron	423	C	137883	2.50632e-05	0.000135477	0.999823	1.67088e-05 0.000177 24
rVSVOmicron	424	A	137649	0.999847	0	4.31775e-06	0.000148849 0.000153 21
rVSVOmicron	425	A	137011	0.998789	1.04889e-05	0	0.0012003 0.001211 166
rVSVOmicron	426	G	137661	5.37033e-05	5.32383e-05	8.60182e-06	0.999884 0.000116 16
rVSVOmicron	427	A	138418	0.999964	1.6818e-05	0	1.88635e-05 3.6e-05 5
rVSVOmicron	428	A	138647	0.999965	0	8.35735e-06	2.71049e-05 3.5e-05 5
rVSVOmicron	429	C	138755	1.66163e-05	8.71235e-05	0.999896	0 0.000104 14
rVSVOmicron	430	A	138515	0.999919	0	0	8.08292e-05 8.1e-05 11
rVSVOmicron	431	A	138673	0.999631	8.43768e-06	8.43768e-06	0.000351874 0.000369 51
rVSVOmicron	432	C	139342	1.65754e-05	5.46541e-05	0.999929	0 7.1e-05 10
rVSVOmicron	433	A	139146	0.999781	7.39326e-06	4.57458e-05	0.000165424 0.000219 30
rVSVOmicron	434	A	137808	0.99991	2.63726e-05	3.73017e-05	2.63726e-05 9e-05 12
rVSVOmicron	435	G	138432	0.000156898	2.60714e-05	1.73809e-05	0.9998 0.0002 28
rVSVOmicron	436	T	138562	8.53698e-06	0.999891	0.000100137	0 0.000109 15
rVSVOmicron	437	C	137285	0.000117621	2.75675e-05	0.999836	1.90675e-05 0.000164 23
rVSVOmicron	438	T	136943	0	0.99981	0.000190474	0 0.00019 26
rVSVOmicron	439	T	138085	1.68059e-05	0.999922	5.24616e-05	8.40294e-06 7.8e-05 11
rVSVOmicron	440	G	138651	0.000104279	8.77663e-05	8.36946e-06	0.9998 0.0002 28
rVSVOmicron	441	G	138901	0.00018032	5.68133e-05	2.4926e-05	0.999738 0.000262 36
rVSVOmicron	442	A	138642	0.999795	8.2741e-06	0	0.000196789 0.000205 28
rVSVOmicron	443	T	138354	8.31903e-06	0.999884	6.65523e-05	4.15952e-05 0.000116 16
rVSVOmicron	444	G	139092	5.83124e-05	8.33034e-05	4.9982e-05	0.999808 0.000192 27
rVSVOmicron	445	G	138848	4.35462e-05	1.66104e-05	5.38716e-05	0.999886 0.000114 16
rVSVOmicron	446	A	138253	0.999703	4.1224e-05	8.24481e-06	0.000248013 0.000297 41
rVSVOmicron	447	G	138915	0.000118293	6.7946e-05	8.24263e-06	0.999806 0.000194 27
rVSVOmicron	448	T	138232	3.33794e-05	0.998846	0.00106025	6.04438e-05 0.001154 160
rVSVOmicron	449	C	133792	2.57851e-05	4.50658e-05	0.999929	0 7.1e-05 9
rVSVOmicron	450	T	134017	2.20596e-05	0.99873	0.0012312	1.70042e-05 0.00127 170
rVSVOmicron	451	G	136037	0.000103171	0.000100894	3.57569e-05	0.99976 0.00024 33
rVSVOmicron	452	A	136089	0.99972	5.47547e-05	0	0.000225635 0.00028 38
rVSVOmicron	453	G	136363	7.57569e-05	3.36697e-05	1.68349e-05	0.999874 0.000126 17
rVSVOmicron	454	T	136552	2.76665e-05	0.9999	6.36329e-05	8.53049e-06 0.0001 14
rVSVOmicron	455	T	136524	0	0.999896	0.000104155	0 0.000104 14
rVSVOmicron	456	C	137124	5.23713e-05	5.44118e-05	0.999883	1.04289e-05 0.000117 16
rVSVOmicron	457	A	136301	0.999723	1.6839e-05	8.41949e-06	0.00025213 0.000277 38
rVSVOmicron	458	G	136959	5.3368e-05	5.04157e-05	2.52078e-05	0.999871 0.000129 18
rVSVOmicron	459	A	136716	0.999888	3.57183e-05	8.47165e-06	6.77732e-05 0.000112 15
rVSVOmicron	460	G	136992	6.10127e-05	8.42339e-06	8.42339e-06	0.999922 7.8e-05 11
rVSVOmicron	461	T	137375	0	0.999967	2.50668e-05	8.3556e-06 3.3e-05 5
rVSVOmicron	462	G	137843	8.53016e-05	4.17481e-05	8.34963e-06	0.999865 0.000135 19
rVSVOmicron	463	T	134694	1.70596e-05	0.999516	0.00040528	6.17834e-05 0.000484 65
rVSVOmicron	464	A	134460	0.999505	0	8.54591e-06	0.000486886 0.000495 67
rVSVOmicron	465	C	134585	0.00040479	9.00565e-05	0.99946	4.50283e-05 0.00054 73
rVSVOmicron	466	T	132857	1.73098e-05	0.999456	0.000518828	7.71926e-06 0.000544 72
rVSVOmicron	467	C	132337	6.36519e-05	0.000114667	0.999813	8.65853e-06 0.000187 25
rVSVOmicron	468	T	132045	1.97189e-05	0.999718	0.000244467	1.75807e-05 0.000282 37
rVSVOmicron	469	A	132719	0.999875	1.9608e-05	0	0.000105363 0.000125 17
rVSVOmicron	470	G	132686	1.77318e-05	6.42178e-05	8.86589e-06	0.999909 9.1e-05 12
rVSVOmicron	471	C	132676	1.74404e-05	0.000296722	0.999677	8.72019e-06 0.000323 43
rVSVOmicron	472	G	132832	0.0028282	6.31514e-05	1.07991e-05	0.997098 0.002902 385
rVSVOmicron	473	C	133056	6.30883e-05	0.000126177	0.999802	8.70995e-06 0.000198 26
rVSVOmicron	474	C	133515	4.51234e-05	4.51234e-05	0.999899	1.06994e-05 0.000101 13
rVSVOmicron	475	A	133214	0.999935	0	8.64493e-06	5.60752e-05 6.5e-05 9
rVSVOmicron	476	A	133390	0.999981	0	0	1.93679e-05 1.9e-05 3
rVSVOmicron	477	C	133895	7.90897e-05	8.00147e-05	0.999841	0 0.000159 21
rVSVOmicron	478	A	133787	0.999896	0	0	0.000103902 0.000104 14
rVSVOmicron	479	A	133951	0.999946	0	8.31298e-06	4.60777e-05 5.4e-05 7
rVSVOmicron	480	C	132166	9.52556e-05	0.000218128	0.999238	0.000448895 0.000762 101
rVSVOmicron	481	T	132715	4.62347e-05	0.999123	0.000314348	0.00051597 0.000877 116
rVSVOmicron	482	G	134517	0.000590206	0.000561324	8.61784e-06	0.99884 0.00116 156
rVSVOmicron	483	C	136497	5.03088e-05	0.000224577	0.999254	0.000471362 0.000746 102
rVSVOmicron	484	A	138323	0.999924	1.83488e-05	0	5.79553e-05 7.6e-05 11
rVSVOmicron	485	C	140712	4.90294e-05	0.000102476	0.99984	8.17156e-06 0.00016 23
rVSVOmicron	486	C	133841	0.0001112	0.000107486	0.999771	1.04468e-05 0.000229 31
rVSVOmicron	487	T	133630	0.000144199	0.99947	0.00034622	3.91769e-05 0.00053 71
rVSVOmicron	488	T	133859	0	0.999938	5.36739e-05	8.59713e-06 6.2e-05 8
rVSVOmicron	489	C	133906	0.000105132	0.000207485	0.999666	2.10727e-05 0.000334 45
rVSVOmicron	490	G	133933	8.10184e-05	4.69907e-05	0	0.999872 0.000128 17
rVSVOmicron	491	A	133349	0.999945	1.89264e-05	0	3.62371e-05 5.5e-05 7
rVSVOmicron	492	G	134025	0.000303506	1.72367e-05	8.61837e-06	0.999671 0.000329 44
rVSVOmicron	493	T	134178	0	0.999901	9.91138e-05	0 9.9e-05 13
rVSVOmicron	494	A	134279	0.99984	1.03308e-05	0	0.000149223 0.00016 21
rVSVOmicron	495	C	134304	4.27327e-05	0.00030629	0.999623	2.77185e-05 0.000377 51
rVSVOmicron	496	G	134406	0.00028152	8.5379e-06	0	0.99971 0.00029 39
rVSVOmicron	497	T	134121	8.60756e-06	0.999815	0.000176339	0 0.000185 25
rVSVOmicron	498	G	134361	0.000114814	3.61237e-05	1.0584e-05	0.999838 0.000162 22
rVSVOmicron	499	T	134067	8.66254e-05	0.99982	7.63128e-05	1.69584e-05 0.00018 24
rVSVOmicron	500	C	134725	3.42284e-05	0.000147321	0.999801	1.71142e-05 0.000199 27
rVSVOmicron	501	C	135118	3.45289e-05	0.000268299	0.999689	8.63222e-06 0.000311 42
rVSVOmicron	502	C	135482	6.15255e-05	0.000151059	0.999768	1.90546e-05 0.000232 31
rVSVOmicron	503	A	134986	0.999745	2.83056e-05	1.68921e-05	0.000209325 0.000255 34
rVSVOmicron	504	G	135687	0.000201543	0.000112249	0	0.999686 0.000314 43
rVSVOmicron	505	C	136375	4.45336e-05	0.00023736	0.99971	8.49353e-06 0.00029 40
rVSVOmicron	506	C	132976	0.000144852	4.85184e-05	0.999798	8.67237e-06 0.000202 27
rVSVOmicron	507	T	133228	0.000113901	0.999409	0.000432871	4.38081e-05 0.000591 79
rVSVOmicron	508	T	134146	0	0.999827	7.68298e-05	9.64781e-05 0.000173 23
rVSVOmicron	509	T	134190	8.54682e-06	0.999891	9.19361e-05	8.54682e-06 0.000109 15
rVSVOmicron	510	C	135079	7.0345e-05	9.08719e-05	0.99983	8.53365e-06 0.00017 23
rVSVOmicron	511	C	133776	5.16399e-05	0.000105373	0.999843	0 0.000157 21
rVSVOmicron	512	T	133913	4.28758e-05	0.999519	0.000429221	8.57516e-06 0.000481 64
rVSVOmicron	513	C	135378	6.59413e-05	4.22116e-05	0.999828	6.36596e-05 0.000172 23
rVSVOmicron	514	A	135514	0.999601	9.09885e-05	6.21795e-05	0.000246077 0.000399 54
rVSVOmicron	515	T	136977	4.06073e-05	0.999195	0.000104386	0.000660271 0.000805 110
rVSVOmicron	516	G	138994	0.00060018	0.00106062	1.87981e-05	0.99832 0.00168 234
rVSVOmicron	517	G	140366	7.51074e-05	4.09677e-05	0.000517382	0.999367 0.000633 89
rVSVOmicron	518	A	142160	0.999604	7.97641e-06	7.97641e-06	0.00037985 0.000396 56
rVSVOmicron	519	C	144523	3.18889e-05	0.000183792	0.999701	8.36007e-05 0.000299 43
rVSVOmicron	520	C	116774	5.32064e-05	4.62896e-05	0.999881	1.96864e-05 0.000119 14
rVSVOmicron	521	T	116996	9.82085e-06	0.999446	0.000514931	2.94626e-05 0.000554 65
rVSVOmicron	522	G	116057	0.000115828	2.45534e-05	8.94065e-05	0.99977 0.00023 27
rVSVOmicron	523	G	116695	7.2988e-05	6.84923e-05	7.88058e-05	0.99978 0.00022 26
rVSVOmicron	524	A	116591	0.999504	4.90314e-05	9.80628e-06	0.000437042 0.000496 58
rVSVOmicron	525	G	112665	0.000352281	7.24961e-05	0	0.999575 0.000425 48
rVSVOmicron	526	G	113023	0.000477218	2.04483e-05	0	0.999502 0.000498 56
rVSVOmicron	527	G	112719	0.000182972	6.11743e-05	0	0.999756 0.000244 28
rVSVOmicron	528	C	112866	1.28176e-05	0.000289897	0.999697	0 0.000303 34
rVSVOmicron	529	A	112119	0.999789	6.65104e-05	0	0.000144888 0.000211 24
rVSVOmicron	530	A	111430	0.99974	2.19619e-05	3.29429e-05	0.000205374 0.00026 29
rVSVOmicron	531	G	111187	0.000161631	6.42631e-05	1.02932e-05	0.999764 0.000236 26
rVSVOmicron	532	C	111637	3.28356e-05	0.000431553	0.999525	1.02094e-05 0.000475 53
rVSVOmicron	533	A	111155	0.999733	8.29806e-05	0	0.000183903 0.000267 30
rVSVOmicron	534	G	108491	6.60713e-05	0.000119503	3.18866e-05	0.999783 0.000217 24
rVSVOmicron	535	G	108909	6.42352e-05	9.63528e-05	3.21176e-05	0.999807 0.000193 21
rVSVOmicron	536	G	108953	0.000451992	0.00011357	4.23385e-05	0.999392 0.000608 66
rVSVOmicron	537	C	109128	2.09303e-05	0.000237304	0.999731	1.04651e-05 0.000269 29
rVSVOmicron	538	A	108781	0.999781	1.05882e-05	2.34658e-05	0.000184865 0.000219 24
rVSVOmicron	539	A	108835	0.9999	0	5.51894e-05	4.50465e-05 0.0001 11
rVSVOmicron	540	C	108984	2.09174e-05	0.000125505	0.999833	2.09174e-05 0.000167 18
rVSVOmicron	541	T	108790	1.05899e-05	0.999675	0.000291651	2.31832e-05 0.000325 35
