rVSVOmicron	6	C	11270	0	0.00011	0.99989	0 0.00011 1
rVSVOmicron	8	T	13213	0	0.999901	3.72956e-05	6.21594e-05 9.9e-05 1
rVSVOmicron	9	G	14259	8.50575e-05	0.000188506	0	0.999726 0.000274 4
rVSVOmicron	11	T	15679	0	0.999847	0.000152714	0 0.000153 2
rVSVOmicron	12	C	16722	0	0.000347009	0.999653	0 0.000347 6
rVSVOmicron	13	C	17613	0	0.0001131	0.999887	0 0.000113 2
rVSVOmicron	14	T	18232	6.509e-05	0.999778	0.000156568	0 0.000222 4
rVSVOmicron	15	C	19464	6.07686e-05	0.000182306	0.999757	0 0.000243 5
rVSVOmicron	16	G	20775	0.000227865	0.000113933	6.92834e-05	0.999589 0.000411 9
rVSVOmicron	18	G	22986	0.000240772	0	0	0.999759 0.000241 6
rVSVOmicron	19	C	23888	0.000443611	0.000423748	0.999133	0 0.000867 21
rVSVOmicron	20	T	24856	0.000283178	0.999717	0	0 0.000283 7
rVSVOmicron	21	C	26355	6.23964e-05	0.000207588	0.99973	0 0.00027 7
rVSVOmicron	22	C	27227	1.73562e-05	8.56241e-05	0.999897	0 0.000103 3
rVSVOmicron	23	T	28230	0.000172556	0.999509	0.000318393	0 0.000491 14
rVSVOmicron	24	G	29750	0.00037794	0.000153936	0	0.999468 0.000532 16
rVSVOmicron	25	C	30536	3.83779e-05	0.000336066	0.999626	0 0.000374 11
rVSVOmicron	26	C	31270	0	3.74598e-05	0.999963	0 3.7e-05 1
rVSVOmicron	27	T	32213	0	0.999897	0.00010289	0 0.000103 3
rVSVOmicron	28	C	32826	2.1021e-05	0.000438575	0.99954	0 0.00046 15
rVSVOmicron	29	T	33776	0.000243802	0.999521	0.000235427	0 0.000479 16
rVSVOmicron	30	G	35432	0.000197675	4.63023e-05	0	0.999756 0.000244 9
rVSVOmicron	31	G	35928	0.000195136	0	0	0.999805 0.000195 7
rVSVOmicron	32	T	36806	0	0.999937	6.34283e-05	0 6.3e-05 2
rVSVOmicron	33	G	38073	6.11471e-05	3.05735e-05	0	0.999908 9.2e-05 4
rVSVOmicron	34	T	38791	2.35842e-05	0.999856	0.000120361	0 0.000144 6
rVSVOmicron	35	C	39645	0	0.000380219	0.99962	0 0.00038 15
rVSVOmicron	36	T	40623	0	0.999885	8.60085e-05	2.86695e-05 0.000115 5
rVSVOmicron	37	A	42387	0.999791	2.73838e-05	0	0.000182065 0.000209 9
rVSVOmicron	38	G	43508	0.000248502	4.6407e-05	0	0.999705 0.000295 13
rVSVOmicron	39	C	44568	5.16207e-05	0.00068804	0.99926	0 0.00074 33
rVSVOmicron	40	C	45776	5.08393e-05	0.000127098	0.999822	0 0.000178 8
rVSVOmicron	41	A	47035	0.999884	2.94998e-05	5.07671e-05	3.56742e-05 0.000116 5
rVSVOmicron	42	G	47944	7.29677e-05	4.86451e-05	5.32467e-05	0.999825 0.000175 8
rVSVOmicron	43	T	48647	0	0.999963	3.65571e-05	0 3.7e-05 2
rVSVOmicron	44	G	49298	2.37033e-05	0.000165923	0	0.99981 0.00019 9
rVSVOmicron	45	C	50254	4.65432e-05	0.00132711	0.998598	2.83033e-05 0.001402 70
rVSVOmicron	46	G	52492	0.00060869	0.000330157	4.98237e-05	0.999011 0.000989 52
rVSVOmicron	47	T	54409	2.16469e-05	0.999606	0.000372092	0 0.000394 21
rVSVOmicron	48	G	57562	0.000170938	0.000325493	6.06203e-05	0.999443 0.000557 32
rVSVOmicron	49	A	60502	0.999761	0	1.93062e-05	0.000220195 0.000239 14
rVSVOmicron	50	A	63613	0.997929	2.35272e-05	1.89241e-05	0.00202897 0.002071 132
rVSVOmicron	51	C	66235	0	5.1102e-05	0.999949	0 5.1e-05 3
rVSVOmicron	52	C	50593	2.31379e-05	0.000130698	0.9998	4.62758e-05 0.0002 10
rVSVOmicron	53	T	51445	0	0.999551	0.000439315	9.1907e-06 0.000449 23
rVSVOmicron	54	G	55478	0.000126576	8.4384e-05	0	0.999789 0.000211 12
rVSVOmicron	55	A	56958	0.999815	2.06085e-05	1.05828e-05	0.000153728 0.000185 11
rVSVOmicron	56	C	58622	0	9.59403e-05	0.999904	0 9.6e-05 6
rVSVOmicron	57	C	60184	3.88355e-05	0.000207297	0.999754	0 0.000246 15
rVSVOmicron	58	A	61540	0.999925	3.81723e-05	1.90862e-05	1.75386e-05 7.5e-05 5
rVSVOmicron	59	C	57284	2.043e-05	0.000106015	0.999874	0 0.000126 7
rVSVOmicron	60	A	58576	0.999579	0	0	0.000421036 0.000421 25
rVSVOmicron	61	C	59692	0	0.000937095	0.999063	0 0.000937 56
rVSVOmicron	62	G	61014	0.000193038	0.000164265	0	0.999643 0.000357 22
rVSVOmicron	63	G	61369	5.76288e-05	1.92096e-05	1.92096e-05	0.999904 9.6e-05 6
rVSVOmicron	64	A	60335	0.999875	0	0	0.00012487 0.000125 8
rVSVOmicron	65	C	61211	0	0.000293795	0.999706	0 0.000294 18
rVSVOmicron	66	C	62445	5.74968e-05	5.74968e-05	0.999885	0 0.000115 7
rVSVOmicron	67	C	63647	2.77629e-05	6.05737e-05	0.999893	1.86769e-05 0.000107 7
rVSVOmicron	68	A	64910	0.999783	0	3.65451e-05	0.000180256 0.000217 14
rVSVOmicron	69	G	65812	0.00036519	3.58885e-05	1.79442e-05	0.999581 0.000419 28
rVSVOmicron	70	C	66449	3.5428e-05	0.000274328	0.99969	0 0.00031 21
rVSVOmicron	71	T	67422	6.9727e-05	0.999716	0.000196461	1.74318e-05 0.000284 19
rVSVOmicron	72	C	69008	1.15313e-05	0.00018819	0.999766	3.41326e-05 0.000234 16
rVSVOmicron	73	C	70656	2.00504e-05	0.000159947	0.99982	0 0.00018 13
rVSVOmicron	74	C	70396	6.87121e-05	0.00154898	0.998382	0 0.001618 114
rVSVOmicron	75	T	71210	5.3143e-05	0.999608	0.000338954	0 0.000392 28
rVSVOmicron	76	C	72807	7.25966e-05	0.000149129	0.999762	1.61812e-05 0.000238 17
rVSVOmicron	77	C	74040	6.48616e-05	0.000191102	0.999744	0 0.000256 19
rVSVOmicron	78	C	75355	8.9344e-05	9.87487e-05	0.999796	1.62444e-05 0.000204 15
rVSVOmicron	79	G	76769	0.0026287	0.000127425	0	0.997244 0.002756 212
rVSVOmicron	80	C	79137	4.47754e-05	0.000102056	0.999853	0 0.000147 12
rVSVOmicron	81	C	77708	9.06811e-05	4.57527e-05	0.999864	0 0.000136 11
rVSVOmicron	82	T	78610	1.51316e-05	0.99968	0.000285864	1.88122e-05 0.00032 25
rVSVOmicron	83	A	80226	0.999835	1.49781e-05	0	0.000150186 0.000165 13
rVSVOmicron	84	C	81335	2.9067e-05	0.000239999	0.999731	0 0.000269 22
rVSVOmicron	85	A	82459	0.999835	3.55905e-05	0	0.000129065 0.000165 14
rVSVOmicron	86	C	83513	4.55776e-05	5.66848e-05	0.999869	2.83424e-05 0.000131 11
rVSVOmicron	87	A	84673	0.999897	0	0	0.000102645 0.000103 9
rVSVOmicron	88	A	85232	0.999897	1.43767e-05	0	8.85917e-05 0.000103 9
rVSVOmicron	89	A	82342	0.999926	0	0	7.42433e-05 7.4e-05 6
rVSVOmicron	90	C	82951	1.44392e-05	0.000403907	0.999506	7.57081e-05 0.000494 41
rVSVOmicron	91	T	83680	1.41982e-05	0.999897	7.44444e-05	1.41982e-05 0.000103 9
rVSVOmicron	92	C	84466	0	2.3508e-05	0.999977	0 2.3e-05 2
rVSVOmicron	93	T	85318	0.000137096	0.999509	0.000310437	4.3729e-05 0.000491 42
rVSVOmicron	94	T	85897	3.22128e-05	0.99989	7.80093e-05	0 0.00011 9
rVSVOmicron	95	T	86738	1.38352e-05	0.999568	0.000417673	0 0.000432 37
rVSVOmicron	96	C	88133	3.35469e-05	0.000211856	0.999738	1.67734e-05 0.000262 23
rVSVOmicron	97	A	89322	0.999884	0	4.60559e-05	7.03531e-05 0.000116 10
rVSVOmicron	98	C	90408	3.95001e-05	0.000190383	0.99977	0 0.00023 21
rVSVOmicron	99	C	91593	5.34253e-05	0.000114686	0.999832	0 0.000168 15
rVSVOmicron	100	C	92763	0.000217526	0.000161651	0.999608	1.30024e-05 0.000392 36
rVSVOmicron	101	G	94112	0.000138957	1.27263e-05	0.000370095	0.999478 0.000522 49
rVSVOmicron	102	G	94850	1.27376e-05	7.40157e-05	0	0.999913 8.7e-05 8
rVSVOmicron	103	G	95843	0.000198349	2.53066e-05	0	0.999776 0.000224 21
rVSVOmicron	104	G	96829	7.52878e-05	2.22825e-05	2.49834e-05	0.999877 0.000123 12
rVSVOmicron	105	C	97887	6.3484e-05	0.000434849	0.999468	3.38801e-05 0.000532 52
rVSVOmicron	106	G	98973	0.00046066	3.84154e-05	1.20455e-05	0.999489 0.000511 51
rVSVOmicron	107	T	99783	1.20943e-05	0.999917	4.83773e-05	2.22274e-05 8.3e-05 8
rVSVOmicron	108	G	100861	0.000114877	3.61591e-05	2.49594e-05	0.999824 0.000176 18
rVSVOmicron	109	T	101677	0	0.999922	7.80055e-05	0 7.8e-05 8
rVSVOmicron	110	A	103149	0.999824	4.69052e-05	0	0.000128989 0.000176 18
rVSVOmicron	111	C	103760	4.9622e-06	0.000116301	0.999879	0 0.000121 13
rVSVOmicron	112	T	104636	0	0.999855	0.000144581	0 0.000145 15
rVSVOmicron	113	A	106273	0.999899	0	2.11651e-05	7.94459e-05 0.000101 11
rVSVOmicron	114	C	107464	5.57066e-05	8.91306e-05	0.99983	2.49927e-05 0.00017 18
rVSVOmicron	115	C	108713	6.90997e-05	0.000132191	0.999799	0 0.000201 22
rVSVOmicron	116	C	109755	5.19297e-05	0.000210106	0.999724	1.37285e-05 0.000276 30
rVSVOmicron	117	C	110847	0.000870904	0.000154834	0.998974	0 0.001026 114
rVSVOmicron	118	G	112401	0.000372126	6.49057e-05	1.06734e-05	0.999552 0.000448 50
rVSVOmicron	119	A	114192	0.999936	0	8.50685e-06	5.5011e-05 6.4e-05 7
rVSVOmicron	120	C	116252	5.38599e-05	0.000181569	0.999754	1.02722e-05 0.000246 29
rVSVOmicron	121	A	118458	0.999892	1.03078e-05	3.92812e-05	5.8504e-05 0.000108 13
rVSVOmicron	122	A	120531	0.999668	0.000146475	1.01872e-05	0.000175109 0.000332 40
rVSVOmicron	123	G	121457	0.000111024	0.000240103	0	0.999649 0.000351 43
rVSVOmicron	124	G	114299	0.000170604	4.49409e-05	0	0.999784 0.000216 25
rVSVOmicron	125	T	115173	1.04512e-05	0.999792	6.27074e-05	0.000135301 0.000208 24
rVSVOmicron	126	G	116706	7.00651e-05	4.35464e-05	2.06566e-05	0.999866 0.000134 16
rVSVOmicron	127	T	117536	1.05154e-05	0.999872	9.37864e-05	2.35887e-05 0.000128 15
rVSVOmicron	128	T	118671	2.85605e-05	0.999926	4.53124e-05	0 7.4e-05 9
rVSVOmicron	129	C	120363	4.20892e-05	0.000118936	0.999829	1.00471e-05 0.000171 21
rVSVOmicron	130	C	121576	8.61296e-05	0.000171449	0.999742	0 0.000258 31
rVSVOmicron	131	G	124049	0.000146308	0.000103789	2.16557e-05	0.999728 0.000272 34
rVSVOmicron	132	G	122879	0.000112566	6.89235e-05	9.84621e-06	0.999809 0.000191 23
rVSVOmicron	133	T	117190	1.65057e-05	0.999882	0.000101272	0 0.000118 14
rVSVOmicron	134	C	117898	1.01983e-05	0.000106945	0.999883	0 0.000117 14
rVSVOmicron	135	T	118791	0	0.999863	0.000136631	0 0.000137 16
rVSVOmicron	136	A	120934	0.999804	0	0	0.000196194 0.000196 24
rVSVOmicron	137	G	118932	0.00100336	6.22021e-05	0	0.998934 0.001066 127
rVSVOmicron	138	C	119646	3.28312e-05	0.000288368	0.999669	1.0123e-05 0.000331 40
rVSVOmicron	139	G	120510	0.000192435	3.25701e-05	2.00849e-05	0.999755 0.000245 30
rVSVOmicron	140	T	121327	2.93793e-05	0.998921	0.000119404	0.000930703 0.001079 131
rVSVOmicron	141	G	122760	0.000172138	5.40929e-05	0.000936899	0.998837 0.001163 143
rVSVOmicron	142	C	123324	7.36583e-05	0.000444343	0.999471	1.11684e-05 0.000529 65
rVSVOmicron	143	T	124035	0	0.999758	0.000222134	1.95457e-05 0.000242 30
rVSVOmicron	144	C	125675	2.68655e-05	0.000120503	0.999829	2.39963e-05 0.000171 21
rVSVOmicron	145	C	126677	0.000118024	0.000168495	0.999666	4.78826e-05 0.000334 42
rVSVOmicron	146	A	126749	0.99983	2.13881e-05	7.70486e-05	7.11218e-05 0.00017 22
rVSVOmicron	147	C	126901	6.67557e-05	0.000121746	0.999811	0 0.000189 24
rVSVOmicron	148	T	127409	9.44754e-06	0.999883	0.000107753	0 0.000117 15
rVSVOmicron	149	C	127866	6.84693e-05	1.91311e-05	0.999901	1.15794e-05 9.9e-05 13
rVSVOmicron	150	T	128061	3.04334e-05	0.999597	0.000225461	0.000147095 0.000403 52
rVSVOmicron	151	A	128850	0.999923	9.40226e-06	0	6.81029e-05 7.7e-05 10
rVSVOmicron	152	C	129293	5.1973e-05	0.000120437	0.999807	2.04893e-05 0.000193 25
rVSVOmicron	153	A	129115	0.999824	3.61692e-05	0	0.000139618 0.000176 23
rVSVOmicron	154	C	122718	3.10667e-05	0.000173869	0.999795	0 0.000205 25
rVSVOmicron	155	A	122217	0.99939	9.79963e-06	3.73445e-05	0.000562817 0.00061 75
rVSVOmicron	156	G	123105	0.00146677	8.78858e-05	9.70679e-06	0.998436 0.001564 193
rVSVOmicron	157	G	124292	0.000127323	2.88427e-05	0	0.999844 0.000156 19
rVSVOmicron	158	A	125034	0.999903	9.53532e-06	0	8.76218e-05 9.7e-05 12
rVSVOmicron	159	C	126806	0.000157636	0.000236454	0.999295	0.00031041 0.000705 89
rVSVOmicron	160	C	118036	5.54043e-05	0.000109171	0.999835	0 0.000165 19
rVSVOmicron	161	T	117818	4.26826e-05	0.999276	0.000624199	5.73633e-05 0.000724 85
rVSVOmicron	162	G	119090	0.000364984	5.24107e-05	0.000108874	0.999474 0.000526 63
rVSVOmicron	163	T	119377	1.09159e-05	0.999521	7.70013e-05	0.000391497 0.000479 57
rVSVOmicron	164	T	119787	9.993e-05	0.999567	9.36331e-05	0.000239558 0.000433 52
rVSVOmicron	165	C	121637	1.97604e-05	0.000111086	0.999859	9.88022e-06 0.000141 17
rVSVOmicron	166	C	120521	0.000217621	0.000495006	0.999268	1.98324e-05 0.000732 88
rVSVOmicron	167	T	120590	7.80857e-05	0.99956	0.000362106	0 0.00044 53
rVSVOmicron	168	C	121751	2.93367e-05	0.000101489	0.999869	0 0.000131 16
rVSVOmicron	169	C	122204	0.00010816	8.45422e-05	0.999797	9.93035e-06 0.000203 25
rVSVOmicron	170	C	122049	0.000127094	0.000239064	0.999634	0 0.000366 45
rVSVOmicron	171	T	122270	6.12612e-05	0.999704	0.000212956	2.20116e-05 0.000296 36
rVSVOmicron	172	T	123086	2.02462e-05	0.999862	5.47195e-05	6.32011e-05 0.000138 17
rVSVOmicron	173	T	123736	9.67634e-06	0.999957	3.34749e-05	0 4.3e-05 5
rVSVOmicron	174	C	123152	4.79369e-05	7.90312e-05	0.999854	1.91748e-05 0.000146 18
rVSVOmicron	175	T	123432	1.93447e-05	0.999904	6.77064e-05	9.41093e-06 9.6e-05 12
rVSVOmicron	176	T	124753	0	0.999818	0.000181662	0 0.000182 23
rVSVOmicron	177	C	125695	5.81068e-05	0.000126617	0.999773	4.21211e-05 0.000227 29
rVSVOmicron	178	A	125639	0.999765	9.45426e-06	5.62145e-06	0.000219492 0.000235 30
rVSVOmicron	179	G	125705	0.000173996	3.77586e-05	0	0.999788 0.000212 27
rVSVOmicron	180	C	127199	9.54127e-05	0.000148028	0.999686	7.07413e-05 0.000314 40
rVSVOmicron	181	A	127495	0.99993	5.17872e-05	0	1.84243e-05 7e-05 9
rVSVOmicron	182	A	127998	0.999896	0	9.40261e-06	9.47885e-05 0.000104 13
rVSVOmicron	183	C	128946	5.49611e-05	0.000196077	0.999184	0.000565208 0.000816 105
rVSVOmicron	184	G	127842	0.000212498	1.85435e-05	1.1527e-05	0.999757 0.000243 31
rVSVOmicron	185	T	128572	9.21511e-06	0.999863	0.000120793	6.9736e-06 0.000137 18
rVSVOmicron	186	G	130112	0.000124746	1.81359e-05	2.00966e-05	0.999837 0.000163 21
rVSVOmicron	187	A	130718	0.999914	9.01627e-06	9.01627e-06	6.75002e-05 8.6e-05 11
rVSVOmicron	188	C	131935	6.69837e-05	0.000114864	0.999818	0 0.000182 24
rVSVOmicron	189	A	129513	0.999823	9.17913e-06	9.17913e-06	0.000158526 0.000177 23
rVSVOmicron	190	T	130012	3.78706e-05	0.999857	0.000105497	0 0.000143 19
rVSVOmicron	191	G	130979	0.00181746	5.8406e-05	0	0.998124 0.001876 246
rVSVOmicron	192	G	130868	0.000135613	4.29154e-05	0	0.999821 0.000179 23
rVSVOmicron	193	T	131200	9.33153e-06	0.999892	8.97844e-05	9.33153e-06 0.000108 14
rVSVOmicron	194	T	131803	4.7614e-05	0.999926	2.68282e-05	0 7.4e-05 10
rVSVOmicron	195	C	132339	6.7875e-05	6.71478e-05	0.999865	0 0.000135 18
rVSVOmicron	196	C	132916	8.90781e-06	0.000162507	0.999789	3.99648e-05 0.000211 28
rVSVOmicron	197	A	131697	0.999594	3.79958e-05	0	0.000367858 0.000406 53
rVSVOmicron	198	C	131427	0.000127908	0.000109948	0.998204	0.00155796 0.001796 236
rVSVOmicron	199	G	131336	0.000718553	2.92491e-05	0	0.999252 0.000748 98
rVSVOmicron	200	T	131891	0	0.999887	0.000104419	8.61948e-06 0.000113 15
rVSVOmicron	201	G	132759	8.35643e-05	5.4749e-05	3.98611e-05	0.999822 0.000178 24
rVSVOmicron	202	A	132618	0.999947	0	8.83245e-06	4.41622e-05 5.3e-05 7
rVSVOmicron	203	T	132065	0	0.999861	0.000139326	0 0.000139 18
rVSVOmicron	204	C	131649	3.56422e-05	0.000137752	0.999818	8.91054e-06 0.000182 24
rVSVOmicron	205	T	132076	3.09909e-05	0.999779	0.00019051	0 0.000221 29
rVSVOmicron	206	C	133261	6.15996e-05	7.18265e-05	0.999845	2.18809e-05 0.000155 21
rVSVOmicron	207	T	133719	3.522e-05	0.999791	0.000164915	8.80499e-06 0.000209 28
rVSVOmicron	208	G	135533	0.000154315	5.00993e-05	0	0.999796 0.000204 28
rVSVOmicron	209	G	136159	0.000362228	4.36561e-05	0	0.999594 0.000406 55
rVSVOmicron	210	C	136983	5.17054e-05	0.000231975	0.999706	1.07137e-05 0.000294 40
rVSVOmicron	211	A	137426	0.999935	8.55669e-06	0	5.68904e-05 6.5e-05 9
rVSVOmicron	212	C	138312	5.03449e-05	0.000146207	0.999795	8.50576e-06 0.000205 28
rVSVOmicron	213	A	138330	0.999938	0	0	6.16736e-05 6.2e-05 9
rVSVOmicron	214	A	138692	0.999895	0	8.60426e-06	9.67398e-05 0.000105 15
rVSVOmicron	215	A	139088	0.999907	0	0	9.3074e-05 9.3e-05 13
rVSVOmicron	216	C	138857	1.69534e-05	0.000532887	0.99945	0 0.00055 76
rVSVOmicron	217	G	139387	0.000312869	2.36215e-05	1.71372e-05	0.999646 0.000354 49
rVSVOmicron	218	G	139684	0.0006806	5.96331e-05	8.51901e-06	0.999251 0.000749 105
rVSVOmicron	219	C	140060	8.82493e-05	0.000239501	0.999645	2.72936e-05 0.000355 50
rVSVOmicron	220	A	140164	0.99987	8.40006e-06	1.68001e-05	0.000104887 0.00013 18
rVSVOmicron	221	C	141013	4.71235e-05	6.87687e-05	0.999876	8.34244e-06 0.000124 17
rVSVOmicron	222	A	141224	0.999923	0	8.38374e-06	6.91092e-05 7.7e-05 11
rVSVOmicron	223	A	141825	0.999877	1.05467e-05	2.54497e-05	8.73545e-05 0.000123 17
rVSVOmicron	224	A	141967	0.999798	3.39075e-05	1.69538e-05	0.000150751 0.000202 29
rVSVOmicron	225	G	142496	6.92394e-05	0.000194778	0	0.999736 0.000264 38
rVSVOmicron	226	C	143350	3.49677e-05	0.000449457	0.999516	0 0.000484 69
rVSVOmicron	227	G	144624	0.000126481	7.37618e-05	5.53767e-06	0.999794 0.000206 30
rVSVOmicron	228	G	144161	0.000127321	8.08809e-05	8.22141e-06	0.999784 0.000216 31
rVSVOmicron	229	T	144448	8.20549e-06	0.999838	0.000137497	1.6411e-05 0.000162 23
rVSVOmicron	230	T	142995	1.4975e-05	0.999967	1.83277e-05	0 3.3e-05 5
rVSVOmicron	231	C	144005	7.32835e-05	0.000434199	0.999484	8.14261e-06 0.000516 74
rVSVOmicron	232	G	144544	0.000219146	6.92969e-05	2.44967e-05	0.999687 0.000313 45
rVSVOmicron	233	A	144048	0.999788	3.41573e-05	8.1014e-06	0.000170129 0.000212 31
rVSVOmicron	234	C	145080	4.03194e-05	0.000128804	0.999831	0 0.000169 25
rVSVOmicron	235	A	145208	0.999815	4.73173e-05	5.06185e-06	0.000132929 0.000185 27
rVSVOmicron	236	A	145876	0.999934	8.21209e-06	3.28484e-05	2.46363e-05 6.6e-05 10
rVSVOmicron	237	C	144457	5.67794e-05	0.000229548	0.999714	0 0.000286 41
rVSVOmicron	238	C	146475	4.85834e-05	0.000113361	0.999838	0 0.000162 24
rVSVOmicron	239	C	146608	6.22098e-05	0.000273592	0.999664	0 0.000336 49
rVSVOmicron	240	C	147284	0.000112874	0.000983675	0.998864	3.95819e-05 0.001136 167
rVSVOmicron	241	G	147747	0.000160921	6.97037e-05	7.95999e-06	0.999761 0.000239 35
rVSVOmicron	242	T	147744	3.44772e-05	0.99983	0.000115509	1.95444e-05 0.00017 25
rVSVOmicron	243	G	148854	0.000359149	9.23405e-05	1.46809e-05	0.999534 0.000466 69
rVSVOmicron	244	C	148875	3.53068e-05	0.000145481	0.999796	2.36088e-05 0.000204 30
rVSVOmicron	245	T	148977	0.000910621	0.998883	0.000205944	0 0.001117 166
rVSVOmicron	246	C	150424	6.42191e-05	0.000237505	0.998828	0.000870643 0.001172 176
rVSVOmicron	247	C	150874	6.13464e-05	0.000107834	0.999831	0 0.000169 25
rVSVOmicron	248	C	149020	0.000121051	8.85426e-05	0.999783	7.91323e-06 0.000217 32
rVSVOmicron	249	T	148857	3.95275e-05	0.999692	0.000224131	4.40144e-05 0.000308 46
rVSVOmicron	250	T	149676	4.8004e-05	0.999825	0.00010336	2.4002e-05 0.000175 26
rVSVOmicron	251	T	149980	7.94e-06	0.999959	2.55368e-05	7.94e-06 4.1e-05 6
rVSVOmicron	252	C	150890	4.73908e-05	0.000125397	0.99981	1.69852e-05 0.00019 29
rVSVOmicron	253	A	151064	0.998774	0.0010531	1.29331e-05	0.000160286 0.001226 185
rVSVOmicron	254	A	151508	0.999872	0	1.77403e-05	0.000110503 0.000128 19
rVSVOmicron	255	C	152477	5.86882e-05	0.000812129	0.999109	2.04582e-05 0.000891 136
rVSVOmicron	256	G	153074	0.000488668	5.39723e-05	7.71033e-06	0.99945 0.00055 84
rVSVOmicron	257	A	152525	0.999848	7.70558e-06	4.81078e-05	9.62157e-05 0.000152 23
rVSVOmicron	258	C	153319	1.5197e-05	0.000258144	0.999721	5.54486e-06 0.000279 43
rVSVOmicron	259	G	153928	0.000104704	0.000108842	2.29686e-05	0.999763 0.000237 36
rVSVOmicron	260	G	154107	0.000117571	3.97393e-05	7.61841e-06	0.999835 0.000165 25
rVSVOmicron	261	C	154038	4.91814e-05	0.000379312	0.999564	7.17229e-06 0.000436 67
rVSVOmicron	262	G	153267	0.00109773	4.7307e-05	0	0.998855 0.001145 175
rVSVOmicron	263	T	153411	1.562e-05	0.999859	0.00011715	7.81002e-06 0.000141 22
rVSVOmicron	264	G	154270	0.000188674	1.51595e-05	7.57973e-06	0.999789 0.000211 33
rVSVOmicron	265	T	154113	2.26867e-05	0.999872	0.000105463	0 0.000128 20
rVSVOmicron	266	A	153101	0.999791	2.5109e-05	2.32258e-05	0.000160279 0.000209 32
rVSVOmicron	267	C	153017	9.03144e-05	0.000228064	0.999651	3.02429e-05 0.000349 53
rVSVOmicron	268	T	152768	4.79292e-05	0.99975	0.000164329	3.80866e-05 0.00025 38
rVSVOmicron	269	T	149058	3.91598e-05	0.999911	4.34396e-05	5.99167e-06 8.9e-05 13
rVSVOmicron	270	C	150188	3.23492e-05	0.00014137	0.999795	3.10889e-05 0.000205 31
rVSVOmicron	271	G	150243	0.000305925	8.23725e-05	3.01466e-05	0.999582 0.000418 63
rVSVOmicron	272	C	150795	6.2331e-05	0.000219001	0.999719	0 0.000281 42
rVSVOmicron	273	C	151598	2.32514e-05	0.00011898	0.999842	1.5501e-05 0.000158 24
rVSVOmicron	274	A	151289	0.999838	1.5584e-05	0	0.000146153 0.000162 25
rVSVOmicron	275	G	151589	0.000320254	0.000121952	0	0.999558 0.000442 67
rVSVOmicron	276	C	152561	8.46144e-05	0.000175064	0.999717	2.31335e-05 0.000283 43
rVSVOmicron	277	A	152661	0.999915	1.70493e-05	1.22672e-05	5.57221e-05 8.5e-05 13
rVSVOmicron	278	T	153182	0	0.999543	0.000454945	2.0717e-06 0.000457 70
rVSVOmicron	279	A	152881	0.999504	0	0.000311853	0.00018423 0.000496 76
rVSVOmicron	280	G	153636	2.97831e-05	7.23604e-05	5.03377e-05	0.999848 0.000152 23
rVSVOmicron	281	A	153575	0.999896	7.62291e-06	1.52458e-05	8.15858e-05 0.000104 16
rVSVOmicron	282	G	154506	9.18879e-05	5.73265e-05	1.53147e-05	0.999835 0.000165 25
rVSVOmicron	283	A	155538	0.999814	1.52384e-05	1.37969e-05	0.00015712 0.000186 29
rVSVOmicron	284	A	153641	0.999872	2.36482e-05	3.00396e-05	7.45663e-05 0.000128 20
rVSVOmicron	285	G	154629	4.7374e-05	3.04842e-05	7.62104e-06	0.999915 8.5e-05 13
rVSVOmicron	286	T	155213	3.76686e-05	0.999905	4.94015e-05	7.61606e-06 9.5e-05 15
rVSVOmicron	287	C	155081	4.06681e-05	2.44419e-05	0.999909	2.62905e-05 9.1e-05 14
rVSVOmicron	288	T	155323	1.50751e-05	0.999834	0.000143213	7.53754e-06 0.000166 26
rVSVOmicron	289	A	156459	0.999836	3.01047e-05	3.01047e-05	0.000103943 0.000164 26
rVSVOmicron	290	A	156850	0.999572	3.03521e-05	8.34682e-05	0.00031439 0.000428 67
rVSVOmicron	291	C	157804	8.66572e-05	9.15051e-05	0.999814	7.47393e-06 0.000186 29
rVSVOmicron	292	A	152950	0.99994	0	0	6.04975e-05 6e-05 9
rVSVOmicron	293	T	153337	9.81626e-06	0.999316	0.00063507	3.94784e-05 0.000684 105
rVSVOmicron	294	T	153696	7.78717e-06	0.998703	5.36683e-05	0.00123584 0.001297 199
rVSVOmicron	295	A	153973	0.999894	3.19782e-05	1.62023e-05	5.79871e-05 0.000106 16
rVSVOmicron	296	T	154249	2.50972e-05	0.999873	8.78402e-05	1.40126e-05 0.000127 20
rVSVOmicron	297	C	154608	4.59153e-05	0.00018222	0.999762	1.02949e-05 0.000238 37
rVSVOmicron	298	C	155053	7.58136e-05	0.00014605	0.999778	0 0.000222 34
rVSVOmicron	299	G	155872	0.000163118	3.79584e-05	5.0064e-05	0.999749 0.000251 39
rVSVOmicron	300	G	156505	9.66095e-05	5.19096e-05	5.52055e-05	0.999796 0.000204 32
rVSVOmicron	301	G	157079	0.000113993	7.98157e-05	1.43259e-05	0.999792 0.000208 33
rVSVOmicron	302	G	156933	0.000197302	7.46985e-05	3.61313e-05	0.999692 0.000308 48
rVSVOmicron	303	C	156897	7.59972e-05	0.00014727	0.99977	7.18892e-06 0.00023 36
rVSVOmicron	304	T	157249	2.23401e-05	0.999581	0.000344241	5.21946e-05 0.000419 66
rVSVOmicron	305	G	159086	0.000186387	0.000111073	7.39154e-06	0.999695 0.000305 49
rVSVOmicron	306	G	159420	6.69922e-05	8.16782e-05	0	0.999851 0.000149 24
rVSVOmicron	307	A	158995	0.999929	2.53061e-05	0	4.60292e-05 7.1e-05 11
rVSVOmicron	308	T	159319	7.45354e-06	0.999961	2.41736e-05	7.45354e-06 3.9e-05 6
rVSVOmicron	309	T	159653	9.24796e-06	0.999866	0.000117007	7.43857e-06 0.000134 21
rVSVOmicron	310	T	160255	1.47523e-05	0.999907	7.0771e-05	7.37614e-06 9.3e-05 15
rVSVOmicron	311	T	158950	0	0.999933	6.6753e-05	0 6.7e-05 11
rVSVOmicron	312	C	158897	4.41253e-05	0.000192402	0.999749	1.47084e-05 0.000251 40
rVSVOmicron	313	G	158789	0.000275613	8.38297e-05	7.43813e-06	0.999633 0.000367 58
rVSVOmicron	314	G	158436	0.000253764	6.39961e-05	7.46957e-06	0.999675 0.000325 51
rVSVOmicron	315	C	158101	7.12917e-05	0.000335431	0.999583	9.81262e-06 0.000417 66
rVSVOmicron	316	A	155970	0.999876	5.28357e-05	7.49011e-06	6.31599e-05 0.000124 19
rVSVOmicron	317	C	156782	2.23747e-05	0.000374122	0.999589	1.49165e-05 0.000411 64
rVSVOmicron	318	C	157095	9.12666e-05	0.000374982	0.999519	1.4975e-05 0.000481 76
rVSVOmicron	319	A	156902	0.999862	7.363e-06	9.8903e-05	3.1243e-05 0.000138 22
rVSVOmicron	320	C	157728	0.000394366	0.000101637	0.999478	2.55589e-05 0.000522 82
rVSVOmicron	321	A	156999	0.99943	2.26418e-05	0.00040898	0.000137891 0.00057 89
rVSVOmicron	322	C	156385	7.40883e-06	8.36997e-05	0.999909	0 9.1e-05 14
rVSVOmicron	323	T	156570	0.00187043	0.99805	7.1955e-05	7.49954e-06 0.00195 305
rVSVOmicron	324	C	158036	8.76518e-05	0.00222078	0.997649	4.28299e-05 0.002351 372
rVSVOmicron	325	G	157762	0.00011685	5.20001e-05	0	0.999831 0.000169 27
rVSVOmicron	326	A	156816	0.999948	0	7.2093e-06	4.44574e-05 5.2e-05 8
rVSVOmicron	327	C	156361	4.969e-05	0.000320561	0.999624	6.05975e-06 0.000376 59
rVSVOmicron	328	T	156334	2.19642e-05	0.999643	0.000335509	0 0.000357 56
rVSVOmicron	329	C	156716	0.000124739	3.88433e-05	0.999814	2.22248e-05 0.000186 29
rVSVOmicron	330	T	156625	3.14973e-05	0.999803	0.000160717	5.24955e-06 0.000197 31
rVSVOmicron	331	A	157560	0.99989	6.27924e-06	1.94454e-05	8.44658e-05 0.00011 17
rVSVOmicron	332	A	156806	0.999352	0.000491387	2.07285e-05	0.000135548 0.000648 102
rVSVOmicron	333	G	156754	3.98418e-05	4.80144e-05	1.69583e-05	0.999895 0.000105 16
rVSVOmicron	334	A	155318	0.999914	1.50191e-05	0	7.10364e-05 8.6e-05 13
rVSVOmicron	335	C	155719	2.28034e-05	8.27381e-05	0.999894	0 0.000106 17
rVSVOmicron	336	A	155233	0.999902	1.52078e-05	0	8.30264e-05 9.8e-05 15
rVSVOmicron	337	C	155954	1.48817e-05	0.000297634	0.999662	2.57413e-05 0.000338 53
rVSVOmicron	338	A	155420	0.999342	5.26951e-05	0.000149744	0.000455131 0.000658 102
rVSVOmicron	339	G	156006	0.000146162	3.66951e-05	2.47383e-05	0.999792 0.000208 32
rVSVOmicron	340	T	156274	5.76931e-05	0.999653	0.000216602	7.3078e-05 0.000347 54
rVSVOmicron	341	C	156637	0.000141785	9.06859e-05	0.999768	0 0.000232 36
rVSVOmicron	342	C	157370	0.000326415	0.000166167	0.999491	1.67392e-05 0.000509 80
rVSVOmicron	343	C	155583	0.000102445	5.0107e-05	0.999842	5.68014e-06 0.000158 25
rVSVOmicron	344	T	155507	2.98073e-05	0.999677	0.00029344	0 0.000323 50
rVSVOmicron	345	C	157047	4.65387e-05	6.91029e-05	0.999877	7.45425e-06 0.000123 19
rVSVOmicron	346	C	156477	4.23505e-05	0.000190376	0.999752	1.49235e-05 0.000248 39
rVSVOmicron	347	T	156373	3.10383e-05	0.999737	0.000231671	0 0.000263 41
rVSVOmicron	348	G	157874	0.000218683	4.44576e-05	1.94252e-05	0.999717 0.000283 45
rVSVOmicron	349	A	153697	0.999945	1.51297e-05	7.56486e-06	3.18951e-05 5.5e-05 8
rVSVOmicron	350	T	153999	0	0.999917	4.72272e-05	3.62146e-05 8.3e-05 13
rVSVOmicron	351	T	153461	0	0.999977	1.52612e-05	7.63058e-06 2.3e-05 4
rVSVOmicron	352	G	151161	0.000172408	4.83914e-05	7.75101e-06	0.999771 0.000229 35
rVSVOmicron	353	T	151056	3.2221e-05	0.999888	8.00328e-05	0 0.000112 17
rVSVOmicron	354	G	151870	8.15729e-05	1.47371e-05	2.30397e-05	0.999881 0.000119 18
rVSVOmicron	355	A	151794	0.999881	2.70229e-05	0	9.19616e-05 0.000119 18
rVSVOmicron	356	A	152005	0.999937	2.31328e-05	7.71095e-06	3.2511e-05 6.3e-05 10
rVSVOmicron	357	C	152678	2.04544e-05	8.16111e-05	0.999889	9.29747e-06 0.000111 17
rVSVOmicron	358	A	150400	0.999912	3.11587e-05	7.78967e-06	4.90539e-05 8.8e-05 13
rVSVOmicron	359	A	150596	0.999945	1.56916e-05	7.84579e-06	3.13832e-05 5.5e-05 8
rVSVOmicron	360	C	151398	3.09111e-05	0.000388268	0.998206	0.00137492 0.001794 272
rVSVOmicron	361	G	151305	0.000549816	4.91397e-05	4.72416e-05	0.999354 0.000646 98
rVSVOmicron	362	C	151094	0.000116655	5.15894e-05	0.999824	7.79106e-06 0.000176 27
rVSVOmicron	363	C	151462	4.07929e-05	0.00013445	0.999825	0 0.000175 27
rVSVOmicron	364	A	151217	0.999958	1.08931e-05	0	3.10035e-05 4.2e-05 6
rVSVOmicron	365	C	152024	3.72248e-05	2.29553e-05	0.999932	7.65177e-06 6.8e-05 10
rVSVOmicron	366	A	152127	0.999593	7.74968e-06	0.000309359	8.94355e-05 0.000407 62
rVSVOmicron	367	A	152260	0.999923	0	7.97556e-06	6.94089e-05 7.7e-05 12
rVSVOmicron	368	A	150490	0.999941	8.16276e-06	0	5.09621e-05 5.9e-05 9
rVSVOmicron	369	C	151292	2.53653e-05	0.000233995	0.999485	0.000255344 0.000515 78
rVSVOmicron	370	G	149017	7.37413e-05	4.13463e-05	1.57713e-05	0.999869 0.000131 20
rVSVOmicron	371	T	148446	1.67019e-05	0.999892	5.80053e-05	3.34038e-05 0.000108 16
rVSVOmicron	372	G	148764	7.21595e-05	3.96128e-05	2.56948e-05	0.999863 0.000137 20
rVSVOmicron	373	G	147737	5.5493e-05	3.17103e-05	0	0.999913 8.7e-05 13
rVSVOmicron	374	T	147590	3.82438e-05	0.999897	4.10687e-05	2.39024e-05 0.000103 15
rVSVOmicron	375	G	148571	7.45721e-05	3.14435e-05	2.40075e-05	0.99987 0.00013 19
rVSVOmicron	376	A	148804	0.999976	8.32706e-06	0	1.58001e-05 2.4e-05 4
rVSVOmicron	377	T	149055	5.23684e-05	0.999705	0.000228177	1.40823e-05 0.000295 44
rVSVOmicron	378	T	149801	3.96239e-05	0.999768	0.000132993	5.94359e-05 0.000232 35
rVSVOmicron	379	A	151531	0.999481	3.11744e-05	6.71935e-05	0.000421065 0.000519 79
rVSVOmicron	380	A	151907	0.999576	7.91297e-05	8.99579e-05	0.000254881 0.000424 64
rVSVOmicron	381	G	153447	6.34706e-05	6.86731e-05	8.94831e-06	0.999859 0.000141 22
rVSVOmicron	382	G	147461	0.000123211	4.07076e-05	0	0.999836 0.000164 24
rVSVOmicron	383	T	147336	5.57572e-05	0.999921	2.36807e-05	0 7.9e-05 12
rVSVOmicron	384	G	148576	0.000110906	2.37198e-05	0	0.999865 0.000135 20
rVSVOmicron	385	T	148591	0	0.999877	0.00012288	0 0.000123 18
rVSVOmicron	386	G	147548	0.000194424	5.46884e-05	0	0.999751 0.000249 37
rVSVOmicron	387	C	147577	4.77445e-05	0.00259752	0.997347	8.02976e-06 0.002653 392
rVSVOmicron	388	G	148984	7.29828e-05	3.15832e-05	7.8958e-06	0.999888 0.000112 17
rVSVOmicron	389	A	146863	0.999897	7.94085e-06	0	9.52902e-05 0.000103 15
rVSVOmicron	390	G	147826	0.000191679	9.95956e-05	5.25882e-05	0.999656 0.000344 51
rVSVOmicron	391	T	148147	6.42329e-05	0.999895	4.07171e-05	0 0.000105 16
rVSVOmicron	392	T	148527	1.57724e-05	0.999288	7.35336e-05	0.000622371 0.000712 106
rVSVOmicron	393	C	147866	3.22535e-05	0.000187419	0.999764	1.61268e-05 0.000236 35
rVSVOmicron	394	C	148339	7.15642e-05	0.000154155	0.99975	2.39989e-05 0.00025 37
rVSVOmicron	395	A	147934	0.999088	4.76326e-05	1.58775e-05	0.000848161 0.000912 135
rVSVOmicron	396	G	148869	8.07775e-05	2.40614e-05	7.94885e-06	0.999887 0.000113 17
rVSVOmicron	397	T	149245	6.51979e-05	0.999791	0.00010261	4.13503e-05 0.000209 31
rVSVOmicron	398	T	149734	2.23879e-05	0.999921	5.66155e-05	0 7.9e-05 12
rVSVOmicron	399	C	148658	6.09479e-05	9.56214e-05	0.999827	1.63676e-05 0.000173 26
rVSVOmicron	400	T	148211	1.4382e-05	0.999749	0.00021573	2.08217e-05 0.000251 37
rVSVOmicron	401	G	149776	0.000255302	4.70801e-05	2.3754e-05	0.999674 0.000326 49
rVSVOmicron	402	C	149267	3.90492e-05	0.000124013	0.999837	0 0.000163 24
rVSVOmicron	403	A	147586	0.999976	0	0	2.403e-05 2.4e-05 4
rVSVOmicron	404	A	146975	0.999938	0	2.29104e-05	3.89917e-05 6.2e-05 9
rVSVOmicron	405	C	146579	3.22234e-05	8.44776e-05	0.999883	0 0.000117 17
rVSVOmicron	406	G	145871	8.15047e-05	1.35841e-05	6.57296e-06	0.999898 0.000102 15
rVSVOmicron	407	A	144000	0.999985	0	0	1.47717e-05 1.5e-05 2
rVSVOmicron	408	C	138935	0.000111463	7.69347e-05	0.999805	6.95193e-06 0.000195 27
rVSVOmicron	409	C	138330	1.71715e-05	9.72276e-05	0.999886	0 0.000114 16
rVSVOmicron	410	C	135645	0.974798	2.63887e-05	0.0250874	8.79625e-05 0.974913 132242
rVSVOmicron	411	T	143045	3.47751e-05	0.999914	4.35264e-05	7.59985e-06 8.6e-05 12
rVSVOmicron	412	T	144344	1.55413e-05	0.99992	1.57732e-05	4.91753e-05 8e-05 12
rVSVOmicron	413	T	145475	2.41516e-05	0.999916	5.35253e-05	6.52747e-06 8.4e-05 12
rVSVOmicron	414	C	147280	0	4.69284e-05	0.999953	0 4.7e-05 7
rVSVOmicron	415	C	147732	2.38998e-05	3.9833e-05	0.999928	7.9666e-06 7.2e-05 11
rVSVOmicron	416	T	148477	7.95561e-06	0.999735	0.000249419	7.95561e-06 0.000265 39
rVSVOmicron	417	G	150968	1.5698e-05	3.09718e-05	7.84901e-06	0.999945 5.5e-05 8
rVSVOmicron	418	G	152356	0.000185601	9.18569e-05	7.7596e-06	0.999715 0.000285 43
rVSVOmicron	419	A	153583	0.999949	7.60778e-06	6.99093e-06	3.61883e-05 5.1e-05 8
rVSVOmicron	420	T	154147	0	0.999961	3.90646e-05	0 3.9e-05 6
rVSVOmicron	421	C	155247	3.87151e-05	4.54748e-05	0.999865	5.12104e-05 0.000135 21
rVSVOmicron	422	A	154508	0.999716	0.0001208	0	0.000163315 0.000284 44
rVSVOmicron	423	C	154820	1.51951e-05	9.93845e-05	0.999878	7.59757e-06 0.000122 19
rVSVOmicron	424	A	154711	0.999774	7.65382e-06	0	0.000218237 0.000226 35
rVSVOmicron	425	A	154108	0.999787	3.82298e-05	2.91373e-05	0.0001461 0.000213 33
rVSVOmicron	426	G	153532	7.20874e-05	3.94561e-05	7.89123e-06	0.999881 0.000119 18
rVSVOmicron	427	A	154493	0.999942	7.29356e-06	0	5.02214e-05 5.8e-05 9
rVSVOmicron	428	A	154866	0.99964	0	7.67724e-05	0.000283356 0.00036 56
rVSVOmicron	429	C	154788	1.46002e-05	0.000173763	0.999796	1.52171e-05 0.000204 32
rVSVOmicron	430	A	154652	0.999893	1.52542e-05	1.52542e-05	7.66833e-05 0.000107 17
rVSVOmicron	431	A	154584	0.99993	8.18365e-06	7.76397e-06	5.43478e-05 7e-05 11
rVSVOmicron	432	C	155523	2.27833e-05	5.52135e-05	0.999914	7.59442e-06 8.6e-05 13
rVSVOmicron	433	A	155510	0.999773	7.81295e-06	7.81295e-06	0.000211161 0.000227 35
rVSVOmicron	434	A	154133	0.999836	1.59499e-05	8.49225e-05	6.35841e-05 0.000164 25
rVSVOmicron	435	G	154549	6.41953e-05	7.17351e-05	6.95809e-05	0.999794 0.000206 32
rVSVOmicron	436	T	154828	0	0.999445	0.000555027	0 0.000555 86
rVSVOmicron	437	C	154038	0.000134617	8.64495e-05	0.999771	7.78256e-06 0.000229 35
rVSVOmicron	438	T	153823	1.5688e-05	0.999927	3.96441e-05	1.802e-05 7.3e-05 11
rVSVOmicron	439	T	155302	5.05947e-05	0.999426	0.000517144	6.0133e-06 0.000574 89
rVSVOmicron	440	G	156218	9.85425e-05	0.000146888	0	0.999755 0.000245 38
rVSVOmicron	441	G	156636	7.06501e-05	0.00011496	7.55507e-06	0.999807 0.000193 30
rVSVOmicron	442	A	156540	0.999775	1.4425e-05	7.11094e-06	0.000203373 0.000225 35
rVSVOmicron	443	T	156848	5.50234e-06	0.999914	8.0701e-05	0 8.6e-05 13
rVSVOmicron	444	G	157428	0.000104852	9.52645e-05	1.55034e-05	0.999784 0.000216 34
rVSVOmicron	445	G	156671	8.45248e-05	5.26749e-05	1.51083e-05	0.999848 0.000152 24
rVSVOmicron	446	A	156096	0.999739	1.53711e-05	2.24498e-05	0.000223689 0.000261 41
rVSVOmicron	447	G	156992	5.47626e-05	2.99073e-05	0	0.999915 8.5e-05 13
rVSVOmicron	448	T	157147	6.10894e-06	0.999948	4.56134e-05	0 5.2e-05 8
rVSVOmicron	449	C	155063	1.41689e-05	0.000170026	0.999808	7.5978e-06 0.000192 30
rVSVOmicron	450	T	155039	7.54081e-06	0.999589	0.000342394	6.09379e-05 0.000411 64
rVSVOmicron	451	G	157054	4.47095e-05	1.67913e-05	2.93343e-05	0.999909 9.1e-05 14
rVSVOmicron	452	A	156525	0.999688	2.25713e-05	1.50475e-05	0.000274109 0.000312 49
rVSVOmicron	453	G	156649	6.79582e-05	3.75292e-05	6.08581e-06	0.999888 0.000112 18
rVSVOmicron	454	T	157124	0.000135928	0.999791	6.54012e-05	7.58572e-06 0.000209 33
rVSVOmicron	455	T	157407	4.61516e-05	0.999613	0.000239539	0.00010088 0.000387 61
rVSVOmicron	456	C	158235	5.66081e-05	0.000143233	0.99977	2.98149e-05 0.00023 36
rVSVOmicron	457	A	157482	0.999734	1.49474e-05	5.27197e-05	0.000198356 0.000266 42
rVSVOmicron	458	G	158172	5.27141e-05	3.81722e-05	1.71674e-05	0.999892 0.000108 17
rVSVOmicron	459	A	158400	0.999815	1.49629e-05	1.45585e-05	0.000155897 0.000185 29
rVSVOmicron	460	G	158696	0.00262812	2.23165e-05	2.07081e-05	0.997329 0.002671 424
rVSVOmicron	461	T	159368	7.39264e-06	0.997348	3.77624e-05	0.0026064 0.002652 423
rVSVOmicron	462	G	159468	0.000137479	0.000132883	7.39349e-06	0.999722 0.000278 44
rVSVOmicron	463	T	158421	1.48449e-05	0.999799	0.000178339	7.42244e-06 0.000201 32
rVSVOmicron	464	A	158220	0.999964	0	7.84059e-06	2.85478e-05 3.6e-05 6
rVSVOmicron	465	C	158444	3.31435e-05	0.000191384	0.999753	2.28367e-05 0.000247 39
rVSVOmicron	466	T	152881	7.30498e-06	0.999865	0.000127733	0 0.000135 21
rVSVOmicron	467	C	152916	4.60889e-05	5.41857e-05	0.999869	3.0726e-05 0.000131 20
rVSVOmicron	468	T	152803	1.75229e-05	0.999612	0.000285645	8.48702e-05 0.000388 59
rVSVOmicron	469	A	153988	0.999899	0	2.33734e-05	7.74902e-05 0.000101 16
rVSVOmicron	470	G	154721	0.000161538	7.29254e-05	0	0.999766 0.000234 36
rVSVOmicron	471	C	155158	5.25762e-05	0.00123037	0.9987	1.67664e-05 0.0013 202
rVSVOmicron	472	G	155711	0.000432946	9.1331e-05	2.28843e-05	0.999453 0.000547 85
rVSVOmicron	473	C	156162	3.54838e-05	0.000114703	0.999842	7.63314e-06 0.000158 25
rVSVOmicron	474	C	156756	2.11816e-05	4.56219e-05	0.999911	2.26073e-05 8.9e-05 14
rVSVOmicron	475	A	156500	0.999922	7.56865e-06	7.56865e-06	6.23902e-05 7.8e-05 12
rVSVOmicron	476	A	156872	0.999908	1.6691e-05	0	7.51097e-05 9.2e-05 14
rVSVOmicron	477	C	157202	6.74851e-05	0.000145103	0.99978	7.29568e-06 0.00022 35
rVSVOmicron	478	A	157216	0.999963	8.79502e-06	5.93153e-06	2.27034e-05 3.7e-05 6
rVSVOmicron	479	A	156974	0.999927	1.5404e-05	3.49712e-05	2.3106e-05 7.3e-05 11
rVSVOmicron	480	C	155791	4.39024e-05	0.000135587	0.999805	1.51106e-05 0.000195 30
rVSVOmicron	481	T	156514	3.15935e-05	0.999584	0.000329238	5.52887e-05 0.000416 65
rVSVOmicron	482	G	159418	0.000592422	6.82317e-05	2.42962e-05	0.999315 0.000685 109
rVSVOmicron	483	C	161566	4.23965e-05	0.00012995	0.999791	3.64807e-05 0.000209 34
rVSVOmicron	484	A	163117	0.999886	1.44903e-05	1.93857e-05	8.02842e-05 0.000114 19
rVSVOmicron	485	C	165127	2.44215e-05	0.00014808	0.999813	1.43428e-05 0.000187 31
rVSVOmicron	486	C	155749	1.91072e-05	0.000216343	0.999765	0 0.000235 37
rVSVOmicron	487	T	155949	6.53921e-05	0.999642	0.000205933	8.63591e-05 0.000358 56
rVSVOmicron	488	T	156667	2.27023e-05	0.999796	0.000150939	3.06787e-05 0.000204 32
rVSVOmicron	489	C	157347	9.95946e-05	0.000298784	0.999563	3.91482e-05 0.000437 69
rVSVOmicron	490	G	158100	6.61863e-05	6.69935e-05	7.46614e-06	0.999859 0.000141 22
rVSVOmicron	491	A	157591	0.999683	1.66737e-05	0	0.000299927 0.000317 50
rVSVOmicron	492	G	158093	6.35998e-05	5.44561e-05	0	0.999882 0.000118 19
rVSVOmicron	493	T	158807	0	0.999854	0.00012802	1.81732e-05 0.000146 23
rVSVOmicron	494	A	158173	0.999848	1.64525e-05	2.92935e-05	0.00010654 0.000152 24
rVSVOmicron	495	C	157272	5.16004e-05	0.002437	0.997497	1.483e-05 0.002503 394
rVSVOmicron	496	G	156121	0.000291437	6.74432e-05	1.63499e-05	0.999625 0.000375 59
rVSVOmicron	497	T	156259	7.57182e-05	0.99982	0.000104778	0 0.00018 28
rVSVOmicron	498	G	157403	0.000208369	7.04004e-05	4.49106e-05	0.999676 0.000324 51
rVSVOmicron	499	T	157436	0.000104109	0.999757	0.000138879	0 0.000243 38
rVSVOmicron	500	C	158554	7.33439e-05	6.06148e-05	0.999862	4.04099e-06 0.000138 22
rVSVOmicron	501	C	159389	3.60946e-05	0.000244097	0.999699	2.12081e-05 0.000301 48
rVSVOmicron	502	C	159917	3.56566e-05	0.00164401	0.998314	6.00953e-06 0.001686 270
rVSVOmicron	503	A	159562	0.99969	1.47234e-05	2.8054e-05	0.000267408 0.00031 49
rVSVOmicron	504	G	160390	0.000146022	8.07227e-05	2.22338e-05	0.999751 0.000249 40
rVSVOmicron	505	C	161517	0.000116632	0.000160169	0.999723	0 0.000277 45
rVSVOmicron	506	C	157731	8.20126e-05	7.69375e-05	0.999832	9.13506e-06 0.000168 26
rVSVOmicron	507	T	158212	4.15326e-05	0.999198	0.000664113	9.65685e-05 0.000802 127
rVSVOmicron	508	T	159419	7.99181e-05	0.999737	0.000113217	6.96061e-05 0.000263 42
rVSVOmicron	509	T	159203	0.000435595	0.998945	3.74856e-05	0.000581528 0.001055 168
rVSVOmicron	510	C	161154	5.51195e-05	0.000145858	0.999792	7.36254e-06 0.000208 34
rVSVOmicron	511	C	154554	9.78283e-05	0.000119959	0.999782	0 0.000218 34
rVSVOmicron	512	T	155094	7.6019e-06	0.999758	0.000214702	1.97238e-05 0.000242 38
rVSVOmicron	513	C	156840	0.00012114	0.000137926	0.999727	1.43589e-05 0.000273 43
rVSVOmicron	514	A	157317	0.999603	7.85399e-06	3.79963e-05	0.000351095 0.000397 62
rVSVOmicron	515	T	159684	1.25118e-05	0.99804	0.0019252	2.24001e-05 0.00196 313
rVSVOmicron	516	G	162906	0.000215851	0.00535639	4.28527e-05	0.994385 0.005615 915
rVSVOmicron	517	G	165406	0.000316047	4.39434e-05	7.10003e-06	0.999633 0.000367 61
rVSVOmicron	518	A	167537	0.997928	6.93588e-06	0	0.00206502 0.002072 347
rVSVOmicron	519	C	170003	3.99456e-05	2.78865e-05	0.999646	0.000286591 0.000354 60
rVSVOmicron	520	C	132287	0.000168395	0.000154402	0.999677	0 0.000323 43
rVSVOmicron	521	T	132817	0.000128397	0.999259	0.000603201	8.91311e-06 0.000741 98
rVSVOmicron	522	G	131017	6.77191e-05	0.000106069	2.74274e-05	0.999799 0.000201 26
rVSVOmicron	523	G	131716	0.000152793	8.90289e-06	4.76425e-05	0.999791 0.000209 28
rVSVOmicron	524	A	131404	0.999573	5.40535e-05	0	0.000373307 0.000427 56
rVSVOmicron	525	G	127042	0.000188818	5.56675e-05	2.03111e-05	0.999735 0.000265 34
rVSVOmicron	526	G	127105	0.000152587	5.9017e-05	0	0.999788 0.000212 27
rVSVOmicron	527	G	126986	0.000276252	7.97894e-05	1.85673e-05	0.999625 0.000375 48
rVSVOmicron	528	C	127364	9.36425e-05	0.000270275	0.999636	0 0.000364 46
rVSVOmicron	529	A	127472	0.999775	6.54723e-05	9.21093e-06	0.000150362 0.000225 29
rVSVOmicron	530	A	127042	0.999598	5.02109e-05	2.76563e-05	0.00032382 0.000402 51
rVSVOmicron	531	G	126599	0.000164274	5.55927e-05	3.75626e-06	0.999776 0.000224 28
rVSVOmicron	532	C	127199	4.66922e-05	0.000390675	0.999563	0 0.000437 56
