rVSVOmicron	7	G	11221	0.000107466	0	0	0.999893 0.000107 1
rVSVOmicron	8	T	11976	9.93809e-05	0.999901	0	0 9.9e-05 1
rVSVOmicron	9	G	12926	9.21218e-05	9.21218e-05	0	0.999816 0.000184 2
rVSVOmicron	10	T	13485	0	0.999909	9.0858e-05	0 9.1e-05 1
rVSVOmicron	11	T	14159	0	0.999884	0.000116284	0 0.000116 2
rVSVOmicron	12	C	15126	0	0.000143143	0.999857	0 0.000143 2
rVSVOmicron	13	C	15986	7.29199e-05	0	0.999927	0 7.3e-05 1
rVSVOmicron	14	T	16523	0	0.999789	0.00021128	0 0.000211 3
rVSVOmicron	15	C	17722	7.2474e-05	6.54034e-05	0.999862	0 0.000138 2
rVSVOmicron	16	G	18846	0.000720865	0.00179467	0	0.997484 0.002516 47
rVSVOmicron	17	T	19691	0.000117075	0.999851	3.16418e-05	0 0.000149 3
rVSVOmicron	18	G	20806	0.000575942	5.54944e-05	0	0.999369 0.000631 13
rVSVOmicron	19	C	21658	6.59334e-05	0.000212133	0.999722	0 0.000278 6
rVSVOmicron	20	T	22543	0	0.999787	0.000213471	0 0.000213 5
rVSVOmicron	21	C	23810	0	0.000144657	0.999855	0 0.000145 3
rVSVOmicron	22	C	24491	4.67534e-05	0	0.999953	0 4.7e-05 1
rVSVOmicron	23	T	25361	0.000429317	0.998457	0.00106903	4.49992e-05 0.001543 39
rVSVOmicron	24	G	26637	0.00088924	8.61305e-05	0	0.999025 0.000975 26
rVSVOmicron	25	C	27587	3.26506e-05	0.000166631	0.999801	0 0.000199 5
rVSVOmicron	26	C	28361	2.5175e-05	0.000483797	0.999451	4.04989e-05 0.000549 16
rVSVOmicron	27	T	29195	4.77865e-05	0.999833	0.000118935	0 0.000167 5
rVSVOmicron	28	C	29407	0	0.000742819	0.999257	0 0.000743 22
rVSVOmicron	29	T	30233	0	0.999805	0.000194564	0 0.000195 6
rVSVOmicron	30	G	31682	9.9241e-05	3.63556e-05	1.47388e-05	0.99985 0.00015 5
rVSVOmicron	31	G	32492	7.07527e-05	0	0	0.999929 7.1e-05 2
rVSVOmicron	32	T	33245	0	0.999855	0.000110224	3.45618e-05 0.000145 5
rVSVOmicron	33	G	34377	3.33734e-05	0	0	0.999967 3.3e-05 1
rVSVOmicron	34	T	34891	0	0.999901	9.90076e-05	0 9.9e-05 3
rVSVOmicron	35	C	35601	9.6118e-05	0.000374947	0.999529	0 0.000471 17
rVSVOmicron	37	A	37961	0.99756	0	0	0.0024396 0.00244 93
rVSVOmicron	38	G	39039	2.05905e-05	3.0474e-05	3.0474e-05	0.999918 8.2e-05 3
rVSVOmicron	39	C	40015	0	0.000278937	0.999721	0 0.000279 11
rVSVOmicron	40	C	41116	2.2724e-05	0.000227997	0.999749	0 0.000251 10
rVSVOmicron	41	A	42209	0.999916	0	0	8.43195e-05 8.4e-05 4
rVSVOmicron	42	G	43233	7.59563e-05	0	0	0.999924 7.6e-05 3
rVSVOmicron	43	T	43975	0	0.999947	5.28888e-05	0 5.3e-05 2
rVSVOmicron	44	G	44993	5.16399e-05	2.58199e-05	2.58199e-05	0.999897 0.000103 5
rVSVOmicron	45	C	46106	7.57691e-05	0.000740625	0.999158	2.52564e-05 0.000842 39
rVSVOmicron	46	G	47941	0.000338935	0.000238171	4.84193e-05	0.999374 0.000626 30
rVSVOmicron	47	T	49348	0.000124274	0.998616	0.00126004	0 0.001384 68
rVSVOmicron	48	G	51477	0.000180001	0.000234732	4.50004e-05	0.99954 0.00046 24
rVSVOmicron	49	A	53596	0.998161	2.16782e-05	0	0.00181687 0.001839 99
rVSVOmicron	50	A	55688	0.999722	2.16826e-05	2.16826e-05	0.000234993 0.000278 15
rVSVOmicron	51	C	57575	0	3.36603e-05	0.999966	0 3.4e-05 2
rVSVOmicron	52	C	46776	4.99014e-05	6.33883e-05	0.999887	0 0.000113 5
rVSVOmicron	53	T	47587	0	0.999098	0.0008771	2.44741e-05 0.000902 43
rVSVOmicron	54	G	48801	0.000265008	2.40916e-05	4.81832e-05	0.999663 0.000337 16
rVSVOmicron	55	A	49900	0.999657	0	2.87249e-05	0.000314059 0.000343 17
rVSVOmicron	56	C	51076	3.8643e-05	0.000163298	0.999798	0 0.000202 10
rVSVOmicron	57	C	52298	0.000135459	0.000240409	0.999624	0 0.000376 20
rVSVOmicron	58	A	53321	0.99991	2.23147e-05	2.29178e-05	4.46293e-05 9e-05 5
rVSVOmicron	59	C	54304	3.04441e-05	0.000141097	0.999828	0 0.000172 9
rVSVOmicron	60	A	55386	0.999632	0	0	0.000367766 0.000368 20
rVSVOmicron	61	C	56485	0	0.00090661	0.999093	0 0.000907 51
rVSVOmicron	62	G	57800	0.000134022	0.00010288	2.0576e-05	0.999743 0.000257 15
rVSVOmicron	63	G	58118	7.1204e-05	2.04229e-05	1.26953e-05	0.999896 0.000104 6
rVSVOmicron	64	A	57053	0.999876	2.07426e-05	0	0.000103713 0.000124 7
rVSVOmicron	65	C	58023	0	4.08911e-05	0.999959	0 4.1e-05 2
rVSVOmicron	66	C	58018	8.10645e-05	0.000257267	0.999662	0 0.000338 20
rVSVOmicron	67	C	59085	2.47338e-05	0.000241842	0.999725	8.24461e-06 0.000275 16
rVSVOmicron	68	A	60213	0.999313	1.98814e-05	0.000481989	0.000185381 0.000687 41
rVSVOmicron	69	G	61091	0.0006968	3.90927e-05	0.000136824	0.999127 0.000873 53
rVSVOmicron	70	C	61821	1.92285e-05	0.00026816	0.999693	1.92285e-05 0.000307 19
rVSVOmicron	71	T	62668	0.000335315	0.999364	0.000300963	0 0.000636 40
rVSVOmicron	72	C	64118	0.000272524	0.000131494	0.999522	7.42792e-05 0.000478 31
rVSVOmicron	73	C	65785	0.000234157	0.000150671	0.999615	0 0.000385 25
rVSVOmicron	74	C	65715	4.03314e-05	8.16466e-05	0.99986	1.81983e-05 0.00014 9
rVSVOmicron	75	T	66406	5.37156e-05	0.99897	0.000929619	4.64567e-05 0.00103 68
rVSVOmicron	76	C	67944	0	6.67902e-05	0.999898	3.5053e-05 0.000102 7
rVSVOmicron	77	C	68954	0.000167239	0.000129445	0.999703	0 0.000297 20
rVSVOmicron	78	C	70232	4.54664e-05	0.000251457	0.999641	6.21684e-05 0.000359 25
rVSVOmicron	79	G	71310	0.000455323	1.09277e-05	5.46387e-05	0.999479 0.000521 37
rVSVOmicron	80	C	72488	1.65122e-05	0.000166461	0.999817	0 0.000183 13
rVSVOmicron	81	C	72535	0.000122444	5.71999e-05	0.99982	0 0.00018 13
rVSVOmicron	82	T	73327	0.000106224	0.998751	0.0011273	1.5491e-05 0.001249 92
rVSVOmicron	83	A	74890	0.999762	3.23738e-05	0	0.000205618 0.000238 18
rVSVOmicron	84	C	75828	1.9623e-05	6.39882e-05	0.999916	0 8.4e-05 6
rVSVOmicron	85	A	76820	0.99988	0	0	0.000120045 0.00012 9
rVSVOmicron	86	C	77841	0.00011766	6.15324e-05	0.999821	0 0.000179 14
rVSVOmicron	87	A	78949	0.999965	0	0	3.45096e-05 3.5e-05 3
rVSVOmicron	88	A	79886	0.999809	0	0.000170376	2.09307e-05 0.000191 15
rVSVOmicron	89	A	79385	0.999958	0	1.61804e-05	2.53639e-05 4.2e-05 3
rVSVOmicron	90	C	80045	3.53208e-05	7.02308e-05	0.999894	0 0.000106 8
rVSVOmicron	91	T	80651	1.49354e-05	0.999904	8.07317e-05	0 9.6e-05 8
rVSVOmicron	92	C	81631	0	8.83604e-05	0.999849	6.24891e-05 0.000151 12
rVSVOmicron	93	T	82279	0	0.999823	0.000147064	2.96533e-05 0.000177 15
rVSVOmicron	94	T	83687	0	0.999831	0.000139963	2.95079e-05 0.000169 14
rVSVOmicron	95	T	84733	1.43145e-05	0.982397	0.0175748	1.43145e-05 0.017603 1492
rVSVOmicron	96	C	86394	4.19628e-05	9.90473e-05	0.999845	1.39876e-05 0.000155 13
rVSVOmicron	97	A	87534	0.999801	0	0	0.000199385 0.000199 17
rVSVOmicron	98	C	88595	4.09996e-05	0.000204629	0.999754	0 0.000246 22
rVSVOmicron	99	C	89502	1.36978e-05	8.55185e-05	0.999887	1.36978e-05 0.000113 10
rVSVOmicron	100	C	90629	7.19541e-05	0.000231203	0.999667	3.03157e-05 0.000333 30
rVSVOmicron	101	G	91836	0.000339454	6.27291e-05	0.000532659	0.999065 0.000935 86
rVSVOmicron	102	G	92926	0.000789331	7.00674e-05	5.2908e-05	0.999088 0.000912 85
rVSVOmicron	103	G	93902	4.36692e-05	3.79886e-05	0	0.999918 8.2e-05 8
rVSVOmicron	104	G	94589	0.00012465	5.80996e-05	6.5142e-05	0.999752 0.000248 23
rVSVOmicron	105	C	95684	5.56002e-05	0.000377876	0.999394	0.000172635 0.000606 58
rVSVOmicron	106	G	96711	0.000862473	6.58739e-05	1.25636e-05	0.999059 0.000941 91
rVSVOmicron	107	T	97515	0	0.999937	6.31074e-05	0 6.3e-05 6
rVSVOmicron	108	G	98917	7.37787e-05	3.68893e-05	2.45929e-05	0.999865 0.000135 13
rVSVOmicron	109	T	99701	1.21688e-05	0.999793	0.000194371	0 0.000207 21
rVSVOmicron	110	A	101153	0.999784	6.38381e-05	2.43506e-05	0.000127676 0.000216 22
rVSVOmicron	111	C	101910	7.72109e-05	0.000197209	0.999702	2.38067e-05 0.000298 30
rVSVOmicron	112	T	102800	1.18579e-05	0.99982	0.000168575	0 0.00018 19
rVSVOmicron	113	A	104602	0.999813	0	1.17242e-05	0.000175229 0.000187 20
rVSVOmicron	114	C	105612	4.90159e-05	0.000100217	0.999836	1.43613e-05 0.000164 17
rVSVOmicron	115	C	106468	3.46628e-05	0.000126785	0.999827	1.15543e-05 0.000173 18
rVSVOmicron	116	C	107501	5.18169e-05	0.000106737	0.999782	5.98842e-05 0.000218 23
rVSVOmicron	117	C	108781	7.29809e-05	0.000235501	0.999657	3.40373e-05 0.000343 37
rVSVOmicron	118	G	110123	0.000244288	3.6013e-05	4.50163e-05	0.999675 0.000325 36
rVSVOmicron	119	A	111318	0.999891	2.46213e-05	0	8.39498e-05 0.000109 12
rVSVOmicron	120	C	112860	3.24907e-05	4.33209e-05	0.999913	1.08302e-05 8.7e-05 10
rVSVOmicron	121	A	116545	0.999605	1.33596e-05	0	0.000381911 0.000395 46
rVSVOmicron	122	A	118642	0.999456	4.46406e-05	6.43854e-05	0.000434959 0.000544 65
rVSVOmicron	123	G	120655	7.90901e-05	0.000191918	0	0.999729 0.000271 33
rVSVOmicron	124	G	113599	0.00057339	9.93875e-05	1.08797e-05	0.999316 0.000684 78
rVSVOmicron	125	T	114394	1.07408e-05	0.998801	0.000563745	0.000624996 0.001199 137
rVSVOmicron	126	G	116008	6.36744e-05	7.17054e-05	3.41318e-05	0.99983 0.00017 20
rVSVOmicron	127	T	115814	0	0.999935	6.54549e-05	0 6.5e-05 8
rVSVOmicron	128	T	116970	1.05319e-05	0.999939	5.03822e-05	0 6.1e-05 7
rVSVOmicron	129	C	118470	4.45883e-05	0.000310425	0.99962	2.45518e-05 0.00038 45
rVSVOmicron	130	C	119576	7.50995e-05	0.000286107	0.999564	7.50995e-05 0.000436 52
rVSVOmicron	131	G	121017	0.00023737	0.000187019	3.07087e-05	0.999545 0.000455 55
rVSVOmicron	132	G	121752	0.000120521	3.49457e-05	1.0181e-05	0.999834 0.000166 20
rVSVOmicron	133	T	117599	1.05654e-05	0.999905	8.48086e-05	0 9.5e-05 11
rVSVOmicron	134	C	117438	2.67034e-05	7.92579e-05	0.999885	8.52236e-06 0.000115 14
rVSVOmicron	135	T	118242	1.04438e-05	0.999904	8.58081e-05	0 9.6e-05 11
rVSVOmicron	136	A	120443	0.999554	0	2.08808e-05	0.000425517 0.000446 54
rVSVOmicron	137	G	116296	0.000139317	5.43748e-05	1.35202e-05	0.999793 0.000207 24
rVSVOmicron	138	C	116983	6.37771e-05	0.0333609	0.966535	4.07944e-05 0.033465 3915
rVSVOmicron	139	G	118251	0.000199797	4.83838e-05	2.10612e-05	0.999731 0.000269 32
rVSVOmicron	140	T	118908	0	0.999826	7.01063e-05	0.000103746 0.000174 21
rVSVOmicron	141	G	120284	0.000205115	3.49786e-05	0.000108574	0.999651 0.000349 42
rVSVOmicron	142	C	120373	4.79136e-05	0.000251547	0.999688	1.28141e-05 0.000312 38
rVSVOmicron	143	T	121135	3.59521e-06	0.999762	0.000225945	8.29664e-06 0.000238 29
rVSVOmicron	144	C	122918	0.000473567	0.00022656	0.99929	1.00875e-05 0.00071 87
rVSVOmicron	145	C	123871	0.000515048	0.000102739	0.999315	6.74984e-05 0.000685 85
rVSVOmicron	146	A	124078	0.999322	2.8036e-05	0.000465829	0.000183851 0.000678 84
rVSVOmicron	147	C	124184	6.43512e-05	6.38149e-05	0.999872	0 0.000128 16
rVSVOmicron	148	T	124379	1.98362e-05	0.999735	0.000244736	0 0.000265 33
rVSVOmicron	149	C	124046	6.15125e-05	4.42038e-05	0.999843	5.13935e-05 0.000157 19
rVSVOmicron	150	T	124341	1.2259e-05	0.999838	0.00015004	0 0.000162 20
rVSVOmicron	151	A	125659	0.999949	1.97124e-05	0	3.16996e-05 5.1e-05 6
rVSVOmicron	152	C	126709	6.97967e-05	7.00581e-05	0.999841	1.9083e-05 0.000159 20
rVSVOmicron	153	A	126214	0.999886	3.16943e-05	0	8.26694e-05 0.000114 14
rVSVOmicron	154	C	122977	3.96727e-05	0.000239644	0.999702	1.90322e-05 0.000298 37
rVSVOmicron	155	A	123382	0.999231	2.23677e-05	0.000114803	0.000632226 0.000769 95
rVSVOmicron	156	G	125165	0.00012931	7.10145e-05	1.96085e-05	0.99978 0.00022 28
rVSVOmicron	157	G	127029	5.32144e-05	4.82582e-05	2.89549e-05	0.99987 0.00013 17
rVSVOmicron	158	A	127820	0.999915	9.51815e-06	0	7.5888e-05 8.5e-05 11
rVSVOmicron	159	C	129483	0.00144124	0.00015826	0.992768	0.00563231 0.007232 936
rVSVOmicron	160	C	119793	3.06216e-05	0.000272008	0.999687	1.02072e-05 0.000313 37
rVSVOmicron	161	T	117441	4.63706e-05	0.998238	0.0016618	5.41921e-05 0.001762 207
rVSVOmicron	162	G	118864	9.52115e-05	3.0902e-05	0.00152283	0.998351 0.001649 196
rVSVOmicron	163	T	119141	0	0.992767	0.000108933	0.00712435 0.007233 862
rVSVOmicron	164	T	119537	0.0015831	0.993224	6.21314e-05	0.00513044 0.006776 810
rVSVOmicron	165	C	120787	5.44842e-05	0.000162627	0.999773	1.01814e-05 0.000227 27
rVSVOmicron	166	C	119355	5.41511e-05	9.66984e-05	0.999839	1.02224e-05 0.000161 19
rVSVOmicron	167	T	119294	1.01111e-05	0.999687	0.000302514	0 0.000313 37
rVSVOmicron	168	C	120484	4.2893e-05	0.000125947	0.999773	5.81924e-05 0.000227 27
rVSVOmicron	169	C	120916	5.34067e-05	9.46377e-05	0.999852	0 0.000148 18
rVSVOmicron	170	C	120959	0.000150852	0.000156318	0.999658	3.49803e-05 0.000342 41
rVSVOmicron	171	T	121009	5.31011e-05	0.999451	0.000455465	4.05101e-05 0.000549 66
rVSVOmicron	172	T	121701	1.99085e-05	0.99985	0.000117208	1.26181e-05 0.00015 18
rVSVOmicron	173	T	122189	1.00098e-05	0.99997	1.00098e-05	1.00098e-05 3e-05 4
rVSVOmicron	174	C	121559	2.97936e-05	0.000859452	0.999111	0 0.000889 108
rVSVOmicron	175	T	121634	2.00833e-05	0.999867	0.000105844	7.32768e-06 0.000133 16
rVSVOmicron	176	T	122947	9.85554e-06	0.999941	4.92777e-05	0 5.9e-05 7
rVSVOmicron	177	C	123899	1.94568e-05	0.000114112	0.999815	5.10084e-05 0.000185 23
rVSVOmicron	178	A	123644	0.99982	2.17226e-05	9.00694e-06	0.000149144 0.00018 22
rVSVOmicron	179	G	124267	0.00014834	3.88007e-05	9.76617e-06	0.999803 0.000197 24
rVSVOmicron	180	C	125305	3.4471e-05	0.000127961	0.999828	9.66233e-06 0.000172 22
rVSVOmicron	181	A	125480	0.999842	0.000148025	0	9.57502e-06 0.000158 20
rVSVOmicron	182	A	125841	0.999956	0	0	4.35079e-05 4.4e-05 6
rVSVOmicron	183	C	126081	5.97482e-05	0.000208731	0.999732	0 0.000268 34
rVSVOmicron	184	G	124738	0.000478688	1.94311e-05	9.71556e-06	0.999492 0.000508 63
rVSVOmicron	185	T	125147	1.54324e-05	0.99983	0.000154062	0 0.00017 21
rVSVOmicron	186	G	126340	3.09554e-05	6.19108e-05	3.81783e-05	0.999869 0.000131 17
rVSVOmicron	187	A	126674	0.999783	5.85856e-05	0	0.000158798 0.000217 27
rVSVOmicron	188	C	127599	3.40287e-05	0.000120764	0.999845	0 0.000155 20
rVSVOmicron	189	A	123102	0.999754	2.21453e-05	1.9744e-05	0.000203844 0.000246 30
rVSVOmicron	190	T	123465	1.95866e-05	0.999929	3.1762e-05	1.95866e-05 7.1e-05 9
rVSVOmicron	191	G	124496	8.61438e-05	0.000100369	9.74716e-06	0.999804 0.000196 24
rVSVOmicron	192	G	122818	7.39878e-05	0.00101873	2.75117e-05	0.99888 0.00112 138
rVSVOmicron	193	T	122958	7.99784e-06	0.999771	0.000126862	9.45952e-05 0.000229 28
rVSVOmicron	194	T	122477	9.83695e-06	0.999818	0.000162709	9.57109e-06 0.000182 22
rVSVOmicron	195	C	125367	3.92189e-05	7.76535e-05	0.999873	9.674e-06 0.000127 16
rVSVOmicron	196	C	125896	3.2208e-05	0.000320781	0.999597	5.01302e-05 0.000403 51
rVSVOmicron	197	A	125965	0.999687	3.83114e-05	9.57784e-06	0.000264814 0.000313 39
rVSVOmicron	198	C	124749	2.87814e-05	0.000149663	0.999782	3.92474e-05 0.000218 27
rVSVOmicron	199	G	125258	0.000499395	3.8415e-05	3.73697e-05	0.999425 0.000575 72
rVSVOmicron	200	T	125455	1.95273e-05	0.999804	0.000176801	0 0.000196 25
rVSVOmicron	201	G	126192	0.000126626	2.68758e-05	5.81447e-05	0.999788 0.000212 27
rVSVOmicron	202	A	126011	0.999891	0	0	0.000108794 0.000109 14
rVSVOmicron	203	T	125465	2.15562e-05	0.997309	0.00266959	0 0.002691 338
rVSVOmicron	204	C	123663	4.1946e-05	6.05595e-05	0.99989	7.86487e-06 0.00011 14
rVSVOmicron	205	T	124079	2.9019e-05	0.999794	0.000176728	0 0.000206 26
rVSVOmicron	206	C	124650	4.80971e-05	6.00564e-05	0.999813	7.85152e-05 0.000187 23
rVSVOmicron	207	T	124840	4.33635e-05	0.999674	0.00025574	2.71675e-05 0.000326 41
rVSVOmicron	208	G	126260	0.00017951	2.48314e-05	4.24203e-05	0.999753 0.000247 31
rVSVOmicron	209	G	126219	0.00052941	7.9554e-05	2.87638e-05	0.999362 0.000638 81
rVSVOmicron	210	C	126770	5.03171e-05	0.000302673	0.999647	0 0.000353 45
rVSVOmicron	211	A	126855	0.999909	1.27538e-05	0	7.7798e-05 9.1e-05 12
rVSVOmicron	212	C	127637	3.70829e-05	5.86722e-05	0.999895	9.39772e-06 0.000105 13
rVSVOmicron	213	A	127710	0.99989	0	0	0.000109706 0.00011 14
rVSVOmicron	214	A	128127	0.999924	2.73338e-05	0	4.82811e-05 7.6e-05 10
rVSVOmicron	215	A	128321	0.999828	0	1.94248e-05	0.000152773 0.000172 22
rVSVOmicron	216	C	128941	5.09932e-05	0.000378555	0.999561	9.29432e-06 0.000439 57
rVSVOmicron	217	G	129335	7.93617e-05	2.10448e-05	6.99803e-05	0.99983 0.00017 22
rVSVOmicron	218	G	129552	0.000733407	6.36647e-05	2.80428e-05	0.999175 0.000825 107
rVSVOmicron	219	C	129976	3.22018e-05	0.000226411	0.99973	1.14828e-05 0.00027 35
rVSVOmicron	220	A	129970	0.999897	2.75808e-05	0	7.5785e-05 0.000103 13
rVSVOmicron	221	C	130735	1.13879e-05	3.88675e-05	0.99995	0 5e-05 7
rVSVOmicron	222	A	130852	0.999876	0	3.74419e-05	8.70339e-05 0.000124 16
rVSVOmicron	223	A	131381	0.999917	0	9.28737e-06	7.37969e-05 8.3e-05 11
rVSVOmicron	224	A	131405	0.999661	4.86685e-05	0.000114989	0.000175509 0.000339 45
rVSVOmicron	225	G	131912	9.18427e-06	3.67371e-05	9.18427e-06	0.999945 5.5e-05 7
rVSVOmicron	226	C	132725	3.61862e-05	0.000489981	0.999474	0 0.000526 70
rVSVOmicron	227	G	133479	0.000109976	2.91973e-05	2.89539e-05	0.999832 0.000168 22
rVSVOmicron	228	G	133471	8.33105e-05	4.7258e-05	9.01313e-06	0.99986 0.00014 19
rVSVOmicron	229	T	133454	1.79704e-05	0.999829	0.000133078	2.0156e-05 0.000171 23
rVSVOmicron	230	T	131281	9.11335e-06	0.999939	4.28574e-05	9.11335e-06 6.1e-05 8
rVSVOmicron	231	C	132061	4.70108e-05	0.000322986	0.999482	0.000147853 0.000518 68
rVSVOmicron	232	G	132600	0.000514844	6.31366e-05	6.77682e-05	0.999354 0.000646 86
rVSVOmicron	233	A	132435	0.99981	8.92746e-06	7.23848e-06	0.000174206 0.00019 25
rVSVOmicron	234	C	133226	3.56723e-05	6.45958e-05	0.999873	2.67542e-05 0.000127 17
rVSVOmicron	235	A	133648	0.999962	0	0	3.81023e-05 3.8e-05 5
rVSVOmicron	236	A	133445	0.999917	0	1.51504e-05	6.76881e-05 8.3e-05 11
rVSVOmicron	237	C	132869	2.70522e-05	0.000245907	0.999727	0 0.000273 36
rVSVOmicron	238	C	134522	3.57687e-05	0.000102714	0.999862	0 0.000138 19
rVSVOmicron	239	C	134795	6.04353e-05	0.000234489	0.999696	8.94443e-06 0.000304 41
rVSVOmicron	240	C	135445	0.000102063	0.000182272	0.999691	2.44951e-05 0.000309 42
rVSVOmicron	241	G	135872	0.000132489	2.63081e-05	8.76938e-06	0.999832 0.000168 23
rVSVOmicron	242	T	135863	4.46127e-05	0.999712	0.000234397	8.92253e-06 0.000288 39
rVSVOmicron	243	G	136829	0.000307208	3.88989e-05	0	0.999654 0.000346 47
rVSVOmicron	244	C	135724	2.8389e-05	0.000135557	0.999816	1.96357e-05 0.000184 25
rVSVOmicron	245	T	135974	3.27301e-05	0.999663	0.000286622	1.73002e-05 0.000337 46
rVSVOmicron	246	C	137504	5.15185e-05	9.06818e-05	0.999825	3.26361e-05 0.000175 24
rVSVOmicron	247	C	138102	4.6491e-05	9.60345e-05	0.999857	0 0.000143 20
rVSVOmicron	248	C	138169	0.000121928	0.000170605	0.999699	8.65898e-06 0.000301 42
rVSVOmicron	249	T	137893	1.72647e-05	0.999537	0.000409453	3.66291e-05 0.000463 64
rVSVOmicron	250	T	138758	2.61378e-05	0.999792	0.000167659	1.45995e-05 0.000208 29
rVSVOmicron	251	T	139086	0	0.99993	6.09225e-05	8.66974e-06 7e-05 10
rVSVOmicron	252	C	139848	4.45325e-05	6.19783e-05	0.999868	2.548e-05 0.000132 18
rVSVOmicron	253	A	139054	0.999843	0	1.19049e-05	0.000145193 0.000157 22
rVSVOmicron	254	A	139401	0.999815	3.31702e-05	2.61127e-05	0.000125623 0.000185 26
rVSVOmicron	255	C	140251	5.2082e-05	0.000237667	0.999705	5.6858e-06 0.000295 41
rVSVOmicron	256	G	140728	0.000444606	5.79821e-05	2.75014e-05	0.99947 0.00053 75
rVSVOmicron	257	A	140167	0.999948	0	1.51346e-05	3.64606e-05 5.2e-05 7
rVSVOmicron	258	C	140166	1.6825e-05	0.000363784	0.999611	8.4125e-06 0.000389 55
rVSVOmicron	259	G	140599	0.000209838	3.59264e-05	3.38669e-05	0.99972 0.00028 39
rVSVOmicron	260	G	140669	0.000109389	8.43208e-06	8.43208e-06	0.999874 0.000126 18
rVSVOmicron	261	C	141115	3.35146e-05	0.000336731	0.999616	1.3587e-05 0.000384 54
rVSVOmicron	262	G	140570	0.000682306	3.64954e-05	2.69749e-05	0.999254 0.000746 105
rVSVOmicron	263	T	140824	1.71737e-05	0.999876	0.000100489	6.73024e-06 0.000124 17
rVSVOmicron	264	G	141532	0.000115427	3.33657e-05	1.84864e-05	0.999833 0.000167 24
rVSVOmicron	265	T	141543	4.80092e-05	0.999821	0.000122267	8.30066e-06 0.000179 25
rVSVOmicron	266	A	142089	0.999815	8.41032e-06	4.86435e-05	0.000128201 0.000185 26
rVSVOmicron	267	C	142256	2.49298e-05	0.000260977	0.999706	8.30993e-06 0.000294 42
rVSVOmicron	268	T	142210	2.78545e-05	0.99962	0.000317774	3.43539e-05 0.00038 54
rVSVOmicron	269	T	137951	1.72215e-05	0.999758	0.000225275	0 0.000242 33
rVSVOmicron	270	C	138787	0.000762742	9.05685e-05	0.999138	8.46221e-06 0.000862 120
rVSVOmicron	271	G	139299	0.000283239	5.31073e-05	8.50637e-06	0.999655 0.000345 48
rVSVOmicron	272	C	139813	3.56126e-05	0.000181487	0.999783	0 0.000217 30
rVSVOmicron	273	C	140409	5.24641e-05	0.000165796	0.99971	7.13149e-05 0.00029 41
rVSVOmicron	274	A	140247	0.999084	2.89541e-05	1.68709e-05	0.000869764 0.000916 128
rVSVOmicron	275	G	140838	0.000278495	5.01021e-05	5.21333e-05	0.999619 0.000381 54
rVSVOmicron	276	C	141760	9.37818e-05	0.000164569	0.999723	1.87113e-05 0.000277 39
rVSVOmicron	277	A	141951	0.999945	2.48928e-05	1.1213e-05	1.86135e-05 5.5e-05 8
rVSVOmicron	278	T	142439	8.25799e-06	0.994689	0.00528578	1.6516e-05 0.005311 756
rVSVOmicron	279	A	142043	0.99466	0	0.00522589	0.000114587 0.00534 759
rVSVOmicron	280	G	141058	5.28274e-05	0.000103368	0.000110686	0.999733 0.000267 38
rVSVOmicron	281	A	141147	0.999834	4.36271e-05	1.66413e-05	0.000105694 0.000166 23
rVSVOmicron	282	G	141952	5.70486e-05	6.22348e-05	6.24603e-05	0.999818 0.000182 26
rVSVOmicron	283	A	142803	0.999665	8.32404e-06	0	0.000326212 0.000335 48
rVSVOmicron	284	A	141652	0.99975	8.58172e-06	3.43269e-05	0.000206657 0.00025 35
rVSVOmicron	285	G	142451	2.48792e-05	4.52756e-05	2.24137e-06	0.999928 7.2e-05 10
rVSVOmicron	286	T	142879	8.29849e-06	0.999948	4.3511e-05	0 5.2e-05 7
rVSVOmicron	287	C	142849	2.47939e-05	9.60486e-05	0.999863	1.65293e-05 0.000137 20
rVSVOmicron	288	T	143131	1.01691e-05	0.999879	9.48381e-05	1.6359e-05 0.000121 17
rVSVOmicron	289	A	144220	0.999781	2.4536e-05	0.0001439	5.08403e-05 0.000219 32
rVSVOmicron	290	A	144642	0.999889	1.84401e-05	8.2203e-06	8.42026e-05 0.000111 16
rVSVOmicron	291	C	145402	3.2459e-05	3.2459e-05	0.999919	1.62295e-05 8.1e-05 12
rVSVOmicron	292	A	142492	0.999959	8.2562e-06	0	3.30248e-05 4.1e-05 6
rVSVOmicron	293	T	142904	8.43314e-06	0.999775	0.000208093	8.43314e-06 0.000225 32
rVSVOmicron	294	T	143366	0	0.999889	8.55291e-05	2.50494e-05 0.000111 16
rVSVOmicron	295	A	143875	0.999884	1.81085e-06	2.671e-05	8.78261e-05 0.000116 17
rVSVOmicron	296	T	144249	8.24056e-06	0.999922	5.96884e-05	9.79958e-06 7.8e-05 11
rVSVOmicron	297	C	144154	6.10925e-05	7.74133e-05	0.99986	1.76441e-06 0.00014 20
rVSVOmicron	298	C	144709	7.77735e-05	0.000210498	0.999693	1.83909e-05 0.000307 44
rVSVOmicron	299	G	145364	0.000100922	6.47218e-05	0.000193507	0.999641 0.000359 52
rVSVOmicron	300	G	145683	8.94705e-05	2.28622e-05	1.62674e-05	0.999871 0.000129 19
rVSVOmicron	301	G	146047	0.00011499	3.86208e-05	1.61465e-05	0.99983 0.00017 25
rVSVOmicron	302	G	146532	0.000164886	4.19787e-05	0	0.999793 0.000207 30
rVSVOmicron	303	C	146187	8.77293e-05	0.000146875	0.999741	2.44059e-05 0.000259 38
rVSVOmicron	304	T	146463	2.89551e-05	0.999196	0.000742599	3.22207e-05 0.000804 118
rVSVOmicron	305	G	148496	0.000144153	2.56272e-05	3.28882e-05	0.999797 0.000203 30
rVSVOmicron	306	G	149050	9.71733e-05	6.02775e-05	1.75899e-05	0.999825 0.000175 26
rVSVOmicron	307	A	148737	0.999886	3.92793e-05	0	7.43122e-05 0.000114 17
rVSVOmicron	308	T	149032	7.96566e-06	0.99995	2.66957e-05	1.5716e-05 5e-05 7
rVSVOmicron	309	T	149226	1.07165e-05	0.999808	0.000158175	2.31476e-05 0.000192 29
rVSVOmicron	310	T	149653	1.0646e-05	0.999923	5.87659e-05	7.87803e-06 7.7e-05 12
rVSVOmicron	311	T	148574	1.02575e-05	0.999966	1.6241e-05	7.90682e-06 3.4e-05 5
rVSVOmicron	312	C	149372	4.7203e-05	0.000195345	0.999748	9.48275e-06 0.000252 38
rVSVOmicron	313	G	148936	0.000164567	8.5268e-05	2.3875e-05	0.999726 0.000274 41
rVSVOmicron	314	G	147628	0.000222238	9.40734e-05	2.39499e-05	0.99966 0.00034 50
rVSVOmicron	315	C	148050	5.90457e-05	0.000176071	0.999765	0 0.000235 35
rVSVOmicron	316	A	146818	0.999869	2.99226e-06	7.90811e-06	0.000120331 0.000131 19
rVSVOmicron	317	C	147793	3.9319e-05	0.000151538	0.999801	7.8638e-06 0.000199 29
rVSVOmicron	318	C	148492	3.35674e-05	4.23334e-05	0.999902	2.20219e-05 9.8e-05 15
rVSVOmicron	319	A	148516	0.999861	7.74486e-06	1.54897e-05	0.000116173 0.000139 21
rVSVOmicron	320	C	149630	7.13427e-05	6.37888e-05	0.999857	7.76377e-06 0.000143 21
rVSVOmicron	321	A	149524	0.999903	1.56733e-05	3.38883e-05	4.74436e-05 9.7e-05 15
rVSVOmicron	322	C	148653	2.33085e-05	9.09241e-05	0.999878	7.7695e-06 0.000122 18
rVSVOmicron	323	T	149001	0.00442568	0.995434	0.000140384	0 0.004566 680
rVSVOmicron	324	C	150751	3.08153e-05	0.00457316	0.995356	4.0393e-05 0.004644 700
rVSVOmicron	325	G	150996	0.000135698	4.03539e-05	2.32087e-05	0.999801 0.000199 30
rVSVOmicron	326	A	149023	0.99991	0	2.3335e-05	6.6221e-05 9e-05 13
rVSVOmicron	327	C	148851	3.30537e-05	6.65312e-05	0.999893	7.83966e-06 0.000107 16
rVSVOmicron	328	T	147753	2.36535e-05	0.9999	7.67142e-05	0 0.0001 15
rVSVOmicron	329	C	148157	3.36137e-05	4.82007e-05	0.999903	1.56441e-05 9.7e-05 14
rVSVOmicron	330	T	148286	2.74416e-05	0.999732	0.000232396	7.93232e-06 0.000268 40
rVSVOmicron	331	A	149630	0.999878	7.87133e-06	7.87133e-06	0.000106157 0.000122 18
rVSVOmicron	332	A	149226	0.999868	3.21195e-05	9.9831e-06	9.00649e-05 0.000132 20
rVSVOmicron	333	G	149967	6.70364e-05	0.000801447	0	0.999132 0.000868 130
rVSVOmicron	334	A	150652	0.999922	3.13434e-05	0	4.63882e-05 7.8e-05 12
rVSVOmicron	335	C	151505	3.83898e-05	0.000138203	0.999823	0 0.000177 27
rVSVOmicron	336	A	151092	0.999948	7.83007e-06	7.83007e-06	3.63993e-05 5.2e-05 8
rVSVOmicron	337	C	151850	5.2082e-05	0.000212048	0.999736	0 0.000264 40
rVSVOmicron	338	A	151585	0.999262	5.60939e-05	8.70711e-05	0.000595265 0.000738 112
rVSVOmicron	339	G	152477	0.000155319	5.9038e-05	3.32221e-05	0.999752 0.000248 38
rVSVOmicron	340	T	152678	0.00315289	0.996685	0.000143993	1.80771e-05 0.003315 506
rVSVOmicron	341	C	152325	0.00569856	6.9796e-05	0.994224	7.68587e-06 0.005776 880
rVSVOmicron	342	C	153255	5.42262e-05	0.000137136	0.999793	1.54932e-05 0.000207 32
rVSVOmicron	343	C	149679	3.3158e-05	4.68858e-05	0.999887	3.27356e-05 0.000113 17
rVSVOmicron	344	T	149959	4.27026e-05	0.999527	0.000416141	1.38155e-05 0.000473 71
rVSVOmicron	345	C	152117	1.53964e-05	6.34583e-05	0.999898	2.28866e-05 0.000102 16
rVSVOmicron	346	C	152239	2.30685e-05	0.000159401	0.999775	4.21883e-05 0.000225 34
rVSVOmicron	347	T	152626	1.04138e-05	0.998563	0.00142669	0 0.001437 219
rVSVOmicron	348	G	154357	2.46536e-05	6.69755e-05	0	0.999908 9.2e-05 14
rVSVOmicron	349	A	149424	0.999918	1.74874e-05	0	6.46823e-05 8.2e-05 12
rVSVOmicron	350	T	149533	2.40958e-05	0.999934	2.60495e-05	1.60638e-05 6.6e-05 10
rVSVOmicron	351	T	148603	0	0.999935	3.93998e-05	2.55566e-05 6.5e-05 10
rVSVOmicron	352	G	148208	9.06181e-05	8.10006e-05	7.90771e-06	0.99982 0.00018 27
rVSVOmicron	353	T	148103	1.97572e-05	0.999931	4.94992e-05	0 6.9e-05 10
rVSVOmicron	354	G	149000	6.27192e-05	5.72101e-05	4.11065e-05	0.999839 0.000161 24
rVSVOmicron	355	A	148904	0.999885	0	1.62378e-05	9.84952e-05 0.000115 17
rVSVOmicron	356	A	149123	0.999895	0	9.75752e-06	9.50298e-05 0.000105 16
rVSVOmicron	357	C	149913	1.74888e-05	0.000105143	0.999862	1.55924e-05 0.000138 21
rVSVOmicron	358	A	147083	0.999949	0	7.96064e-06	4.26002e-05 5.1e-05 8
rVSVOmicron	359	A	147325	0.999896	8.06509e-06	1.28605e-05	8.26126e-05 0.000104 15
rVSVOmicron	360	C	148181	4.69865e-05	0.000488446	0.999457	7.90227e-06 0.000543 80
rVSVOmicron	361	G	148211	0.000470772	6.37751e-05	7.97189e-06	0.999457 0.000543 80
rVSVOmicron	362	C	148130	5.84285e-05	0.000103109	0.999831	7.948e-06 0.000169 25
rVSVOmicron	363	C	148233	5.1947e-05	6.49337e-05	0.999844	3.9386e-05 0.000156 23
rVSVOmicron	364	A	147955	0.999901	1.76067e-05	2.23305e-05	5.94764e-05 9.9e-05 15
rVSVOmicron	365	C	148767	2.34833e-05	6.62186e-05	0.99991	0 9e-05 13
rVSVOmicron	366	A	149044	0.999677	0	0.000275019	4.79037e-05 0.000323 48
rVSVOmicron	367	A	149314	0.999584	0	3.79904e-05	0.000378367 0.000416 62
rVSVOmicron	368	A	147412	0.999907	1.86436e-05	0	7.47991e-05 9.3e-05 14
rVSVOmicron	369	C	148273	3.33498e-05	8.80004e-05	0.999831	4.77655e-05 0.000169 25
rVSVOmicron	370	G	147241	0.000129626	3.73756e-05	3.19745e-05	0.999801 0.000199 29
rVSVOmicron	371	T	146877	4.31412e-05	0.99984	9.18418e-05	2.46839e-05 0.00016 24
rVSVOmicron	372	G	147026	8.59778e-05	4.00652e-05	6.19387e-05	0.999812 0.000188 28
rVSVOmicron	373	G	146339	7.53418e-05	8.01048e-06	1.6021e-05	0.999901 9.9e-05 14
rVSVOmicron	374	T	146402	0.0118131	0.988123	4.71281e-05	1.62208e-05 0.011877 1739
rVSVOmicron	375	G	147686	8.12058e-05	1.58555e-05	0.0114762	0.988427 0.011573 1709
rVSVOmicron	376	A	146522	0.999968	0	0	3.20745e-05 3.2e-05 5
rVSVOmicron	377	T	146733	8.2069e-06	0.999959	1.6192e-05	1.64138e-05 4.1e-05 6
rVSVOmicron	378	T	147246	2.38076e-05	0.999891	8.49351e-05	0 0.000109 16
rVSVOmicron	379	A	148561	0.999397	2.38836e-05	7.9612e-06	0.000571485 0.000603 90
rVSVOmicron	380	A	148405	0.999106	0.000181938	0.00010531	0.000606388 0.000894 133
rVSVOmicron	381	G	148807	0.000241001	9.47635e-05	2.39063e-05	0.99964 0.00036 54
rVSVOmicron	382	G	147061	4.85442e-05	4.24215e-05	1.61814e-05	0.999893 0.000107 16
rVSVOmicron	383	T	147016	8.02016e-06	0.999944	4.8121e-05	0 5.6e-05 8
rVSVOmicron	384	G	148633	2.37792e-05	4.15601e-05	7.92641e-06	0.999927 7.3e-05 11
rVSVOmicron	385	T	148786	3.32934e-05	0.99991	5.71963e-05	0 9e-05 13
rVSVOmicron	386	G	149848	0.000120259	5.51277e-05	0	0.999825 0.000175 26
rVSVOmicron	387	C	150258	6.71353e-05	0.000747468	0.99917	1.58217e-05 0.00083 125
rVSVOmicron	388	G	150635	5.86443e-05	5.35632e-05	4.89055e-05	0.999839 0.000161 24
rVSVOmicron	389	A	149987	0.999856	1.55941e-05	0	0.000128124 0.000144 22
rVSVOmicron	390	G	150767	0.000136305	2.34209e-05	6.01347e-05	0.99978 0.00022 33
rVSVOmicron	391	T	151074	7.66714e-05	0.999872	3.55515e-05	1.58483e-05 0.000128 19
rVSVOmicron	392	T	151444	1.69556e-05	0.999873	9.44073e-05	1.54903e-05 0.000127 19
rVSVOmicron	393	C	149613	2.5881e-05	0.000113876	0.999852	7.97997e-06 0.000148 22
rVSVOmicron	394	C	150073	8.86963e-05	0.000150184	0.999702	5.93451e-05 0.000298 45
rVSVOmicron	395	A	149542	0.999567	7.87372e-06	7.87372e-06	0.000417095 0.000433 65
rVSVOmicron	396	G	150476	6.49577e-05	2.36404e-05	0	0.999911 8.9e-05 13
rVSVOmicron	397	T	150642	8.03035e-05	0.99983	6.5328e-05	2.40911e-05 0.00017 26
rVSVOmicron	398	T	150975	0	0.999934	6.56181e-05	0 6.6e-05 10
rVSVOmicron	399	C	149771	2.58916e-05	0.000122182	0.999844	7.91726e-06 0.000156 23
rVSVOmicron	400	T	149901	7.85515e-06	0.999828	0.000156041	7.85515e-06 0.000172 26
rVSVOmicron	401	G	151733	0.000216981	7.39469e-05	1.56345e-05	0.999693 0.000307 47
rVSVOmicron	402	C	152196	2.72025e-05	0.000263379	0.999692	1.72915e-05 0.000308 47
rVSVOmicron	403	A	152375	0.999489	0.000266874	0	0.000243622 0.000511 78
rVSVOmicron	404	A	152998	0.99992	7.84979e-06	1.56996e-05	5.66458e-05 8e-05 12
rVSVOmicron	405	C	153908	4.81512e-05	0.000131113	0.999813	7.71253e-06 0.000187 29
rVSVOmicron	406	G	154549	0.000228353	2.30429e-05	7.68097e-06	0.999741 0.000259 40
rVSVOmicron	407	A	154520	0.999899	1.53527e-05	7.67633e-06	7.8423e-05 0.000101 16
rVSVOmicron	408	C	154838	4.85865e-05	0.000146176	0.999798	7.71545e-06 0.000202 31
rVSVOmicron	409	C	155411	5.3873e-05	5.42923e-05	0.999884	7.75604e-06 0.000116 18
rVSVOmicron	410	C	155038	0.000178647	6.3431e-05	0.99975	7.69491e-06 0.00025 39
rVSVOmicron	411	T	154799	3.58657e-05	0.999731	0.000217515	1.56121e-05 0.000269 42
rVSVOmicron	412	T	155853	8.00026e-06	0.999851	8.56244e-05	5.57856e-05 0.000149 23
rVSVOmicron	413	T	155723	3.50489e-05	0.999879	8.59728e-05	0 0.000121 19
rVSVOmicron	414	C	156418	0.000258282	7.56854e-05	0.999658	7.65126e-06 0.000342 53
rVSVOmicron	415	C	155167	6.91139e-05	4.96043e-05	0.999844	3.75664e-05 0.000156 24
rVSVOmicron	416	T	154977	3.8769e-05	0.999263	0.000690297	7.75379e-06 0.000737 114
rVSVOmicron	417	G	156466	0.000123127	0.000112936	3.11977e-05	0.999733 0.000267 42
rVSVOmicron	418	G	156878	7.62522e-05	3.05009e-05	3.99809e-05	0.999853 0.000147 23
rVSVOmicron	419	A	156864	0.999737	0	9.33389e-06	0.000253233 0.000263 41
rVSVOmicron	420	T	157054	1.50775e-05	0.999961	1.67075e-05	7.53874e-06 3.9e-05 6
rVSVOmicron	421	C	158378	2.24477e-05	5.41979e-05	0.999906	1.75941e-05 9.4e-05 15
rVSVOmicron	422	A	158198	0.999599	0.000297621	0	0.000103826 0.000401 63
rVSVOmicron	423	C	159146	0.000112355	5.61773e-05	0.999824	7.45004e-06 0.000176 28
rVSVOmicron	424	A	158930	0.999799	5.25554e-06	1.49581e-05	0.00018071 0.000201 32
rVSVOmicron	425	A	158329	0.999852	2.51635e-05	1.50169e-05	0.000107351 0.000148 23
rVSVOmicron	426	G	157319	0.000109992	5.71873e-05	7.72237e-06	0.999825 0.000175 28
rVSVOmicron	427	A	158282	0.999568	0.000163812	0.00025122	1.6911e-05 0.000432 68
rVSVOmicron	428	A	158502	0.999844	1.50173e-05	1.72496e-05	0.000123791 0.000156 25
rVSVOmicron	429	C	157891	2.25238e-05	0.000276982	0.999678	2.25238e-05 0.000322 51
rVSVOmicron	430	A	157374	0.99993	1.68714e-05	2.25629e-05	3.04904e-05 7e-05 11
rVSVOmicron	431	A	157410	0.999879	1.52794e-05	0	0.000105717 0.000121 19
rVSVOmicron	432	C	158193	7.66935e-05	4.76798e-05	0.999868	7.50704e-06 0.000132 21
rVSVOmicron	433	A	158098	0.99984	2.50301e-05	5.0686e-05	8.46852e-05 0.00016 25
rVSVOmicron	434	A	156212	0.999877	7.93133e-06	5.57337e-05	5.93778e-05 0.000123 19
rVSVOmicron	435	G	157055	2.35982e-05	2.35982e-05	0	0.999953 4.7e-05 7
rVSVOmicron	436	T	157132	1.54836e-05	0.999818	0.000166763	0 0.000182 29
rVSVOmicron	437	C	154507	7.00977e-05	4.27322e-05	0.99986	2.7155e-05 0.00014 22
rVSVOmicron	438	T	154170	7.80891e-06	0.999945	4.76976e-05	0 5.5e-05 8
rVSVOmicron	439	T	155723	1.53247e-05	0.999894	7.31028e-05	1.71885e-05 0.000106 17
rVSVOmicron	440	G	156573	0.000474017	9.20782e-05	3.3239e-05	0.999401 0.000599 94
rVSVOmicron	441	G	156999	5.50167e-05	4.55735e-05	3.07929e-05	0.999869 0.000131 21
rVSVOmicron	442	A	156961	0.999763	3.05384e-05	0	0.000206847 0.000237 37
rVSVOmicron	443	T	157320	1.50351e-05	0.999938	4.69338e-05	0 6.2e-05 10
rVSVOmicron	444	G	158121	0.000129909	8.94653e-05	4.94306e-05	0.999731 0.000269 43
rVSVOmicron	445	G	157630	3.51055e-05	0.000112256	4.14326e-05	0.999811 0.000189 30
rVSVOmicron	446	A	156431	0.999704	4.71207e-05	7.51494e-06	0.000241494 0.000296 46
rVSVOmicron	447	G	157313	7.41778e-05	2.99954e-05	7.49885e-06	0.999888 0.000112 18
rVSVOmicron	448	T	156946	2.16946e-05	0.997305	0.00267314	0 0.002695 423
rVSVOmicron	449	C	153557	0.000194799	0.000238967	0.99956	6.25023e-06 0.00044 68
rVSVOmicron	450	T	154036	0.000282458	0.999364	0.000344451	9.23735e-06 0.000636 98
rVSVOmicron	451	G	156142	0.000206756	5.27584e-05	6.02953e-05	0.99968 0.00032 50
rVSVOmicron	452	A	156618	0.999659	4.86488e-05	1.50628e-05	0.00027683 0.000341 53
rVSVOmicron	453	G	156995	5.29939e-05	1.90859e-05	7.51254e-06	0.99992 8e-05 13
rVSVOmicron	454	T	157507	9.24218e-05	0.999824	8.38149e-05	0 0.000176 28
rVSVOmicron	455	T	157829	1.46934e-05	0.999924	6.08144e-05	0 7.6e-05 12
rVSVOmicron	456	C	158608	6.58588e-05	0.000324475	0.999565	4.41736e-05 0.000435 69
rVSVOmicron	457	A	157831	0.999479	1.66667e-05	7.42973e-06	0.000496989 0.000521 82
rVSVOmicron	458	G	158591	8.17479e-05	9.70129e-05	1.70727e-05	0.999804 0.000196 31
rVSVOmicron	459	A	158102	0.999794	7.48907e-06	7.48907e-06	0.00019087 0.000206 33
rVSVOmicron	460	G	157734	0.00618916	2.95001e-05	0	0.993781 0.006219 981
rVSVOmicron	461	T	158404	0	0.99369	4.22764e-05	0.00626773 0.00631 1000
rVSVOmicron	462	G	157617	0.000131755	4.66087e-05	2.23964e-05	0.999799 0.000201 32
rVSVOmicron	463	T	152299	2.68936e-05	0.999215	0.000751562	6.04585e-06 0.000785 120
rVSVOmicron	464	A	152341	0.999164	1.54468e-05	0	0.000820141 0.000836 127
rVSVOmicron	465	C	152053	0.00074619	0.000176773	0.999054	2.33316e-05 0.000946 144
rVSVOmicron	466	T	144131	1.63505e-05	0.999151	0.00083299	0 0.000849 122
rVSVOmicron	467	C	142756	2.46609e-05	5.39874e-05	0.999911	1.02198e-05 8.9e-05 13
rVSVOmicron	468	T	143032	8.2996e-06	0.999884	9.82494e-05	9.19686e-06 0.000116 17
rVSVOmicron	469	A	144089	0.999711	0	2.47076e-05	0.000264438 0.000289 42
rVSVOmicron	470	G	144362	4.51945e-05	4.49697e-05	6.74545e-06	0.999903 9.7e-05 14
rVSVOmicron	471	C	144153	5.95936e-05	0.000194346	0.999725	2.15693e-05 0.000275 40
rVSVOmicron	472	G	144335	0.000417843	2.4566e-05	3.27546e-05	0.999525 0.000475 69
rVSVOmicron	473	C	144654	2.96961e-05	8.35479e-05	0.99987	1.63993e-05 0.00013 19
rVSVOmicron	474	C	145128	5.25976e-05	0.000100155	0.999812	3.48459e-05 0.000188 27
rVSVOmicron	475	A	144908	0.999911	2.63153e-05	0	6.27181e-05 8.9e-05 13
rVSVOmicron	476	A	145163	0.999967	0	2.28218e-05	1.00942e-05 3.3e-05 5
rVSVOmicron	477	C	145847	2.78022e-05	6.82022e-05	0.999881	2.25893e-05 0.000119 17
rVSVOmicron	478	A	145860	0.999959	6.56265e-06	0	3.43445e-05 4.1e-05 6
rVSVOmicron	479	A	144875	0.999728	8.27806e-06	0.000242748	2.05833e-05 0.000272 39
rVSVOmicron	480	C	143140	8.17926e-06	7.56029e-05	0.9999	1.63585e-05 0.0001 14
rVSVOmicron	481	T	143702	4.97879e-05	0.999513	0.000393817	4.35083e-05 0.000487 70
rVSVOmicron	482	G	145750	0.000645774	0.000170507	3.25194e-05	0.999151 0.000849 124
rVSVOmicron	483	C	147897	7.92149e-06	0.000176842	0.999701	0.00011454 0.000299 44
rVSVOmicron	484	A	149641	0.999897	3.12996e-05	2.13599e-05	5.07561e-05 0.000103 15
rVSVOmicron	485	C	151800	3.75143e-05	0.000275174	0.999667	2.01194e-05 0.000333 51
rVSVOmicron	486	C	141716	6.91159e-05	6.46278e-05	0.999856	1.03225e-05 0.000144 20
rVSVOmicron	487	T	141971	0.000111527	0.999363	0.000411494	0.000114241 0.000637 90
rVSVOmicron	488	T	143083	0	0.999959	4.11355e-05	0 4.1e-05 6
rVSVOmicron	489	C	144067	3.26282e-05	7.71614e-05	0.999858	3.17464e-05 0.000142 20
rVSVOmicron	490	G	144906	7.90082e-05	0.00027587	5.06969e-05	0.999594 0.000406 59
rVSVOmicron	491	A	144057	0.999917	8.11029e-06	0	7.4527e-05 8.3e-05 12
rVSVOmicron	492	G	144845	6.41429e-05	6.03828e-05	1.63675e-05	0.999859 0.000141 20
rVSVOmicron	493	T	145223	8.15477e-06	0.998423	0.00154632	2.27011e-05 0.001577 229
rVSVOmicron	494	A	144356	0.999842	6.36874e-06	0	0.000151971 0.000158 23
rVSVOmicron	495	C	141838	6.85295e-05	0.000527115	0.999396	8.31341e-06 0.000604 86
rVSVOmicron	496	G	141619	0.000312795	2.49248e-05	8.30827e-06	0.999654 0.000346 49
rVSVOmicron	497	T	141715	1.12636e-05	0.999884	9.61916e-05	8.3351e-06 0.000116 16
rVSVOmicron	498	G	142647	0.000318412	7.43703e-05	2.71652e-05	0.99958 0.00042 60
rVSVOmicron	499	T	142711	0.000427167	0.999464	0.000109224	0 0.000536 76
rVSVOmicron	500	C	142772	4.13637e-05	7.64669e-05	0.999855	2.68305e-05 0.000145 21
rVSVOmicron	501	C	143400	2.49643e-05	9.60338e-05	0.999871	8.32143e-06 0.000129 18
rVSVOmicron	502	C	144029	9.21699e-05	0.000294678	0.99957	4.29831e-05 0.00043 62
rVSVOmicron	503	A	143650	0.99956	1.63464e-05	5.92004e-05	0.00036448 0.00044 63
rVSVOmicron	504	G	144574	5.74612e-05	4.7516e-05	8.17717e-06	0.999887 0.000113 16
rVSVOmicron	505	C	145699	5.70785e-05	0.000111953	0.999815	1.63081e-05 0.000185 27
rVSVOmicron	506	C	140400	0.000136856	0.000122943	0.999719	2.14408e-05 0.000281 39
rVSVOmicron	507	T	140317	4.3599e-05	0.999354	0.000525495	7.72786e-05 0.000646 91
rVSVOmicron	508	T	140856	0	0.99981	0.000136889	5.33964e-05 0.00019 27
rVSVOmicron	509	T	141015	4.17481e-05	0.999762	0.000196555	0 0.000238 34
rVSVOmicron	510	C	142036	3.62437e-05	4.36726e-05	0.999885	3.53433e-05 0.000115 16
rVSVOmicron	511	C	138303	0.000153244	0.000284299	0.999554	8.5521e-06 0.000446 62
rVSVOmicron	512	T	138685	8.51021e-06	0.999667	0.000316488	8.51021e-06 0.000333 46
rVSVOmicron	513	C	140315	3.84621e-05	2.80547e-05	0.999933	0 6.7e-05 9
rVSVOmicron	514	A	140999	0.999532	0	5.48448e-05	0.000413354 0.000468 66
rVSVOmicron	515	T	142402	8.38068e-06	0.999822	0.000153344	1.67614e-05 0.000178 25
rVSVOmicron	516	G	144571	8.46317e-05	0.00318229	5.15829e-05	0.996682 0.003318 480
rVSVOmicron	517	G	145725	5.19264e-05	6.8508e-05	1.61452e-05	0.999863 0.000137 20
rVSVOmicron	518	A	147423	0.998333	0.000245328	1.58001e-05	0.00140621 0.001667 246
rVSVOmicron	519	C	149476	1.58224e-05	8.74507e-05	0.999675	0.000221941 0.000325 49
rVSVOmicron	520	C	114449	4.13178e-05	5.751e-05	0.999897	4.18762e-06 0.000103 12
rVSVOmicron	521	T	114856	1.03189e-05	0.999336	0.000632798	2.06378e-05 0.000664 76
rVSVOmicron	522	G	109827	0.000216898	7.08475e-05	6.27175e-05	0.99965 0.00035 38
rVSVOmicron	523	G	110294	4.52191e-05	4.06108e-05	0.000129321	0.999785 0.000215 24
rVSVOmicron	524	A	109025	0.99874	7.17899e-05	1.0214e-05	0.00117782 0.00126 137
rVSVOmicron	525	G	107663	0.000110659	7.13928e-05	2.94495e-05	0.999789 0.000211 23
rVSVOmicron	526	G	106923	0.000116876	5.96429e-05	1.11454e-05	0.999812 0.000188 20
rVSVOmicron	527	G	106478	0.000300068	3.69823e-05	0	0.999663 0.000337 36
rVSVOmicron	528	C	106513	3.51492e-05	0.000134937	0.999819	1.10214e-05 0.000181 19
rVSVOmicron	529	A	106223	0.999783	0	0	0.00021737 0.000217 23
rVSVOmicron	530	A	105104	0.999658	5.03536e-05	1.18668e-05	0.000279671 0.000342 36
