rVSVOmicron	8	T	11495	0.000107847	0.999892	0	0 0.000108 1
rVSVOmicron	9	G	12451	9.9259e-05	9.9259e-05	9.9259e-05	0.999702 0.000298 4
rVSVOmicron	10	T	13051	0	0.999567	0.000432964	0 0.000433 6
rVSVOmicron	11	T	13743	0	0.999911	8.86521e-05	0 8.9e-05 1
rVSVOmicron	12	C	14681	0	0.000166765	0.999833	0 0.000167 2
rVSVOmicron	14	T	16038	0.000418271	0.999125	0.000457037	0 0.000875 14
rVSVOmicron	15	C	17210	7.03435e-05	0.000439172	0.999241	0.000249054 0.000759 13
rVSVOmicron	16	G	18297	9.27124e-05	0.000130154	0	0.999777 0.000223 4
rVSVOmicron	17	T	19091	0	0.999874	0.00012568	0 0.000126 2
rVSVOmicron	18	G	20182	0.000206198	0.000128873	5.9604e-05	0.999605 0.000395 8
rVSVOmicron	19	C	20950	0.000114207	0.000114207	0.999668	0.000103404 0.000332 7
rVSVOmicron	20	T	21832	4.41617e-05	0.999847	5.44662e-05	5.44662e-05 0.000153 3
rVSVOmicron	21	C	23126	0.000158437	0.000114972	0.999693	3.36504e-05 0.000307 7
rVSVOmicron	22	C	23873	0.000100101	0.0002746	0.999625	0 0.000375 9
rVSVOmicron	23	T	24728	0.000146993	0.999229	0.000538539	8.58541e-05 0.000771 19
rVSVOmicron	24	G	26066	0.000358023	0	0	0.999642 0.000358 9
rVSVOmicron	25	C	27113	4.42106e-05	0.000132632	0.999823	0 0.000177 5
rVSVOmicron	26	C	27515	4.34973e-05	0.000319764	0.999637	0 0.000363 10
rVSVOmicron	28	C	28974	0	0.000122874	0.999836	4.09579e-05 0.000164 5
rVSVOmicron	29	T	29736	0.00012008	0.99967	0.00020987	0 0.00033 10
rVSVOmicron	30	G	31987	0.000145203	0.000118986	3.73092e-05	0.999699 0.000301 10
rVSVOmicron	31	G	31611	3.77978e-05	0.000151191	3.77978e-05	0.999773 0.000227 7
rVSVOmicron	32	T	32403	0	0.99994	5.98807e-05	0 6e-05 2
rVSVOmicron	33	G	33507	0.00025113	7.8899e-05	3.56008e-05	0.999634 0.000366 12
rVSVOmicron	34	T	34115	3.5019e-05	0.999806	0.000159005	0 0.000194 7
rVSVOmicron	35	C	34873	0	0.000106691	0.999859	3.40308e-05 0.000141 5
rVSVOmicron	36	T	35753	0	0.999866	0.000100183	3.33944e-05 0.000134 5
rVSVOmicron	37	A	37467	0.999866	3.0891e-05	0	0.00010297 0.000134 5
rVSVOmicron	38	G	38484	6.9038e-05	8.37086e-05	0	0.999847 0.000153 6
rVSVOmicron	39	C	39362	6.07618e-05	0.000121524	0.999818	0 0.000182 7
rVSVOmicron	40	C	40437	5.90545e-05	0.000118109	0.999823	0 0.000177 7
rVSVOmicron	41	A	41569	0.999912	0	0	8.80889e-05 8.8e-05 4
rVSVOmicron	42	G	42597	0.000363571	2.80838e-05	0	0.999608 0.000392 17
rVSVOmicron	43	T	43340	0	0.999786	0	0.000214061 0.000214 9
rVSVOmicron	44	G	44064	9.35128e-05	8.17317e-05	3.38708e-05	0.999791 0.000209 9
rVSVOmicron	45	C	45114	5.3444e-05	0.000881825	0.999065	0 0.000935 42
rVSVOmicron	46	G	47384	0.000391249	7.10121e-05	0	0.999538 0.000462 22
rVSVOmicron	47	T	49450	0	0.999858	0.000141975	0 0.000142 7
rVSVOmicron	48	G	52538	0.000197696	0.000132002	2.27166e-05	0.999648 0.000352 18
rVSVOmicron	49	A	55945	0.999774	8.55144e-05	0	0.000140983 0.000226 13
rVSVOmicron	50	A	59326	0.99971	4.59546e-05	0	0.000244344 0.00029 17
rVSVOmicron	51	C	62433	1.89672e-05	0.00011124	0.99987	0 0.00013 8
rVSVOmicron	52	C	43642	5.06359e-05	0.000226372	0.999695	2.75519e-05 0.000305 13
rVSVOmicron	53	T	44468	0	0.9996	0.000373141	2.69127e-05 0.0004 18
rVSVOmicron	54	G	45745	0.000113227	2.63484e-05	7.90451e-05	0.999781 0.000219 10
rVSVOmicron	55	A	46337	0.999882	0	0	0.000118311 0.000118 5
rVSVOmicron	56	C	47275	5.10089e-05	0.000228851	0.99972	0 0.00028 13
rVSVOmicron	57	C	48273	5.59905e-05	0.000186185	0.999758	0 0.000242 12
rVSVOmicron	59	C	50129	2.39533e-05	0.00010164	0.999874	0 0.000126 6
rVSVOmicron	60	A	51147	0.999831	0	1.71639e-05	0.000151933 0.000169 9
rVSVOmicron	61	C	52087	4.61502e-05	0.000897434	0.999033	2.30751e-05 0.000967 50
rVSVOmicron	62	G	53328	0.000164246	4.98275e-05	4.55215e-05	0.99974 0.00026 14
rVSVOmicron	63	G	53918	0.000112199	0	2.24399e-05	0.999865 0.000135 7
rVSVOmicron	64	A	52553	0.999898	2.85568e-05	0	7.32545e-05 0.000102 5
rVSVOmicron	65	C	53438	7.21588e-05	0.000118634	0.999809	0 0.000191 10
rVSVOmicron	66	C	54461	7.84696e-05	0.00151586	0.998406	0 0.001594 87
rVSVOmicron	67	C	55498	8.79322e-05	0.000109915	0.999727	7.48612e-05 0.000273 15
rVSVOmicron	68	A	56580	0.999957	0	2.15182e-05	2.15182e-05 4.3e-05 2
rVSVOmicron	69	G	57269	0.000494362	2.11951e-05	0.000118578	0.999366 0.000634 36
rVSVOmicron	70	C	57888	2.08689e-05	0.000129162	0.999824	2.59452e-05 0.000176 10
rVSVOmicron	71	T	58710	0.000326658	0.999566	0.000107402	0 0.000434 25
rVSVOmicron	72	C	59955	4.04094e-05	0.000206415	0.999493	0.000259931 0.000507 30
rVSVOmicron	73	C	61597	8.78715e-05	3.96493e-05	0.999848	2.41111e-05 0.000152 9
rVSVOmicron	74	C	61564	1.97586e-05	0.000170885	0.999787	2.18947e-05 0.000213 13
rVSVOmicron	75	T	62373	0	0.999586	0.000394389	1.9379e-05 0.000414 26
rVSVOmicron	76	C	63608	8.48442e-05	0.000165061	0.99975	0 0.00025 16
rVSVOmicron	77	C	64620	0.000626812	0.000183995	0.999189	0 0.000811 52
rVSVOmicron	78	C	65675	1.86196e-05	7.85041e-05	0.999399	0.000504238 0.000601 39
rVSVOmicron	79	G	66662	0.000658441	1.93077e-05	1.83175e-05	0.999304 0.000696 46
rVSVOmicron	80	C	68627	0.000110549	0.000172284	0.999717	0 0.000283 19
rVSVOmicron	81	C	67551	5.41583e-05	9.80704e-05	0.99983	1.80528e-05 0.00017 11
rVSVOmicron	82	T	68307	5.36547e-05	0.999636	0.000292442	1.78849e-05 0.000364 25
rVSVOmicron	83	A	69816	0.999925	2.20779e-05	0	5.3275e-05 7.5e-05 5
rVSVOmicron	84	C	70797	1.72078e-05	0.000295322	0.999687	0 0.000313 22
rVSVOmicron	85	A	71747	0.999769	1.71686e-05	5.15058e-05	0.000162406 0.000231 17
rVSVOmicron	86	C	72700	0.000403665	0.000114492	0.999482	0 0.000518 38
rVSVOmicron	87	A	73760	0.999938	0	1.68766e-05	4.51562e-05 6.2e-05 5
rVSVOmicron	88	A	74639	0.999894	0	3.3972e-05	7.20758e-05 0.000106 8
rVSVOmicron	89	A	73214	0.999911	0	1.7714e-05	7.0856e-05 8.9e-05 7
rVSVOmicron	90	C	73719	0.000139244	5.10861e-05	0.99981	0 0.00019 14
rVSVOmicron	91	T	74296	1.64451e-05	0.999864	0.000119116	0 0.000136 10
rVSVOmicron	92	C	74916	1.62972e-05	3.25944e-05	0.999951	0 4.9e-05 4
rVSVOmicron	93	T	75606	0	0.999749	0.000217906	3.27079e-05 0.000251 19
rVSVOmicron	94	T	76433	0	0.999911	8.88635e-05	0 8.9e-05 7
rVSVOmicron	95	T	77217	1.59692e-05	0.999826	0.000103584	5.48132e-05 0.000174 13
rVSVOmicron	96	C	78430	1.55967e-05	0.000202757	0.999782	0 0.000218 17
rVSVOmicron	97	A	79333	0.999896	3.48115e-05	0	6.9623e-05 0.000104 8
rVSVOmicron	98	C	80259	0	3.05302e-05	0.999969	0 3.1e-05 2
rVSVOmicron	99	C	80920	6.49396e-05	0.000160074	0.999775	0 0.000225 18
rVSVOmicron	100	C	81937	8.79356e-05	0.000246629	0.999605	6.05324e-05 0.000395 32
rVSVOmicron	101	G	83056	0.000362596	4.81322e-05	0.000441613	0.999148 0.000852 71
rVSVOmicron	102	G	83825	0.000155364	3.28346e-05	1.48156e-05	0.999797 0.000203 17
rVSVOmicron	103	G	84697	0.000145449	2.94883e-05	0	0.999825 0.000175 15
rVSVOmicron	104	G	85312	9.43031e-05	0	1.18372e-05	0.999894 0.000106 9
rVSVOmicron	105	C	86224	1.42434e-05	0.000423451	0.999477	8.54602e-05 0.000523 45
rVSVOmicron	106	G	86947	0.00050203	1.71537e-05	1.41041e-05	0.999467 0.000533 46
rVSVOmicron	107	T	87723	1.4159e-05	0.99977	0.000201288	1.4159e-05 0.00023 20
rVSVOmicron	108	G	88782	0.00027169	4.26621e-05	0	0.999686 0.000314 28
rVSVOmicron	109	T	89504	7.20263e-05	0.999728	0.000200114	0 0.000272 24
rVSVOmicron	110	A	90790	0.999774	1.70368e-05	6.85177e-05	0.000139998 0.000226 21
rVSVOmicron	111	C	91371	2.68559e-05	0.000600266	0.999373	0 0.000627 57
rVSVOmicron	112	T	92154	3.28588e-05	0.999692	0.000233622	4.15248e-05 0.000308 28
rVSVOmicron	113	A	93872	0.999888	1.32567e-05	3.18876e-05	6.73582e-05 0.000112 11
rVSVOmicron	114	C	94449	1.30569e-05	7.69297e-05	0.999892	1.79973e-05 0.000108 10
rVSVOmicron	115	C	95563	7.81481e-05	9.4341e-05	0.999815	1.30247e-05 0.000185 18
rVSVOmicron	116	C	96301	3.84735e-05	0.000133258	0.999828	0 0.000172 17
rVSVOmicron	117	C	97274	6.98998e-05	0.000865789	0.999026	3.84103e-05 0.000974 95
rVSVOmicron	118	G	98395	0.000405634	2.81738e-05	4.07332e-05	0.999525 0.000475 47
rVSVOmicron	119	A	99673	0.999938	0	2.475e-05	3.7125e-05 6.2e-05 6
rVSVOmicron	120	C	101746	3.56545e-05	0.000131169	0.999809	2.42058e-05 0.000191 19
rVSVOmicron	121	A	104565	0.999605	1.19845e-05	3.85448e-05	0.000344312 0.000395 41
rVSVOmicron	122	A	107761	0.999752	1.98392e-05	3.18057e-05	0.000196187 0.000248 27
rVSVOmicron	123	G	110004	0.000132691	0.000127529	0	0.99974 0.00026 29
rVSVOmicron	124	G	101280	0.000143639	4.98747e-05	2.75973e-05	0.999779 0.000221 22
rVSVOmicron	125	T	102005	3.31146e-05	0.999901	5.73768e-05	8.52455e-06 9.9e-05 10
rVSVOmicron	126	G	103317	0.000125235	1.20044e-05	0	0.999863 0.000137 14
rVSVOmicron	127	T	103990	1.21996e-05	0.999872	0.000115731	0 0.000128 13
rVSVOmicron	128	T	105001	3.54266e-05	0.999928	3.67033e-05	0 7.2e-05 8
rVSVOmicron	129	C	106381	2.56147e-05	0.000157799	0.999802	1.45466e-05 0.000198 21
rVSVOmicron	130	C	107394	0.000116295	0.000307082	0.999577	0 0.000423 45
rVSVOmicron	131	G	109162	0.000203576	5.77673e-05	5.99297e-05	0.999679 0.000321 35
rVSVOmicron	132	G	109301	8.39938e-05	2.34689e-05	1.14256e-05	0.999881 0.000119 13
rVSVOmicron	133	T	106316	1.17812e-05	0.999824	0.000152519	1.17812e-05 0.000176 19
rVSVOmicron	134	C	106648	3.77428e-05	0.000380573	0.99957	1.16374e-05 0.00043 46
rVSVOmicron	135	T	107412	2.31524e-05	0.99966	0.00028127	3.53543e-05 0.00034 37
rVSVOmicron	136	A	109473	0.999858	0	0	0.000142309 0.000142 16
rVSVOmicron	137	G	108685	0.00104073	3.7925e-05	1.16935e-05	0.99891 0.00109 118
rVSVOmicron	138	C	109341	4.91222e-05	0.000367953	0.999572	1.08131e-05 0.000428 47
rVSVOmicron	139	G	109713	0.00132919	0	1.41502e-05	0.998657 0.001343 147
rVSVOmicron	140	T	110468	0	0.997535	6.78567e-05	0.0023976 0.002465 272
rVSVOmicron	141	G	111743	0.000114557	6.25682e-05	0.00242626	0.997397 0.002603 291
rVSVOmicron	142	C	112041	6.15295e-05	0.000137838	0.999801	0 0.000199 22
rVSVOmicron	143	T	112685	1.11076e-05	0.999765	0.000202038	2.22152e-05 0.000235 26
rVSVOmicron	144	C	114204	5.71709e-05	0.000383608	0.999513	4.62107e-05 0.000487 56
rVSVOmicron	145	C	115098	0.000253125	9.20185e-05	0.999622	3.26328e-05 0.000378 44
rVSVOmicron	146	A	115060	0.999667	1.08342e-05	0.000206142	0.000115662 0.000333 38
rVSVOmicron	147	C	114765	0.000207422	0.000102687	0.99969	0 0.00031 36
rVSVOmicron	148	T	115109	1.07954e-05	0.999733	0.000255881	0 0.000267 31
rVSVOmicron	149	C	115189	1.06728e-05	7.47095e-05	0.999915	0 8.5e-05 10
rVSVOmicron	150	T	115477	0	0.999791	0.00018515	2.40493e-05 0.000209 24
rVSVOmicron	151	A	116851	0.999943	2.40156e-05	1.07057e-05	2.19902e-05 5.7e-05 7
rVSVOmicron	152	C	117325	3.81033e-05	0.000139049	0.999823	0 0.000177 21
rVSVOmicron	153	A	117540	0.998896	2.11835e-05	0	0.00108236 0.001104 130
rVSVOmicron	154	C	114893	6.66437e-05	0.00021753	0.999703	1.3271e-05 0.000297 34
rVSVOmicron	155	A	115674	0.999403	2.3718e-05	0.000153299	0.000419982 0.000597 69
rVSVOmicron	156	G	117043	0.00013116	0.000808868	2.36145e-05	0.999036 0.000964 113
rVSVOmicron	157	G	118632	0.000101016	6.48187e-05	3.3672e-05	0.999801 0.000199 24
rVSVOmicron	158	A	119767	0.999763	3.0757e-05	0.00012663	7.92477e-05 0.000237 28
rVSVOmicron	159	C	121062	5.82225e-05	8.14011e-05	0.993696	0.00616469 0.006304 763
rVSVOmicron	160	C	107491	4.60409e-05	0.000151101	0.999791	1.1433e-05 0.000209 22
rVSVOmicron	161	T	107394	3.92246e-05	0.999435	0.000494292	3.15636e-05 0.000565 61
rVSVOmicron	162	G	108433	0.000194285	3.72685e-05	2.26055e-05	0.999746 0.000254 28
rVSVOmicron	163	T	108732	9.92092e-06	0.993308	6.64702e-05	0.00661593 0.006692 728
rVSVOmicron	164	T	109093	9.2845e-06	0.993606	9.93441e-05	0.0062853 0.006394 698
rVSVOmicron	165	C	110733	4.70826e-05	0.000130382	0.999804	1.87123e-05 0.000196 22
rVSVOmicron	166	C	107374	3.43453e-05	0.000215045	0.999751	0 0.000249 27
rVSVOmicron	167	T	107778	3.59477e-05	0.999639	0.000311039	1.40135e-05 0.000361 39
rVSVOmicron	168	C	109006	4.76154e-05	0.000106452	0.999846	0 0.000154 17
rVSVOmicron	169	C	110081	7.52417e-05	0.000174035	0.999739	1.13168e-05 0.000261 29
rVSVOmicron	170	C	110196	0.000193284	0.000117059	0.999678	1.11917e-05 0.000322 35
rVSVOmicron	171	T	110626	2.47579e-05	0.999567	0.000260864	0.00014734 0.000433 48
rVSVOmicron	172	T	111344	2.35568e-05	0.999804	0.000114994	5.70323e-05 0.000196 22
rVSVOmicron	173	T	111740	1.10668e-05	0.999928	6.13162e-05	0 7.2e-05 8
rVSVOmicron	174	C	111006	3.26597e-05	0.000131233	0.999789	4.66143e-05 0.000211 23
rVSVOmicron	175	T	111323	1.16713e-05	0.9999	7.69108e-05	1.10728e-05 0.0001 11
rVSVOmicron	176	T	112495	0	0.999792	0.00020769	0 0.000208 23
rVSVOmicron	177	C	113337	0.000119853	0.000179054	0.999664	3.7436e-05 0.000336 38
rVSVOmicron	178	A	113190	0.999619	2.1361e-05	4.79891e-05	0.000311344 0.000381 43
rVSVOmicron	179	G	113631	0.000166379	3.46137e-05	2.87963e-05	0.99977 0.00023 26
rVSVOmicron	180	C	114532	3.51265e-05	0.000217381	0.999739	8.63765e-06 0.000261 30
rVSVOmicron	181	A	114979	0.999867	8.55022e-06	3.16358e-05	9.26274e-05 0.000133 15
rVSVOmicron	182	A	115005	0.99988	0	5.40982e-05	6.55027e-05 0.00012 14
rVSVOmicron	183	C	115687	3.27011e-05	0.000160093	0.999585	0.000222083 0.000415 48
rVSVOmicron	184	G	114845	0.000223987	2.12774e-05	0	0.999755 0.000245 28
rVSVOmicron	185	T	115460	0	0.999871	0.000105496	2.37295e-05 0.000129 15
rVSVOmicron	186	G	116755	9.10198e-05	4.42418e-05	7.55211e-05	0.999789 0.000211 25
rVSVOmicron	187	A	117239	0.999793	2.07371e-05	1.03686e-05	0.000175985 0.000207 24
rVSVOmicron	188	C	118246	1.05954e-05	0.00014248	0.999826	2.06331e-05 0.000174 21
rVSVOmicron	189	A	115424	0.999683	1.06296e-05	5.83189e-05	0.000247927 0.000317 37
rVSVOmicron	190	T	115075	3.43647e-05	0.999832	9.13527e-05	4.23831e-05 0.000168 19
rVSVOmicron	191	G	116610	0.000155717	3.14838e-05	1.04946e-05	0.999802 0.000198 23
rVSVOmicron	192	G	115755	0.000141493	3.16647e-05	2.11098e-05	0.999806 0.000194 22
rVSVOmicron	193	T	116028	1.08751e-05	0.999922	5.64332e-05	1.08751e-05 7.8e-05 9
rVSVOmicron	194	T	116737	0	0.999828	0.000171552	0 0.000172 20
rVSVOmicron	195	C	118032	5.44642e-05	0.000240316	0.999648	5.69909e-05 0.000352 42
rVSVOmicron	196	C	118533	7.20414e-05	0.000182337	0.999746	0 0.000254 30
rVSVOmicron	197	A	118275	0.999838	9.77954e-06	4.58241e-05	0.000106178 0.000162 19
rVSVOmicron	198	C	119166	5.87748e-05	0.000189077	0.99953	0.000222069 0.00047 56
rVSVOmicron	199	G	119508	0.000429448	2.05027e-05	1.02513e-05	0.99954 0.00046 55
rVSVOmicron	200	T	119779	1.03546e-05	0.999873	0.000116419	0 0.000127 15
rVSVOmicron	201	G	120721	9.00701e-05	4.29818e-05	1.01295e-05	0.999857 0.000143 17
rVSVOmicron	202	A	120391	0.99992	0	0	8.04763e-05 8e-05 10
rVSVOmicron	203	T	119295	1.0271e-05	0.99851	0.00146931	1.0271e-05 0.00149 178
rVSVOmicron	204	C	117364	4.36607e-05	0.000334452	0.999622	0 0.000378 44
rVSVOmicron	205	T	117569	1.03429e-05	0.999816	0.000173313	0 0.000184 22
rVSVOmicron	206	C	116678	4.15461e-05	9.90931e-05	0.999859	0 0.000141 16
rVSVOmicron	207	T	117121	0	0.999857	0.000132167	1.03826e-05 0.000143 17
rVSVOmicron	208	G	118599	4.34689e-05	3.3159e-05	4.12398e-05	0.999882 0.000118 14
rVSVOmicron	209	G	119120	0.000439927	8.48152e-05	0	0.999475 0.000525 63
rVSVOmicron	210	C	119898	4.48316e-05	0.000223333	0.999702	2.99794e-05 0.000298 36
rVSVOmicron	211	A	119916	0.999886	0	6.08125e-05	5.31424e-05 0.000114 14
rVSVOmicron	212	C	120648	4.2536e-05	9.57059e-05	0.999849	1.25427e-05 0.000151 18
rVSVOmicron	213	A	120790	0.999879	1.00843e-05	2.26215e-05	8.85783e-05 0.000121 15
rVSVOmicron	214	A	120979	0.999927	1.26621e-05	1.98189e-05	4.07389e-05 7.3e-05 9
rVSVOmicron	215	A	121037	0.99984	1.04933e-05	3.14798e-05	0.000118262 0.00016 19
rVSVOmicron	216	C	121661	4.04992e-05	0.000279444	0.999648	3.18594e-05 0.000352 43
rVSVOmicron	217	G	121820	0.00025432	0.000113638	1.01072e-05	0.999622 0.000378 46
rVSVOmicron	218	G	121969	0.000661562	6.99389e-05	2.25873e-05	0.999246 0.000754 92
rVSVOmicron	219	C	122139	8.60726e-05	0.000276296	0.999628	9.98334e-06 0.000372 45
rVSVOmicron	220	A	122166	0.999876	1.99107e-05	1.99107e-05	8.42168e-05 0.000124 15
rVSVOmicron	221	C	122901	4.44522e-05	8.40843e-05	0.999871	0 0.000129 16
rVSVOmicron	222	A	123101	0.999847	0	1.98679e-05	0.000132632 0.000153 19
rVSVOmicron	223	A	123256	0.99988	1.25217e-05	5.25366e-05	5.52587e-05 0.00012 15
rVSVOmicron	224	A	122935	0.999721	1.25668e-05	1.01081e-05	0.000256526 0.000279 34
rVSVOmicron	225	G	123407	0.000147222	6.47131e-05	0	0.999788 0.000212 26
rVSVOmicron	226	C	124089	5.71615e-05	0.000466332	0.999476	0 0.000524 65
rVSVOmicron	227	G	125329	0.000280522	4.87749e-05	2.10919e-05	0.99965 0.00035 44
rVSVOmicron	228	G	124704	0.000104687	4.16097e-05	0	0.999854 0.000146 18
rVSVOmicron	229	T	124850	7.1458e-06	0.999189	0.000783921	1.95848e-05 0.000811 101
rVSVOmicron	230	T	124332	0.000661851	0.999265	6.36395e-05	9.81109e-06 0.000735 91
rVSVOmicron	231	C	124836	5.08374e-05	0.000936298	0.999013	0 0.000987 123
rVSVOmicron	232	G	125023	0.000275479	5.3463e-05	1.9489e-05	0.999652 0.000348 44
rVSVOmicron	233	A	124698	0.999759	7.5797e-06	9.67065e-06	0.00022347 0.000241 30
rVSVOmicron	234	C	125279	1.92894e-05	0.000182989	0.999774	2.39814e-05 0.000226 28
rVSVOmicron	235	A	125603	0.99982	9.73485e-06	4.86743e-05	0.000121554 0.00018 23
rVSVOmicron	236	A	125234	0.999885	1.43497e-05	3.93289e-05	6.1385e-05 0.000115 14
rVSVOmicron	237	C	125256	3.05363e-05	0.000121355	0.999838	9.74003e-06 0.000162 20
rVSVOmicron	238	C	126821	7.88584e-05	0.000174951	0.999746	0 0.000254 32
rVSVOmicron	239	C	126989	0.000104882	0.000294768	0.9996	0 0.0004 51
rVSVOmicron	240	C	127466	0.000123749	0.000208242	0.999511	0.000156507 0.000489 62
rVSVOmicron	241	G	127747	0.000194306	9.50969e-05	1.90194e-05	0.999692 0.000308 39
rVSVOmicron	242	T	127763	1.53707e-05	0.999851	0.000123747	9.63925e-06 0.000149 19
rVSVOmicron	243	G	128622	0.000533145	2.33903e-05	0.000120256	0.999323 0.000677 87
rVSVOmicron	244	C	128484	0.000244372	0.000129448	0.999604	2.21693e-05 0.000396 51
rVSVOmicron	245	T	128510	3.3602e-05	0.999639	0.000260731	6.66988e-05 0.000361 46
rVSVOmicron	246	C	129795	3.02996e-05	0.000140136	0.999627	0.000203008 0.000373 48
rVSVOmicron	247	C	130404	5.85952e-05	0.000156	0.999776	9.38538e-06 0.000224 29
rVSVOmicron	248	C	129494	0.000111268	0.000121707	0.999767	0 0.000233 30
rVSVOmicron	249	T	129346	1.87966e-05	0.999816	0.000134878	3.04809e-05 0.000184 24
rVSVOmicron	250	T	129992	3.07923e-05	0.999843	0.000116754	9.49431e-06 0.000157 20
rVSVOmicron	251	T	130386	1.14696e-05	0.999831	0.000157516	0 0.000169 22
rVSVOmicron	252	C	131227	3.17234e-05	0.000126144	0.999824	1.84845e-05 0.000176 23
rVSVOmicron	253	A	131164	0.999836	3.74651e-05	2.80988e-05	9.79661e-05 0.000164 22
rVSVOmicron	254	A	131467	0.999811	9.45005e-06	3.03934e-05	0.000148902 0.000189 25
rVSVOmicron	255	C	132177	1.75164e-05	0.000409046	0.999552	2.14638e-05 0.000448 59
rVSVOmicron	256	G	132590	0.000183013	3.23257e-05	2.95905e-05	0.999755 0.000245 32
rVSVOmicron	257	A	132063	0.999933	1.79198e-05	1.24443e-05	3.68352e-05 6.7e-05 9
rVSVOmicron	258	C	132809	1.81481e-05	0.000294049	0.999663	2.5015e-05 0.000337 45
rVSVOmicron	259	G	132845	0.00014831	2.74832e-05	4.30818e-05	0.999781 0.000219 29
rVSVOmicron	260	G	132936	0.000104037	4.56087e-05	9.12174e-06	0.999841 0.000159 21
rVSVOmicron	261	C	133272	0.000300308	0.000584437	0.999057	5.81005e-05 0.000943 126
rVSVOmicron	262	G	132569	0.000765594	9.74526e-05	9.10542e-06	0.999128 0.000872 116
rVSVOmicron	263	T	132532	9.30335e-06	0.999875	0.000106863	9.30335e-06 0.000125 17
rVSVOmicron	264	G	133282	0.000141534	2.72275e-05	2.72275e-05	0.999804 0.000196 26
rVSVOmicron	265	T	133340	9.03099e-06	0.999804	0.000105443	8.12789e-05 0.000196 26
rVSVOmicron	266	A	134087	0.999827	4.0797e-05	3.01651e-05	0.000101869 0.000173 23
rVSVOmicron	267	C	134066	2.71308e-05	0.000132966	0.999831	9.04362e-06 0.000169 23
rVSVOmicron	268	T	134414	2.98653e-05	0.999807	0.000144558	1.85717e-05 0.000193 26
rVSVOmicron	269	T	128150	2.12317e-05	0.999925	5.37187e-05	0 7.5e-05 10
rVSVOmicron	270	C	128821	4.85634e-05	0.000192492	0.999747	1.15747e-05 0.000253 33
rVSVOmicron	271	G	129241	0.000260279	0.000132671	0	0.999607 0.000393 51
rVSVOmicron	272	C	129693	3.72147e-05	0.000287408	0.999675	0 0.000325 42
rVSVOmicron	273	C	130324	9.57364e-05	0.000150729	0.999706	4.74932e-05 0.000294 38
rVSVOmicron	274	A	129932	0.999701	1.86407e-05	0	0.000280114 0.000299 39
rVSVOmicron	275	G	130437	0.000559201	9.66028e-05	2.1163e-05	0.999323 0.000677 88
rVSVOmicron	276	C	131230	8.24922e-05	0.000212691	0.999696	9.19341e-06 0.000304 40
rVSVOmicron	277	A	131301	0.999928	2.05937e-05	1.33983e-05	3.82099e-05 7.2e-05 9
rVSVOmicron	278	T	131738	9.16092e-06	0.999937	4.58046e-05	7.92296e-06 6.3e-05 8
rVSVOmicron	279	A	131416	0.999797	1.15043e-05	1.85069e-05	0.000173064 0.000203 27
rVSVOmicron	280	G	132075	4.83228e-05	8.04551e-05	5.95318e-05	0.999812 0.000188 25
rVSVOmicron	281	A	132142	0.999782	3.64431e-05	2.04377e-05	0.000161285 0.000218 29
rVSVOmicron	282	G	132852	7.54319e-05	1.79952e-05	9.12085e-06	0.999897 0.000103 14
rVSVOmicron	283	A	133930	0.999885	2.03672e-05	1.10424e-05	8.39226e-05 0.000115 15
rVSVOmicron	284	A	132946	0.999835	4.45806e-05	6.69968e-05	5.31441e-05 0.000165 22
rVSVOmicron	285	G	133586	0.00013926	1.80477e-05	9.02385e-06	0.999834 0.000166 22
rVSVOmicron	286	T	134003	9.05808e-06	0.999903	8.76431e-05	0 9.7e-05 13
rVSVOmicron	287	C	134143	5.44938e-05	4.33031e-05	0.999893	9.00122e-06 0.000107 14
rVSVOmicron	288	T	134525	8.91419e-06	0.999552	0.000410294	2.89109e-05 0.000448 60
rVSVOmicron	289	A	135672	0.99847	0	0.000300598	0.00122933 0.00153 208
rVSVOmicron	290	A	136110	0.999627	0.000273976	1.11235e-05	8.7537e-05 0.000373 51
rVSVOmicron	291	C	136743	5.29546e-05	0.000284333	0.999663	0 0.000337 46
rVSVOmicron	292	A	133235	0.999876	9.03848e-06	1.8077e-05	9.67362e-05 0.000124 17
rVSVOmicron	293	T	133585	9.2288e-06	0.999823	0.000119226	4.83889e-05 0.000177 24
rVSVOmicron	294	T	133969	0	0.999902	6.37065e-05	3.40756e-05 9.8e-05 13
rVSVOmicron	295	A	134354	0.999892	2.77001e-05	0	8.01058e-05 0.000108 15
rVSVOmicron	296	T	134671	0	0.999884	0.000106479	9.05684e-06 0.000116 16
rVSVOmicron	297	C	135321	2.44732e-05	0.000103411	0.999872	0 0.000128 17
rVSVOmicron	298	C	135932	6.63605e-05	0.000244524	0.999636	5.36173e-05 0.000364 49
rVSVOmicron	299	G	136553	0.000203811	5.93253e-05	0.000338968	0.999398 0.000602 82
rVSVOmicron	300	G	137004	0.000189493	9.97836e-05	0	0.999711 0.000289 40
rVSVOmicron	301	G	137225	0.000173256	3.74672e-05	8.82986e-06	0.99978 0.00022 30
rVSVOmicron	302	G	136882	0.00019412	1.97209e-05	0	0.999786 0.000214 29
rVSVOmicron	303	C	136606	5.53607e-05	0.000133106	0.999746	6.54701e-05 0.000254 35
rVSVOmicron	304	T	136549	3.75882e-05	0.999448	0.000474521	3.95035e-05 0.000552 75
rVSVOmicron	305	G	137878	0.000154006	1.73991e-05	0	0.999829 0.000171 24
rVSVOmicron	306	G	138200	0.000109272	4.7777e-05	0	0.999843 0.000157 22
rVSVOmicron	307	A	137377	0.99987	8.69612e-06	0	0.000121276 0.00013 18
rVSVOmicron	308	T	137610	0	0.999943	4.81061e-05	8.81152e-06 5.7e-05 8
rVSVOmicron	309	T	137600	8.33618e-06	0.999922	4.4539e-05	2.54849e-05 7.8e-05 11
rVSVOmicron	310	T	137837	0	0.999944	5.61279e-05	0 5.6e-05 8
rVSVOmicron	311	T	138220	8.70402e-06	0.999871	0.000111976	8.70402e-06 0.000129 18
rVSVOmicron	312	C	138516	5.50011e-05	0.000436296	0.999492	1.71733e-05 0.000508 70
rVSVOmicron	313	G	137613	0.000186791	7.8537e-05	3.91506e-05	0.999696 0.000304 42
rVSVOmicron	314	G	137376	0.000192065	5.37593e-05	2.62876e-05	0.999728 0.000272 37
rVSVOmicron	315	C	137710	1.07671e-05	0.000274092	0.999698	1.73209e-05 0.000302 42
rVSVOmicron	316	A	136552	0.999872	4.74727e-05	8.6955e-06	7.14441e-05 0.000128 17
rVSVOmicron	317	C	136839	0	0.000342128	0.999632	2.60646e-05 0.000368 50
rVSVOmicron	318	C	136997	0.00010029	0.000343582	0.999528	2.80812e-05 0.000472 65
rVSVOmicron	319	A	136946	0.999328	2.78579e-05	0.00011886	0.000525121 0.000672 92
rVSVOmicron	320	C	137677	0.000361395	0.000133047	0.999019	0.000486753 0.000981 135
rVSVOmicron	321	A	137243	0.999009	1.75183e-05	0.000867158	0.000106767 0.000991 136
rVSVOmicron	322	C	137025	7.28637e-05	9.52117e-05	0.999804	2.77022e-05 0.000196 27
rVSVOmicron	323	T	137049	0.0015245	0.998433	4.20924e-05	0 0.001567 215
rVSVOmicron	324	C	138208	7.271e-05	0.00215722	0.997751	1.8988e-05 0.002249 311
rVSVOmicron	325	G	138446	0.00017098	1.72378e-05	1.07154e-05	0.999801 0.000199 28
rVSVOmicron	326	A	136993	0.99988	2.59051e-05	7.67819e-05	1.72701e-05 0.00012 16
rVSVOmicron	327	C	137184	5.4928e-05	8.28615e-05	0.999854	8.6852e-06 0.000146 20
rVSVOmicron	328	T	137071	0	0.999858	0.000124803	1.73272e-05 0.000142 19
rVSVOmicron	329	C	137276	2.78959e-05	0.000135063	0.999807	2.99881e-05 0.000193 26
rVSVOmicron	330	T	137260	0	0.999636	0.000355192	8.70339e-06 0.000364 50
rVSVOmicron	331	A	137964	0.99982	1.73701e-05	1.73701e-05	0.000145299 0.00018 25
rVSVOmicron	332	A	137108	0.999337	0.000502314	4.55148e-05	0.000115556 0.000663 91
rVSVOmicron	333	G	137296	3.02461e-05	4.77322e-05	3.49721e-05	0.999887 0.000113 16
rVSVOmicron	334	A	137288	0.999873	1.91396e-05	8.63618e-06	9.91993e-05 0.000127 17
rVSVOmicron	335	C	137972	1.06525e-05	0.000131999	0.999857	0 0.000143 20
rVSVOmicron	336	A	137624	0.999913	1.34272e-05	2.61478e-05	4.78198e-05 8.7e-05 12
rVSVOmicron	337	C	138071	6.13982e-05	0.000209585	0.999712	1.70807e-05 0.000288 40
rVSVOmicron	338	A	137568	0.998831	8.647e-06	0.000110074	0.00105049 0.001169 161
rVSVOmicron	339	G	138454	0.000102555	3.02467e-05	8.74319e-06	0.999858 0.000142 20
rVSVOmicron	340	T	138661	4.44403e-05	0.999893	6.2356e-05	0 0.000107 15
rVSVOmicron	341	C	139593	9.60948e-05	0.00014057	0.999348	0.000415719 0.000652 91
rVSVOmicron	342	C	140032	5.35513e-05	0.000429109	0.999517	0 0.000483 68
rVSVOmicron	343	C	138630	6.1911e-05	0.000187356	0.999735	1.53038e-05 0.000265 37
rVSVOmicron	344	T	138601	0.000224079	0.999528	0.000248005	0 0.000472 65
rVSVOmicron	345	C	140428	2.74521e-05	4.64398e-05	0.999918	8.46439e-06 8.2e-05 12
rVSVOmicron	346	C	137581	9.38961e-05	0.000124651	0.999764	1.72415e-05 0.000236 32
rVSVOmicron	347	T	137791	0.000125324	0.99954	0.000315181	1.96403e-05 0.00046 63
rVSVOmicron	348	G	139200	7.73007e-05	6.57633e-05	1.75369e-05	0.999839 0.000161 22
rVSVOmicron	349	A	135957	0.99983	5.96843e-05	4.55856e-05	6.50888e-05 0.00017 23
rVSVOmicron	350	T	136218	4.47993e-05	0.99986	5.23062e-05	4.31042e-05 0.00014 19
rVSVOmicron	351	T	136307	3.03646e-05	0.999878	8.30908e-05	8.70923e-06 0.000122 17
rVSVOmicron	352	G	133949	0.000168488	3.54712e-05	0	0.999796 0.000204 27
rVSVOmicron	353	T	133768	0	0.999898	0.000101856	0 0.000102 14
rVSVOmicron	354	G	134541	0.00012156	4.59121e-05	8.80181e-06	0.999824 0.000176 24
rVSVOmicron	355	A	134562	0.999876	1.10611e-05	8.89698e-06	0.000104359 0.000124 17
rVSVOmicron	356	A	134645	0.999794	2.51602e-05	4.43299e-05	0.000136105 0.000206 28
rVSVOmicron	357	C	134795	1.95254e-05	0.000107151	0.999865	8.81023e-06 0.000135 18
rVSVOmicron	358	A	134204	0.999925	0	2.8834e-05	4.6615e-05 7.5e-05 10
rVSVOmicron	359	A	134362	0.999841	1.06787e-05	4.63551e-05	0.000102418 0.000159 21
rVSVOmicron	360	C	134783	2.83198e-05	0.000474298	0.99948	1.73727e-05 0.00052 70
rVSVOmicron	361	G	134581	0.000577275	6.51298e-05	2.66768e-05	0.999331 0.000669 90
rVSVOmicron	362	C	133845	7.28579e-05	0.000266184	0.999632	2.88546e-05 0.000368 49
rVSVOmicron	363	C	134093	0.000109462	0.000242534	0.99963	1.76475e-05 0.00037 50
rVSVOmicron	364	A	133786	0.999812	5.53072e-05	1.77945e-05	0.000114702 0.000188 25
rVSVOmicron	365	C	134474	3.50963e-05	3.05907e-05	0.999926	8.77408e-06 7.4e-05 10
rVSVOmicron	366	A	134572	0.999886	0	2.88284e-05	8.50438e-05 0.000114 15
rVSVOmicron	367	A	134894	0.999863	2.03456e-05	2.72929e-05	8.93222e-05 0.000137 18
rVSVOmicron	368	A	133358	0.999885	2.75862e-05	4.68206e-05	4.04935e-05 0.000115 15
rVSVOmicron	369	C	133996	3.79618e-05	0.000252192	0.999692	1.78928e-05 0.000308 41
rVSVOmicron	370	G	133433	0.000298514	5.86409e-05	0	0.999643 0.000357 48
rVSVOmicron	371	T	133025	1.85217e-05	0.999925	3.90457e-05	1.77708e-05 7.5e-05 10
rVSVOmicron	372	G	133525	0.000106189	7.33673e-05	4.46478e-05	0.999776 0.000224 30
rVSVOmicron	373	G	132367	6.27038e-05	5.3504e-05	8.95769e-06	0.999875 0.000125 17
rVSVOmicron	374	T	132509	0.00136789	0.998525	8.91458e-05	1.83244e-05 0.001475 195
rVSVOmicron	375	G	133693	8.49507e-05	0.000101462	0.0012422	0.998571 0.001429 191
rVSVOmicron	376	A	134094	0.999946	7.67444e-06	1.99056e-05	2.66207e-05 5.4e-05 7
rVSVOmicron	377	T	134125	0.000327519	0.999607	2.03778e-05	4.54205e-05 0.000393 53
rVSVOmicron	378	T	134483	2.64103e-05	0.999581	1.76069e-05	0.000375455 0.000419 56
rVSVOmicron	379	A	135192	0.999124	2.9154e-05	0.000464791	0.00038163 0.000876 118
rVSVOmicron	380	A	135083	0.999601	6.46937e-05	5.49421e-05	0.000279467 0.000399 54
rVSVOmicron	381	G	135944	4.40079e-05	0.000175556	1.97441e-05	0.999761 0.000239 32
rVSVOmicron	382	G	135383	7.18241e-05	3.55517e-05	0	0.999893 0.000107 14
rVSVOmicron	383	T	135433	8.31233e-06	0.999873	0.00011851	0 0.000127 17
rVSVOmicron	384	G	135385	9.29967e-05	2.89428e-05	0	0.999878 0.000122 17
rVSVOmicron	385	T	135670	1.74761e-05	0.999906	6.73068e-05	8.73807e-06 9.4e-05 13
rVSVOmicron	386	G	135476	0.000206011	2.84153e-05	0	0.999766 0.000234 32
rVSVOmicron	387	C	136010	4.56307e-05	0.000683035	0.999252	1.97258e-05 0.000748 102
rVSVOmicron	388	G	136476	0.000199833	6.81034e-05	3.84112e-05	0.999694 0.000306 42
rVSVOmicron	389	A	135469	0.99987	8.70302e-06	3.0343e-05	9.10289e-05 0.00013 18
rVSVOmicron	390	G	136268	0.000106795	3.4891e-05	8.72274e-06	0.99985 0.00015 20
rVSVOmicron	391	T	136510	2.22475e-05	0.999894	7.48761e-05	9.32961e-06 0.000106 14
rVSVOmicron	392	T	136827	1.07678e-05	0.999851	0.000138577	0 0.000149 20
rVSVOmicron	393	C	136839	6.84815e-05	0.000125787	0.999797	8.79798e-06 0.000203 28
rVSVOmicron	394	C	137257	6.53388e-05	0.00014601	0.999743	4.57607e-05 0.000257 35
rVSVOmicron	395	A	136751	0.999502	5.36868e-05	3.02428e-05	0.000413787 0.000498 68
rVSVOmicron	396	G	137422	8.03617e-05	2.81971e-05	0	0.999891 0.000109 15
rVSVOmicron	397	T	137605	0.000355805	0.999476	0.000150127	1.77184e-05 0.000524 72
rVSVOmicron	398	T	137928	0	0.999634	0.000357039	8.71976e-06 0.000366 50
rVSVOmicron	399	C	136029	3.06436e-05	0.000173409	0.999796	0 0.000204 28
rVSVOmicron	400	T	136346	8.72505e-06	0.999738	0.000242651	1.06116e-05 0.000262 36
rVSVOmicron	401	G	137722	0.000307075	4.33987e-05	1.73595e-05	0.999632 0.000368 51
rVSVOmicron	402	C	138147	9.65822e-05	0.000251862	0.999634	1.73053e-05 0.000366 51
rVSVOmicron	403	A	137696	0.999812	0	1.73227e-05	0.000170886 0.000188 26
rVSVOmicron	404	A	138263	0.99988	0	1.75054e-05	0.000102667 0.00012 17
rVSVOmicron	405	C	138942	0.000106333	0.000334553	0.999551	8.5902e-06 0.000449 62
rVSVOmicron	406	G	139529	0.000307376	3.61346e-05	7.82916e-05	0.999578 0.000422 59
rVSVOmicron	407	A	139569	0.999877	7.82072e-05	0	4.46568e-05 0.000123 17
rVSVOmicron	408	C	140277	1.92912e-05	0.000274493	0.999575	0.000131087 0.000425 60
rVSVOmicron	409	C	141020	0.000128641	8.57609e-05	0.99976	2.58681e-05 0.00024 34
rVSVOmicron	410	C	140446	0.000253228	0.000111106	0.999627	8.56439e-06 0.000373 52
rVSVOmicron	411	T	140310	1.74233e-05	0.999698	0.000171407	0.000113251 0.000302 42
rVSVOmicron	412	T	141204	0	0.999793	0.000135625	7.09277e-05 0.000207 29
rVSVOmicron	413	T	141163	9.37895e-05	0.999631	0.000258208	1.69693e-05 0.000369 52
rVSVOmicron	414	C	142025	7.04451e-05	0.000239559	0.999682	8.49013e-06 0.000318 45
rVSVOmicron	415	C	140637	9.77561e-05	9.15311e-05	0.999802	8.5306e-06 0.000198 28
rVSVOmicron	416	T	141075	2.78295e-05	0.999634	0.000319343	1.92487e-05 0.000366 52
rVSVOmicron	417	G	142319	8.70194e-05	9.36955e-05	3.6143e-05	0.999783 0.000217 31
rVSVOmicron	418	G	142773	0.000141572	7.97907e-05	8.43502e-06	0.99977 0.00023 33
rVSVOmicron	419	A	142686	0.999913	0	0	8.70831e-05 8.7e-05 12
rVSVOmicron	420	T	143000	3.54056e-05	0.999891	7.39685e-05	0 0.000109 16
rVSVOmicron	421	C	143968	4.53648e-05	0.000135645	0.999802	1.66188e-05 0.000198 29
rVSVOmicron	422	A	143667	0.999791	0.000111592	1.85613e-05	7.84942e-05 0.000209 30
rVSVOmicron	423	C	144358	1.83564e-05	5.17113e-05	0.999913	1.65655e-05 8.7e-05 13
rVSVOmicron	424	A	144274	0.999828	1.66849e-05	8.34245e-06	0.000147007 0.000172 25
rVSVOmicron	425	A	143792	0.999717	4.38877e-05	1.67407e-05	0.000222606 0.000283 41
rVSVOmicron	426	G	143455	0.000172064	7.2752e-05	2.56364e-05	0.99973 0.00027 39
rVSVOmicron	427	A	144410	0.99991	0	0	9.02447e-05 9e-05 13
rVSVOmicron	428	A	144703	0.999913	3.52846e-05	2.49464e-05	2.69691e-05 8.7e-05 13
rVSVOmicron	429	C	144609	2.59426e-05	9.07992e-05	0.999873	1.02876e-05 0.000127 18
rVSVOmicron	430	A	144538	0.999932	0	8.29159e-06	5.98339e-05 6.8e-05 10
rVSVOmicron	431	A	144399	0.999878	1.74447e-05	1.85775e-05	8.58643e-05 0.000122 18
rVSVOmicron	432	C	144742	8.72469e-05	7.19955e-05	0.999816	2.48956e-05 0.000184 27
rVSVOmicron	433	A	145053	0.999792	6.1439e-05	3.59923e-05	0.000110499 0.000208 30
rVSVOmicron	434	A	144252	0.999879	8.6452e-06	8.6452e-06	0.00010421 0.000121 17
rVSVOmicron	435	G	144945	9.86347e-05	1.7174e-05	0	0.999884 0.000116 17
rVSVOmicron	436	T	145088	2.54761e-05	0.999698	0.000276335	0 0.000302 44
rVSVOmicron	437	C	143833	2.63269e-05	4.23519e-05	0.999912	1.90011e-05 8.8e-05 13
rVSVOmicron	438	T	143633	2.56483e-05	0.99991	4.69063e-05	1.70988e-05 9e-05 13
rVSVOmicron	439	T	144887	1.66972e-05	0.999954	2.91074e-05	0 4.6e-05 7
rVSVOmicron	440	G	145635	9.35185e-05	8.47721e-05	8.2978e-06	0.999813 0.000187 27
rVSVOmicron	441	G	145862	0.000133371	5.98947e-05	1.69219e-05	0.99979 0.00021 31
rVSVOmicron	442	A	145637	0.99969	3.46934e-05	0	0.000275323 0.00031 45
rVSVOmicron	443	T	145865	7.35518e-06	0.99995	4.30167e-05	0 5e-05 7
rVSVOmicron	444	G	146479	6.78697e-05	3.49362e-05	2.47001e-05	0.999873 0.000127 19
rVSVOmicron	445	G	146139	6.43759e-05	4.50631e-05	1.84248e-05	0.999872 0.000128 19
rVSVOmicron	446	A	145279	0.999769	5.10524e-05	0	0.00018012 0.000231 34
rVSVOmicron	447	G	145466	7.53966e-05	2.30625e-05	0	0.999902 9.8e-05 14
rVSVOmicron	448	T	145532	6.55558e-05	0.999819	0.0001048	1.0257e-05 0.000181 26
rVSVOmicron	449	C	143102	0.000106316	0.00014477	0.999715	3.34782e-05 0.000285 41
rVSVOmicron	450	T	143204	0	0.999626	0.000332354	4.14323e-05 0.000374 54
rVSVOmicron	451	G	144903	8.05425e-05	5.76257e-05	2.66992e-05	0.999835 0.000165 24
rVSVOmicron	452	A	144602	0.999679	5.16796e-05	1.43181e-05	0.000255266 0.000321 46
rVSVOmicron	453	G	145375	8.94827e-05	1.64311e-05	0	0.999894 0.000106 15
rVSVOmicron	454	T	145578	5.1287e-05	0.999885	6.3209e-05	0 0.000115 17
rVSVOmicron	455	T	145574	1.61321e-05	0.999937	4.70521e-05	0 6.3e-05 9
rVSVOmicron	456	C	146313	5.21829e-05	0.000200108	0.999713	3.47149e-05 0.000287 42
rVSVOmicron	457	A	145536	0.999376	1.26655e-05	1.64429e-05	0.000595276 0.000624 91
rVSVOmicron	458	G	146143	8.39184e-05	5.46909e-05	1.83779e-05	0.999843 0.000157 23
rVSVOmicron	459	A	146211	0.999881	1.64745e-05	0	0.000102854 0.000119 17
rVSVOmicron	460	G	146349	0.00231756	1.8163e-05	0	0.997664 0.002336 342
rVSVOmicron	461	T	146825	5.03216e-05	0.997592	8.52611e-05	0.00227282 0.002408 354
rVSVOmicron	462	G	146843	9.35706e-05	1.82738e-05	0	0.999888 0.000112 16
rVSVOmicron	463	T	144784	1.64764e-05	0.999475	0.000132479	0.000375617 0.000525 76
rVSVOmicron	464	A	144536	0.999173	1.65643e-05	0.00036934	0.000440745 0.000827 120
rVSVOmicron	465	C	142780	0.000404164	0.00018367	0.999395	1.68212e-05 0.000605 86
rVSVOmicron	466	T	140853	8.49498e-06	0.999538	0.000453907	0 0.000462 65
rVSVOmicron	467	C	141400	0.000100478	3.78216e-05	0.99982	4.21506e-05 0.00018 25
rVSVOmicron	468	T	141242	1.91654e-05	0.999776	0.000188191	1.70872e-05 0.000224 32
rVSVOmicron	469	A	142307	0.999767	0	3.01919e-05	0.000203276 0.000233 33
rVSVOmicron	470	G	142792	7.70722e-05	7.54521e-05	8.56358e-06	0.999839 0.000161 23
rVSVOmicron	471	C	142994	5.01109e-05	0.000695858	0.999254	0 0.000746 107
rVSVOmicron	472	G	143313	0.000896658	5.90056e-05	2.08789e-05	0.999023 0.000977 140
rVSVOmicron	473	C	143541	9.03512e-05	4.21032e-05	0.999857	1.04689e-05 0.000143 21
rVSVOmicron	474	C	143902	3.73482e-05	6.86216e-05	0.999884	1.03495e-05 0.000116 17
rVSVOmicron	475	A	143506	0.999849	3.32534e-05	1.67398e-05	0.000101344 0.000151 22
rVSVOmicron	476	A	143572	0.999874	2.50665e-05	7.42961e-05	2.66472e-05 0.000126 18
rVSVOmicron	477	C	143490	3.73468e-05	8.18931e-05	0.999872	8.3243e-06 0.000128 18
rVSVOmicron	478	A	143466	0.999926	1.49894e-05	0	5.88219e-05 7.4e-05 11
rVSVOmicron	479	A	143508	0.999877	1.7011e-05	1.7011e-05	8.94229e-05 0.000123 18
rVSVOmicron	480	C	143000	5.4189e-05	0.000130279	0.999816	0 0.000184 26
rVSVOmicron	481	T	144316	5.70975e-05	0.999589	0.000327799	2.57053e-05 0.000411 59
rVSVOmicron	482	G	147187	0.000727564	7.38205e-05	1.68479e-05	0.999182 0.000818 120
rVSVOmicron	483	C	150041	3.97371e-05	0.000243148	0.999709	7.94743e-06 0.000291 44
rVSVOmicron	484	A	152262	0.999853	7.84612e-06	0	0.000139322 0.000147 22
rVSVOmicron	485	C	154722	1.77825e-05	0.000279917	0.999702	0 0.000298 46
rVSVOmicron	486	C	145114	0.000125854	0.000105475	0.999752	1.65715e-05 0.000248 36
rVSVOmicron	487	T	144596	5.23853e-05	0.999787	0.000106131	5.44262e-05 0.000213 31
rVSVOmicron	488	T	144499	1.10315e-05	0.999937	4.59272e-05	6.52887e-06 6.3e-05 9
rVSVOmicron	489	C	144515	7.83114e-05	0.00011556	0.999806	0 0.000194 28
rVSVOmicron	490	G	144559	2.756e-05	6.69954e-05	8.20077e-05	0.999823 0.000177 26
rVSVOmicron	491	A	143642	0.999835	3.25426e-05	1.66079e-05	0.000116255 0.000165 24
rVSVOmicron	492	G	144178	9.7845e-05	1.87555e-05	8.36089e-06	0.999875 0.000125 18
rVSVOmicron	493	T	144326	0	0.999858	0.000104345	3.7492e-05 0.000142 20
rVSVOmicron	494	A	143990	0.999857	8.29317e-06	0	0.000134708 0.000143 21
rVSVOmicron	495	C	143957	2.22924e-05	0.000316146	0.999442	0.000219321 0.000558 80
rVSVOmicron	496	G	141591	0.000360963	3.76955e-05	1.69059e-05	0.999584 0.000416 59
rVSVOmicron	497	T	141780	0	0.999934	5.70133e-05	8.50601e-06 6.6e-05 9
rVSVOmicron	498	G	142760	9.17167e-05	4.80097e-05	0	0.99986 0.00014 20
rVSVOmicron	499	T	142910	1.66622e-05	0.999671	0.000157841	0.000154013 0.000329 47
rVSVOmicron	500	C	143626	2.91897e-05	9.77515e-05	0.999833	3.95984e-05 0.000167 24
rVSVOmicron	501	C	144480	0.000178892	0.000203048	0.999601	1.68637e-05 0.000399 58
rVSVOmicron	502	C	145078	6.18811e-05	7.46608e-05	0.999855	8.29565e-06 0.000145 21
rVSVOmicron	503	A	144879	0.999667	9.65493e-05	3.6206e-05	0.000200697 0.000333 48
rVSVOmicron	504	G	145665	0.000234626	3.96645e-05	8.29145e-06	0.999717 0.000283 41
rVSVOmicron	505	C	146886	5.1481e-05	0.000184975	0.999764	0 0.000236 35
rVSVOmicron	506	C	143829	0.000105476	0.000125621	0.999769	0 0.000231 33
rVSVOmicron	507	T	144269	4.83484e-05	0.999632	0.000224866	9.48723e-05 0.000368 53
rVSVOmicron	508	T	144764	2.68471e-05	0.999556	0.000360622	5.68385e-05 0.000444 64
rVSVOmicron	509	T	144769	0.000253951	0.999634	0.000103462	8.28588e-06 0.000366 53
rVSVOmicron	510	C	146289	5.75225e-05	0.000123294	0.999805	1.44921e-05 0.000195 29
rVSVOmicron	511	C	143019	8.24851e-05	0.000354321	0.999555	8.4308e-06 0.000445 64
rVSVOmicron	512	T	143278	3.20015e-05	0.999672	0.000295731	0 0.000328 47
rVSVOmicron	513	C	144892	0.000112349	4.10977e-05	0.999803	4.3778e-05 0.000197 29
rVSVOmicron	514	A	145652	0.999614	8.63175e-06	0.00011128	0.000266418 0.000386 56
rVSVOmicron	515	T	148313	8.18739e-06	0.999847	0.000136973	8.18739e-06 0.000153 23
rVSVOmicron	516	G	151225	0.000116162	0.00276352	2.4146e-05	0.997096 0.002904 439
rVSVOmicron	517	G	153334	7.26716e-05	3.30709e-05	1.55875e-05	0.999879 0.000121 19
rVSVOmicron	518	A	156064	0.999879	2.23774e-05	0	9.81321e-05 0.000121 19
rVSVOmicron	519	C	158590	2.52491e-05	0.000121524	0.999853	0 0.000147 23
rVSVOmicron	520	C	124510	7.7056e-05	0.000257201	0.999656	9.63201e-06 0.000344 43
rVSVOmicron	521	T	124867	5.84319e-05	0.999487	0.000435512	1.92176e-05 0.000513 64
rVSVOmicron	522	G	123862	0.000122811	0.000173135	5.47567e-05	0.999649 0.000351 43
rVSVOmicron	523	G	124694	8.07441e-05	9.54482e-06	0.000509229	0.9994 0.0006 75
rVSVOmicron	524	A	124657	0.999417	8.68229e-05	1.91788e-05	0.000476878 0.000583 73
rVSVOmicron	525	G	119452	0.0002318	0.000285354	1.00077e-05	0.999473 0.000527 63
rVSVOmicron	526	G	119227	0.000148867	4.03522e-05	1.0088e-05	0.999801 0.000199 24
rVSVOmicron	527	G	118860	0.000201401	5.02822e-05	0	0.999748 0.000252 30
rVSVOmicron	528	C	118816	7.11988e-05	0.000182582	0.999716	2.99359e-05 0.000284 34
rVSVOmicron	529	A	118160	0.999793	1.00694e-05	0	0.000197033 0.000207 24
rVSVOmicron	530	A	117454	0.999447	3.43828e-05	8.85794e-05	0.000429785 0.000553 65
