rVSVOmicron	8	T	10752	0	0.99989	0.000110061	0 0.00011 1
rVSVOmicron	10	T	12172	9.98532e-05	0.9999	0	0 0.0001 1
rVSVOmicron	11	T	12807	0	0.999909	9.08589e-05	0 9.1e-05 1
rVSVOmicron	12	C	13561	0.000106884	0.000357828	0.999535	0 0.000465 6
rVSVOmicron	13	C	14308	0	0.000626789	0.999373	0 0.000627 9
rVSVOmicron	14	T	14811	5.67537e-05	0.99971	0.000233321	0 0.00029 4
rVSVOmicron	15	C	15856	7.25021e-05	0.000378187	0.999549	0 0.000451 7
rVSVOmicron	16	G	16876	0.000287958	6.82977e-05	5.72224e-05	0.999587 0.000413 7
rVSVOmicron	17	T	17707	0	0.999935	0	6.4542e-05 6.5e-05 1
rVSVOmicron	18	G	18653	0.000339945	6.1356e-05	0	0.999599 0.000401 7
rVSVOmicron	19	C	19307	0.00161887	5.88969e-05	0.998322	0 0.001678 32
rVSVOmicron	20	T	20186	0	0.999889	0.000110572	0 0.000111 2
rVSVOmicron	22	C	22020	0.000103052	5.15261e-05	0.999845	0 0.000155 3
rVSVOmicron	23	T	22915	9.89763e-05	0.999231	0.000628633	4.1463e-05 0.000769 18
rVSVOmicron	24	G	24154	6.61471e-05	0	0.000189537	0.999744 0.000256 6
rVSVOmicron	25	C	25365	8.13981e-05	8.01832e-05	0.999838	0 0.000162 4
rVSVOmicron	26	C	25316	0.000232067	0.000224777	0.999543	0 0.000457 12
rVSVOmicron	27	T	26004	4.3906e-05	0.999631	0.000325142	0 0.000369 10
rVSVOmicron	28	C	26685	4.2354e-05	0.00139768	0.99856	0 0.00144 38
rVSVOmicron	29	T	27520	0.00148303	0.998476	4.12883e-05	0 0.001524 42
rVSVOmicron	30	G	29310	0.000320114	7.7667e-05	0.000116501	0.999486 0.000514 15
rVSVOmicron	31	G	28932	7.88718e-05	3.94359e-05	0	0.999882 0.000118 3
rVSVOmicron	32	T	29687	0	0.999813	0.000186701	0 0.000187 6
rVSVOmicron	33	G	30478	0.000270978	0.000103757	0	0.999625 0.000375 11
rVSVOmicron	34	T	31087	0	0.99983	0.000170483	0 0.00017 5
rVSVOmicron	35	C	31544	0	0.000133491	0.999866	0 0.000134 4
rVSVOmicron	36	T	32420	0	0.999895	0.000105006	0 0.000105 3
rVSVOmicron	37	A	33737	0.999892	0	3.35929e-05	7.44491e-05 0.000108 4
rVSVOmicron	38	G	34649	3.39673e-05	0	3.39673e-05	0.999932 6.8e-05 2
rVSVOmicron	39	C	35400	6.70197e-05	0.000120984	0.999812	0 0.000188 7
rVSVOmicron	40	C	36368	0.000104857	0.000256223	0.999639	0 0.000361 13
rVSVOmicron	41	A	37317	0.99954	0.000272177	6.27449e-05	0.00012549 0.00046 17
rVSVOmicron	42	G	38133	0.000119627	5.98135e-05	0	0.999821 0.000179 7
rVSVOmicron	43	T	38787	0	0.99997	2.95909e-05	0 3e-05 1
rVSVOmicron	44	G	39428	0.00010991	0.00011619	0	0.999774 0.000226 9
rVSVOmicron	45	C	40380	2.84085e-05	0.000489855	0.999482	0 0.000518 21
rVSVOmicron	46	G	42380	0.000345704	0.00019505	5.3857e-05	0.999405 0.000595 25
rVSVOmicron	47	T	44365	0	0.999559	0.0004147	2.59188e-05 0.000441 20
rVSVOmicron	48	G	47385	0.000852871	0.000197664	2.98116e-05	0.99892 0.00108 51
rVSVOmicron	49	A	50329	0.999692	9.17998e-06	2.2644e-05	0.000276623 0.000308 16
rVSVOmicron	50	A	53175	0.999385	2.22208e-05	2.22208e-05	0.000570534 0.000615 33
rVSVOmicron	51	C	55923	0	6.06725e-05	0.999939	0 6.1e-05 3
rVSVOmicron	52	C	40128	5.01436e-05	0.000175888	0.999745	2.85433e-05 0.000255 10
rVSVOmicron	53	T	40917	0	0.999158	0.000702483	0.000139591 0.000842 34
rVSVOmicron	54	G	41747	0.000118401	5.5105e-05	2.75525e-05	0.999799 0.000201 8
rVSVOmicron	55	A	42406	0.999836	0	2.70879e-05	0.000136903 0.000164 7
rVSVOmicron	56	C	43241	5.74819e-05	2.65854e-05	0.999889	2.65854e-05 0.000111 5
rVSVOmicron	57	C	44083	5.21375e-05	5.21375e-05	0.99987	2.60688e-05 0.00013 6
rVSVOmicron	58	A	44911	0.999906	0	3.1935e-05	6.24814e-05 9.4e-05 4
rVSVOmicron	59	C	45731	0	0.000100111	0.9999	0 0.0001 5
rVSVOmicron	60	A	46589	0.999601	0	0	0.000398649 0.000399 19
rVSVOmicron	61	C	47475	0	0.000678847	0.999321	0 0.000679 32
rVSVOmicron	62	G	48576	0.00099484	7.64274e-05	9.6337e-06	0.998919 0.001081 53
rVSVOmicron	63	G	48860	4.72241e-05	0	2.36121e-05	0.999929 7.1e-05 3
rVSVOmicron	64	A	49061	0.999918	0	0	8.1511e-05 8.2e-05 4
rVSVOmicron	65	C	49877	5.16318e-05	0.000377596	0.999571	0 0.000429 21
rVSVOmicron	66	C	50804	2.29934e-05	0.00380696	0.99617	0 0.00383 195
rVSVOmicron	67	C	51868	9.44317e-05	6.71918e-05	0.999838	0 0.000162 8
rVSVOmicron	68	A	52924	0.999798	2.19051e-05	2.19051e-05	0.000158072 0.000202 11
rVSVOmicron	69	G	53692	0.000405984	2.14592e-05	0.000193133	0.999379 0.000621 33
rVSVOmicron	70	C	54114	0.000439222	0.000166285	0.999394	0 0.000606 33
rVSVOmicron	71	T	54998	0.000146288	0.99977	8.35931e-05	0 0.00023 13
rVSVOmicron	72	C	56053	8.70642e-05	0.000373766	0.999396	0.000143628 0.000604 34
rVSVOmicron	73	C	57633	0.000142413	0.00019152	0.999666	0 0.000334 19
rVSVOmicron	74	C	57255	0.000189431	0.000146304	0.999644	2.01987e-05 0.000356 20
rVSVOmicron	75	T	57967	2.30281e-05	0.999346	0.000483591	0.000147808 0.000654 38
rVSVOmicron	76	C	58995	3.89873e-05	0.000583756	0.999358	1.94937e-05 0.000642 38
rVSVOmicron	77	C	59893	0.000899122	0.000630437	0.998366	0.000104109 0.001634 98
rVSVOmicron	78	C	60945	8.00337e-05	0.000168329	0.998895	0.000857135 0.001105 67
rVSVOmicron	79	G	61864	0.00293574	5.62324e-05	0	0.997008 0.002992 185
rVSVOmicron	80	C	63426	1.81751e-05	0.000127226	0.999855	0 0.000145 9
rVSVOmicron	81	C	62773	5.22681e-05	0.000299172	0.999612	3.68365e-05 0.000388 24
rVSVOmicron	82	T	63494	0	0.999242	0.000745921	1.23579e-05 0.000758 48
rVSVOmicron	83	A	64733	0.999924	1.81865e-05	1.81865e-05	3.93221e-05 7.6e-05 5
rVSVOmicron	84	C	65628	3.32509e-05	0.000220881	0.999725	2.13756e-05 0.000275 18
rVSVOmicron	85	A	66489	0.999943	0	0	5.67931e-05 5.7e-05 4
rVSVOmicron	86	C	67405	0	5.50541e-05	0.999928	1.71177e-05 7.2e-05 5
rVSVOmicron	87	A	68415	0.999944	1.72457e-05	0	3.86863e-05 5.6e-05 4
rVSVOmicron	88	A	69191	0.999946	1.73864e-05	1.26874e-05	2.34951e-05 5.4e-05 4
rVSVOmicron	89	A	68129	0.999975	1.82633e-05	0	6.41685e-06 2.5e-05 2
rVSVOmicron	90	C	68563	6.00865e-06	8.96676e-05	0.999904	0 9.6e-05 7
rVSVOmicron	91	T	68967	0	0.99991	7.32705e-05	1.68386e-05 9e-05 6
rVSVOmicron	92	C	69757	0	4.97961e-05	0.99995	0 5e-05 3
rVSVOmicron	93	T	70397	1.66805e-05	0.999696	0.000287626	0 0.000304 21
rVSVOmicron	94	T	71360	3.34728e-05	0.999764	0.00018591	1.67364e-05 0.000236 17
rVSVOmicron	95	T	72157	3.46374e-05	0.999876	8.9005e-05	0 0.000124 9
rVSVOmicron	96	C	73318	3.16803e-05	0.00136525	0.998603	0 0.001397 102
rVSVOmicron	97	A	74253	0.999762	3.52802e-05	0	0.000202755 0.000238 18
rVSVOmicron	98	C	75068	7.74513e-05	0.000189232	0.999733	0 0.000267 20
rVSVOmicron	99	C	75803	0.000120262	0.000235477	0.999644	0 0.000356 27
rVSVOmicron	100	C	76829	8.36945e-05	0.000227052	0.999643	4.59906e-05 0.000357 27
rVSVOmicron	101	G	77963	0.00021649	0.000160438	0.000498781	0.999124 0.000876 68
rVSVOmicron	102	G	78506	0.000531551	4.19539e-05	0	0.999426 0.000574 45
rVSVOmicron	103	G	79133	0.000291241	4.50875e-05	1.50292e-05	0.999649 0.000351 28
rVSVOmicron	104	G	79688	8.93792e-05	4.83131e-05	0	0.999862 0.000138 11
rVSVOmicron	105	C	80554	0	0.000324558	0.999603	7.23412e-05 0.000397 32
rVSVOmicron	106	G	81351	0.000585054	2.87095e-05	1.43548e-05	0.999372 0.000628 51
rVSVOmicron	107	T	82092	0	0.999698	0.000287302	1.44432e-05 0.000302 25
rVSVOmicron	108	G	83268	0.00024812	2.80748e-05	1.40374e-05	0.99971 0.00029 24
rVSVOmicron	109	T	83989	1.39198e-05	0.999771	0.000187729	2.78396e-05 0.000229 19
rVSVOmicron	110	A	85216	0.999762	4.19791e-05	4.19791e-05	0.000153923 0.000238 20
rVSVOmicron	111	C	85725	5.73405e-05	0.0001088	0.99982	1.36e-05 0.00018 15
rVSVOmicron	112	T	86567	2.70303e-05	0.999413	0.000434677	0.000124924 0.000587 51
rVSVOmicron	113	A	87702	0.999906	0	0	9.37032e-05 9.4e-05 8
rVSVOmicron	114	C	88373	5.62869e-05	0.000249885	0.999694	0 0.000306 27
rVSVOmicron	115	C	89349	3.96978e-05	0.000185256	0.999759	1.64513e-05 0.000241 22
rVSVOmicron	116	C	90120	0.000113425	0.000209783	0.99965	2.63117e-05 0.00035 32
rVSVOmicron	117	C	91120	0.000190798	0.000221367	0.999572	1.61633e-05 0.000428 39
rVSVOmicron	118	G	92401	0.000274954	5.35491e-05	7.31151e-05	0.999598 0.000402 37
rVSVOmicron	119	A	93835	0.999914	4.81412e-05	1.00996e-05	2.79421e-05 8.6e-05 8
rVSVOmicron	120	C	95503	3.66846e-05	0.000118646	0.999813	3.17272e-05 0.000187 18
rVSVOmicron	121	A	97784	0.999499	2.04861e-05	3.93201e-05	0.000441443 0.000501 49
rVSVOmicron	122	A	100099	0.999744	6.28355e-05	3.82195e-05	0.000155145 0.000256 26
rVSVOmicron	123	G	101653	8.7083e-05	0.000149959	1.1632e-05	0.999751 0.000249 25
rVSVOmicron	124	G	94221	4.62617e-05	5.03436e-05	2.51718e-05	0.999878 0.000122 11
rVSVOmicron	125	T	94952	2.4825e-05	0.999938	3.72375e-05	0 6.2e-05 6
rVSVOmicron	126	G	96124	3.68044e-05	1.22681e-05	0	0.999951 4.9e-05 5
rVSVOmicron	127	T	96770	3.75425e-05	0.999912	5.00566e-05	0 8.8e-05 9
rVSVOmicron	128	T	97760	4.10916e-05	0.999889	6.97905e-05	0 0.000111 11
rVSVOmicron	129	C	99059	4.00407e-05	0.000112049	0.999848	0 0.000152 15
rVSVOmicron	130	C	100035	0.000113252	0.000265325	0.999576	4.55576e-05 0.000424 42
rVSVOmicron	131	G	101434	0.000186856	8.69464e-05	1.16982e-05	0.999714 0.000286 29
rVSVOmicron	132	G	101741	0.000182941	3.78499e-05	0	0.999779 0.000221 22
rVSVOmicron	133	T	99808	3.54732e-06	0.999898	8.64255e-05	1.19319e-05 0.000102 10
rVSVOmicron	134	C	100370	3.9367e-05	8.22263e-05	0.999867	1.17466e-05 0.000133 13
rVSVOmicron	135	T	101140	3.47357e-06	0.999913	6.06297e-05	2.33677e-05 8.7e-05 9
rVSVOmicron	136	A	103420	0.999845	0	0	0.000155439 0.000155 16
rVSVOmicron	137	G	102035	0.000190224	4.50615e-05	1.19091e-05	0.999753 0.000247 25
rVSVOmicron	138	C	102921	0.000135906	0.000460013	0.99931	9.42573e-05 0.00069 71
rVSVOmicron	139	G	103843	0.000233877	3.26123e-05	2.29839e-05	0.999711 0.000289 30
rVSVOmicron	140	T	104505	0	0.999931	5.98739e-05	8.95022e-06 6.9e-05 7
rVSVOmicron	141	G	105704	0.000116775	6.76866e-05	8.84194e-06	0.999807 0.000193 20
rVSVOmicron	142	C	106222	2.24925e-05	0.000202128	0.999691	8.41948e-05 0.000309 33
rVSVOmicron	143	T	106984	2.29267e-05	0.999706	0.000271199	0 0.000294 31
rVSVOmicron	144	C	108270	2.20818e-05	0.000146217	0.99981	2.20818e-05 0.00019 21
rVSVOmicron	145	C	109144	0.000170419	0.000344987	0.999432	5.27557e-05 0.000568 62
rVSVOmicron	146	A	109008	0.999753	0	0.000146227	0.000100826 0.000247 27
rVSVOmicron	147	C	109058	4.34455e-05	5.43069e-05	0.999902	0 9.8e-05 11
rVSVOmicron	148	T	109308	0	0.999868	0.000121318	1.08686e-05 0.000132 14
rVSVOmicron	149	C	109684	5.81454e-05	3.21101e-05	0.999896	1.33069e-05 0.000104 11
rVSVOmicron	150	T	109853	1.07671e-05	0.999812	0.000131533	4.53964e-05 0.000188 21
rVSVOmicron	151	A	110727	0.999755	0	0	0.000244898 0.000245 27
rVSVOmicron	152	C	111626	0	7.86321e-05	0.999911	1.05413e-05 8.9e-05 10
rVSVOmicron	153	A	111622	0.999881	0	2.12492e-05	9.82059e-05 0.000119 13
rVSVOmicron	154	C	109697	2.9407e-05	0.000268987	0.999702	0 0.000298 33
rVSVOmicron	155	A	110049	0.999485	4.98169e-05	1.07164e-05	0.000454434 0.000515 57
rVSVOmicron	156	G	111539	0.00027175	8.93465e-05	6.8223e-05	0.999571 0.000429 48
rVSVOmicron	157	G	113928	0.000260945	3.09785e-05	1.03262e-05	0.999698 0.000302 34
rVSVOmicron	158	A	115434	0.999904	2.48658e-05	0	7.0772e-05 9.6e-05 11
rVSVOmicron	159	C	117781	2.32154e-05	8.31434e-05	0.999407	0.000486443 0.000593 70
rVSVOmicron	160	C	102758	4.56756e-05	0.000122522	0.999832	0 0.000168 17
rVSVOmicron	161	T	103114	2.26312e-05	0.999125	0.000772824	7.92092e-05 0.000875 90
rVSVOmicron	162	G	104161	0.000487958	0	1.40288e-05	0.999498 0.000502 52
rVSVOmicron	163	T	104501	3.57243e-05	0.99949	3.86209e-05	0.000435451 0.00051 53
rVSVOmicron	164	T	104899	1.19084e-05	0.999385	5.03816e-05	0.000552976 0.000615 65
rVSVOmicron	165	C	106890	0.000152279	0.000159431	0.999677	1.10261e-05 0.000323 35
rVSVOmicron	166	C	104986	0.000602126	0.000207066	0.999191	0 0.000809 85
rVSVOmicron	167	T	105283	2.20502e-05	0.999667	0.000311385	0 0.000333 35
rVSVOmicron	168	C	106534	0.000152111	0.000167888	0.999642	3.83998e-05 0.000358 38
rVSVOmicron	169	C	107526	0.000136182	0.000171354	0.999692	0 0.000308 33
rVSVOmicron	170	C	106706	0.000159314	0.000126795	0.999692	2.20773e-05 0.000308 33
rVSVOmicron	171	T	106995	5.53279e-05	0.999653	0.000269761	2.21312e-05 0.000347 37
rVSVOmicron	172	T	107716	1.14541e-05	0.999906	4.58165e-05	3.71485e-05 9.4e-05 10
rVSVOmicron	173	T	108003	1.09698e-05	0.999853	0.000125115	1.09698e-05 0.000147 16
rVSVOmicron	174	C	106677	1.09055e-05	0.000162699	0.999815	1.09055e-05 0.000185 20
rVSVOmicron	175	T	106916	1.10119e-05	0.999756	0.000194941	3.83929e-05 0.000244 26
rVSVOmicron	176	T	108111	2.16656e-05	0.999876	0.00010218	0 0.000124 13
rVSVOmicron	177	C	108667	4.13726e-05	7.49336e-05	0.999884	0 0.000116 13
rVSVOmicron	178	A	108794	0.999804	1.34053e-05	3.23477e-05	0.000150664 0.000196 21
rVSVOmicron	179	G	109302	0.00024013	9.64575e-05	0	0.999663 0.000337 37
rVSVOmicron	180	C	110243	1.06082e-05	0.000132172	0.999825	3.2398e-05 0.000175 19
rVSVOmicron	181	A	110596	0.999888	8.51511e-06	1.24888e-05	9.11117e-05 0.000112 12
rVSVOmicron	182	A	110592	0.999959	1.07765e-05	1.07765e-05	1.95142e-05 4.1e-05 5
rVSVOmicron	183	C	110853	8.92216e-05	0.00105532	0.998727	0.000128718 0.001273 141
rVSVOmicron	184	G	110784	0.000200969	7.36506e-05	2.36938e-05	0.999702 0.000298 33
rVSVOmicron	185	T	111280	3.42293e-05	0.999932	3.42293e-05	0 6.8e-05 8
rVSVOmicron	186	G	112373	0.000103925	7.92075e-05	0	0.999817 0.000183 21
rVSVOmicron	187	A	112541	0.999884	0	1.03522e-05	0.000105761 0.000116 13
rVSVOmicron	188	C	113425	0.000100316	4.34702e-05	0.999823	3.316e-05 0.000177 20
rVSVOmicron	189	A	111923	0.999838	1.05308e-05	2.24847e-05	0.000129216 0.000162 18
rVSVOmicron	190	T	112095	4.43285e-05	0.999836	6.26811e-05	5.70342e-05 0.000164 18
rVSVOmicron	191	G	113057	0.000100541	9.04308e-05	0	0.999809 0.000191 22
rVSVOmicron	192	G	112702	0.000183615	4.16156e-05	0	0.999775 0.000225 25
rVSVOmicron	193	T	112978	0	0.999794	0.000160402	4.53749e-05 0.000206 23
rVSVOmicron	194	T	113382	1.39023e-05	0.999912	6.42285e-05	1.02877e-05 8.8e-05 10
rVSVOmicron	195	C	114178	1.02554e-05	0.000117798	0.999849	2.30053e-05 0.000151 17
rVSVOmicron	196	C	114558	6.1196e-05	0.000117155	0.999796	2.53605e-05 0.000204 23
rVSVOmicron	197	A	114347	0.999706	3.88607e-05	9.06751e-05	0.000164814 0.000294 34
rVSVOmicron	198	C	114809	5.75953e-05	0.000136583	0.999303	0.000502999 0.000697 80
rVSVOmicron	199	G	115228	0.000493909	3.29273e-05	3.4848e-05	0.999438 0.000562 65
rVSVOmicron	200	T	115455	4.232e-05	0.999367	0.000193621	0.000397477 0.000633 73
rVSVOmicron	201	G	116179	7.9904e-05	6.01312e-05	0.000114303	0.999746 0.000254 30
rVSVOmicron	202	A	115827	0.999943	0	9.99113e-06	4.67153e-05 5.7e-05 7
rVSVOmicron	203	T	115850	2.01467e-05	0.998257	0.00171274	1.00733e-05 0.001743 202
rVSVOmicron	204	C	114317	3.85882e-05	9.606e-05	0.999841	2.46308e-05 0.000159 18
rVSVOmicron	205	T	114331	2.27155e-05	0.999856	0.000111115	1.01262e-05 0.000144 16
rVSVOmicron	206	C	114340	5.05452e-05	0.000207099	0.999689	5.30042e-05 0.000311 36
rVSVOmicron	207	T	114677	0.000924078	0.998839	0.000217124	1.97137e-05 0.001161 133
rVSVOmicron	208	G	116196	0.000101578	0.000114343	5.26902e-05	0.999731 0.000269 31
rVSVOmicron	209	G	116691	0.000281418	3.00938e-05	2.25026e-05	0.999666 0.000334 39
rVSVOmicron	210	C	117338	2.97497e-05	0.000303393	0.999657	9.91656e-06 0.000343 40
rVSVOmicron	211	A	117352	0.999847	0	1.97468e-05	0.000133157 0.000153 18
rVSVOmicron	212	C	118193	2.43772e-05	0.000140964	0.999835	0 0.000165 20
rVSVOmicron	213	A	118255	0.999917	1.22152e-05	9.82528e-06	6.13416e-05 8.3e-05 10
rVSVOmicron	214	A	118309	0.999898	9.94695e-06	4.05943e-05	5.18854e-05 0.000102 12
rVSVOmicron	215	A	118563	0.999875	2.04772e-05	3.01623e-05	7.41605e-05 0.000125 15
rVSVOmicron	216	C	119024	9.74991e-06	0.000600278	0.99938	9.74991e-06 0.00062 74
rVSVOmicron	217	G	119126	0.000227624	0.00012343	7.48061e-05	0.999574 0.000426 51
rVSVOmicron	218	G	119226	0.000795665	5.61114e-05	1.96789e-05	0.999129 0.000871 104
rVSVOmicron	219	C	119490	9.72379e-06	0.000280939	0.99967	3.88952e-05 0.00033 39
rVSVOmicron	220	A	119418	0.999922	0	0	7.77106e-05 7.8e-05 9
rVSVOmicron	221	C	120199	6.5184e-05	0.000108466	0.999817	9.64723e-06 0.000183 22
rVSVOmicron	222	A	120180	0.999891	1.94321e-05	9.71603e-06	8.03542e-05 0.000109 13
rVSVOmicron	223	A	120464	0.999843	1.22503e-05	7.13712e-05	7.35017e-05 0.000157 19
rVSVOmicron	224	A	120404	0.999806	1.33223e-05	4.79604e-05	0.000132957 0.000194 23
rVSVOmicron	225	G	120948	0.000153012	3.15489e-05	0	0.999815 0.000185 22
rVSVOmicron	226	C	121701	3.10223e-05	0.000440258	0.99951	1.91304e-05 0.00049 60
rVSVOmicron	227	G	122301	0.000539783	4.04902e-05	2.86268e-05	0.999391 0.000609 74
rVSVOmicron	228	G	122565	0.000285217	0.00011182	0	0.999603 0.000397 49
rVSVOmicron	229	T	122450	1.90614e-05	0.999893	7.85637e-05	9.53068e-06 0.000107 13
rVSVOmicron	230	T	121939	9.54255e-06	0.999962	1.90851e-05	9.54255e-06 3.8e-05 5
rVSVOmicron	231	C	122417	4.94672e-05	0.000220817	0.99971	1.98889e-05 0.00029 36
rVSVOmicron	232	G	122592	0.000240134	8.013e-05	6.86097e-05	0.999611 0.000389 48
rVSVOmicron	233	A	122368	0.99981	0	1.69963e-05	0.000173514 0.00019 23
rVSVOmicron	234	C	123198	5.61079e-05	9.57878e-05	0.999829	1.87026e-05 0.000171 21
rVSVOmicron	235	A	123553	0.999787	1.89036e-05	2.83554e-05	0.000165279 0.000213 26
rVSVOmicron	236	A	123084	0.999916	0	4.3424e-05	4.05808e-05 8.4e-05 10
rVSVOmicron	237	C	123185	1.89022e-05	8.96578e-05	0.999863	2.83533e-05 0.000137 17
rVSVOmicron	238	C	124966	0.000120178	8.39984e-05	0.999767	2.88428e-05 0.000233 29
rVSVOmicron	239	C	125050	0.000152595	0.000179166	0.999638	3.03671e-05 0.000362 45
rVSVOmicron	240	C	125034	0.000407392	0.000268227	0.999269	5.50597e-05 0.000731 91
rVSVOmicron	241	G	125092	0.000210727	0.000187729	9.24897e-06	0.999592 0.000408 51
rVSVOmicron	242	T	125049	1.87474e-05	0.99989	9.12034e-05	0 0.00011 14
rVSVOmicron	243	G	125888	0.000377872	9.59517e-05	9.15003e-06	0.999517 0.000483 61
rVSVOmicron	244	C	125222	0.00025814	5.94368e-05	0.999061	0.000621475 0.000939 118
rVSVOmicron	245	T	125310	1.82207e-05	0.999745	0.000236377	0 0.000255 32
rVSVOmicron	246	C	126421	3.64657e-05	0.000184546	0.999743	3.64657e-05 0.000257 32
rVSVOmicron	247	C	126993	0.000128509	0.00015183	0.999701	1.83585e-05 0.000299 38
rVSVOmicron	248	C	126767	0.000119507	0.000155384	0.999707	1.83095e-05 0.000293 37
rVSVOmicron	249	T	126579	9.14157e-06	0.999401	0.000301919	0.000288083 0.000599 76
rVSVOmicron	250	T	127067	1.70304e-05	0.999782	0.000182826	1.85331e-05 0.000218 28
rVSVOmicron	251	T	127069	9.19193e-06	0.999941	5.0183e-05	0 5.9e-05 7
rVSVOmicron	252	C	127354	2.0003e-05	0.000764506	0.999206	9.02575e-06 0.000794 101
rVSVOmicron	253	A	126950	0.999735	1.83049e-05	9.15245e-06	0.000237716 0.000265 34
rVSVOmicron	254	A	127251	0.999914	9.23107e-06	0	7.65929e-05 8.6e-05 11
rVSVOmicron	255	C	127892	3.13748e-05	0.000484619	0.999472	1.20672e-05 0.000528 68
rVSVOmicron	256	G	128190	0.000146409	6.67487e-05	1.8027e-05	0.999769 0.000231 30
rVSVOmicron	257	A	127363	0.999959	9.03602e-06	3.17482e-06	2.90618e-05 4.1e-05 5
rVSVOmicron	258	C	128123	1.99776e-05	0.000258987	0.999712	8.90569e-06 0.000288 37
rVSVOmicron	259	G	128470	0.000165949	8.86842e-05	3.01283e-05	0.999715 0.000285 37
rVSVOmicron	260	G	128520	0.000693605	2.1033e-05	8.94506e-06	0.999276 0.000724 93
rVSVOmicron	261	C	128843	4.44077e-05	0.00040087	0.998361	0.00119373 0.001639 211
rVSVOmicron	262	G	128794	0.000792571	1.77459e-05	0	0.99919 0.00081 104
rVSVOmicron	263	T	128679	4.70339e-05	0.999832	0.00011229	8.61878e-06 0.000168 22
rVSVOmicron	264	G	129383	8.59708e-05	2.65077e-05	2.62689e-05	0.999861 0.000139 18
rVSVOmicron	265	T	129310	8.82127e-06	0.999892	4.62521e-05	5.24508e-05 0.000108 14
rVSVOmicron	266	A	129709	0.999792	1.79201e-05	7.16804e-05	0.000118418 0.000208 27
rVSVOmicron	267	C	129702	4.61337e-05	0.000198638	0.999746	8.84429e-06 0.000254 33
rVSVOmicron	268	T	129158	2.75586e-05	0.999708	0.000186951	7.74619e-05 0.000292 38
rVSVOmicron	269	T	126594	1.82009e-05	0.999955	2.73014e-05	0 4.5e-05 6
rVSVOmicron	270	C	127385	6.68734e-05	0.00017841	0.999737	1.78651e-05 0.000263 34
rVSVOmicron	271	G	127786	0.000261143	0.000199383	1.79931e-05	0.999521 0.000479 61
rVSVOmicron	272	C	128156	0.000188688	0.000104478	0.999707	0 0.000293 38
rVSVOmicron	273	C	128773	0.000152693	0.000216555	0.999546	8.52294e-05 0.000454 58
rVSVOmicron	274	A	128260	0.999676	1.7917e-05	1.7917e-05	0.000287883 0.000324 42
rVSVOmicron	275	G	128782	0.000161078	2.96786e-05	8.85572e-06	0.9998 0.0002 26
rVSVOmicron	276	C	129625	5.88971e-05	0.000211505	0.99973	0 0.00027 35
rVSVOmicron	277	A	129449	0.99993	1.71809e-05	1.76582e-05	3.53164e-05 7e-05 9
rVSVOmicron	278	T	129905	4.6142e-05	0.997986	0.00195913	8.80027e-06 0.002014 262
rVSVOmicron	279	A	129401	0.997841	0	0.00202753	0.00013136 0.002159 279
rVSVOmicron	280	G	130103	0.000119994	3.96773e-05	7.33429e-05	0.999767 0.000233 30
rVSVOmicron	281	A	130046	0.999828	1.66102e-05	0	0.000155898 0.000172 22
rVSVOmicron	282	G	130867	0.000111577	9.66212e-05	1.97041e-05	0.999772 0.000228 30
rVSVOmicron	283	A	131716	0.999857	8.79623e-06	4.39811e-05	8.98642e-05 0.000143 19
rVSVOmicron	284	A	130575	0.999836	1.81575e-05	7.26299e-05	7.31206e-05 0.000164 21
rVSVOmicron	285	G	130577	0.000133848	4.3192e-05	8.78079e-06	0.999814 0.000186 24
rVSVOmicron	286	T	131056	0	0.997988	0.00200318	8.82669e-06 0.002012 264
rVSVOmicron	287	C	130913	2.6312e-05	0.000125871	0.999821	2.6312e-05 0.000179 23
rVSVOmicron	288	T	131312	2.61057e-05	0.999822	0.000125825	2.61057e-05 0.000178 23
rVSVOmicron	289	A	132352	0.999728	0	0.000113137	0.000158768 0.000272 36
rVSVOmicron	290	A	132682	0.999784	6.97144e-05	6.09705e-05	8.50752e-05 0.000216 29
rVSVOmicron	291	C	133396	2.5126e-05	0.000184955	0.999773	1.7216e-05 0.000227 30
rVSVOmicron	292	A	130655	0.999919	8.783e-06	1.7566e-05	5.48344e-05 8.1e-05 11
rVSVOmicron	293	T	131032	1.80005e-05	0.999906	5.81369e-05	1.80005e-05 9.4e-05 12
rVSVOmicron	294	T	131407	3.55306e-05	0.999772	0.00016613	2.6648e-05 0.000228 30
rVSVOmicron	295	A	131589	0.999768	0	1.78853e-05	0.000213656 0.000232 31
rVSVOmicron	296	T	131847	1.7592e-05	0.999937	2.82899e-05	1.7592e-05 6.3e-05 8
rVSVOmicron	297	C	132296	6.06806e-05	0.000155567	0.999775	8.66865e-06 0.000225 30
rVSVOmicron	298	C	132730	0.000103118	0.000219625	0.999658	1.94961e-05 0.000342 45
rVSVOmicron	299	G	133302	0.000226237	6.91087e-05	6.72409e-05	0.999637 0.000363 48
rVSVOmicron	300	G	133664	0.000128376	7.96491e-06	8.6677e-06	0.999855 0.000145 19
rVSVOmicron	301	G	133843	4.72083e-05	4.30223e-05	8.60447e-06	0.999901 9.9e-05 13
rVSVOmicron	302	G	133625	0.000164959	2.57169e-05	0	0.999809 0.000191 26
rVSVOmicron	303	C	133357	2.60689e-05	8.24342e-05	0.999863	2.81826e-05 0.000137 18
rVSVOmicron	304	T	133348	0	0.999583	0.000408838	8.62922e-06 0.000417 56
rVSVOmicron	305	G	134875	4.24017e-05	4.24017e-05	1.90235e-05	0.999896 0.000104 14
rVSVOmicron	306	G	135243	4.47064e-05	8.06559e-05	3.82539e-05	0.999836 0.000164 22
rVSVOmicron	307	A	135010	0.999913	8.44348e-06	0	7.85015e-05 8.7e-05 12
rVSVOmicron	308	T	135203	8.58414e-06	0.99994	2.57524e-05	2.57524e-05 6e-05 8
rVSVOmicron	309	T	135181	0	0.999819	0.000172921	8.5765e-06 0.000181 24
rVSVOmicron	310	T	135490	8.06996e-06	0.999855	0.000127966	8.5311e-06 0.000145 20
rVSVOmicron	311	T	135051	0	0.999934	6.55071e-05	0 6.6e-05 9
rVSVOmicron	312	C	135492	3.33358e-05	0.000290044	0.999651	2.51719e-05 0.000349 47
rVSVOmicron	313	G	135490	0.000215793	4.24249e-05	4.42594e-05	0.999698 0.000302 41
rVSVOmicron	314	G	135349	0.000181012	4.43904e-05	2.55302e-05	0.999749 0.000251 34
rVSVOmicron	315	C	135685	5.24321e-05	0.000231291	0.999716	0 0.000284 39
rVSVOmicron	316	A	133919	0.999911	8.46508e-06	0	8.03039e-05 8.9e-05 12
rVSVOmicron	317	C	134486	2.49005e-05	0.000286699	0.999688	0 0.000312 42
rVSVOmicron	318	C	134744	7.33318e-05	0.000121147	0.999783	2.27581e-05 0.000217 29
rVSVOmicron	319	A	134490	0.998597	2.75296e-05	0.000160213	0.00121559 0.001403 189
rVSVOmicron	320	C	135315	0.00023674	0.000163027	0.998466	0.00113441 0.001534 208
rVSVOmicron	321	A	134660	0.998542	7.8198e-05	0.00136028	1.91458e-05 0.001458 196
rVSVOmicron	322	C	134507	3.35082e-05	5.38848e-05	0.999913	0 8.7e-05 12
rVSVOmicron	323	T	134440	0.0023752	0.997548	7.64415e-05	0 0.002452 330
rVSVOmicron	324	C	135643	0.000110096	0.00262628	0.997222	4.17371e-05 0.002778 377
rVSVOmicron	325	G	135499	0.000498129	3.54994e-05	2.52592e-05	0.999441 0.000559 76
rVSVOmicron	326	A	134564	0.999861	1.408e-05	0.000108552	1.68052e-05 0.000139 19
rVSVOmicron	327	C	134775	0.00185473	7.6062e-05	0.998069	0 0.001931 260
rVSVOmicron	328	T	134248	0	0.999911	8.03529e-05	8.47025e-06 8.9e-05 12
rVSVOmicron	329	C	134113	6.72594e-05	8.40742e-05	0.999823	2.52223e-05 0.000177 24
rVSVOmicron	330	T	134374	1.05909e-05	0.999704	0.000259937	2.55563e-05 0.000296 40
rVSVOmicron	331	A	135088	0.999694	1.05681e-05	4.36508e-06	0.000290852 0.000306 41
rVSVOmicron	332	A	134502	0.999887	6.19713e-05	0	5.13344e-05 0.000113 15
rVSVOmicron	333	G	134957	0.00021155	1.7533e-05	8.53583e-06	0.999762 0.000238 32
rVSVOmicron	334	A	135228	0.999923	1.04182e-05	0	6.70389e-05 7.7e-05 10
rVSVOmicron	335	C	135685	3.24136e-05	7.49564e-05	0.999884	8.32849e-06 0.000116 16
rVSVOmicron	336	A	134971	0.999892	4.23169e-05	0	6.58771e-05 0.000108 15
rVSVOmicron	337	C	135405	4.99806e-05	0.000120674	0.999821	8.33009e-06 0.000179 24
rVSVOmicron	338	A	134820	0.999497	6.19184e-05	1.68454e-05	0.000424095 0.000503 68
rVSVOmicron	339	G	135566	0.000133992	3.41323e-05	1.24537e-05	0.999819 0.000181 25
rVSVOmicron	340	T	135441	3.19838e-05	0.999885	8.05266e-05	2.94886e-06 0.000115 16
rVSVOmicron	341	C	136165	7.6129e-05	0.000110692	0.999755	5.85086e-05 0.000245 33
rVSVOmicron	342	C	136547	9.71561e-05	0.000632543	0.999243	2.74323e-05 0.000757 103
rVSVOmicron	343	C	134160	4.52146e-05	0.000135872	0.999807	1.14178e-05 0.000193 26
rVSVOmicron	344	T	134366	1.13178e-05	0.999748	0.000223866	1.67503e-05 0.000252 34
rVSVOmicron	345	C	136426	4.35715e-05	3.52615e-05	0.999896	2.49301e-05 0.000104 14
rVSVOmicron	346	C	136087	9.94458e-05	0.000166943	0.999725	8.32465e-06 0.000275 37
rVSVOmicron	347	T	136474	3.34099e-05	0.999706	0.000243576	1.67049e-05 0.000294 40
rVSVOmicron	348	G	138214	8.61839e-05	4.93114e-05	0	0.999865 0.000135 19
rVSVOmicron	349	A	135011	0.999898	8.36215e-06	0	9.40177e-05 0.000102 14
rVSVOmicron	350	T	135107	8.65856e-06	0.999922	8.65856e-06	6.03759e-05 7.8e-05 11
rVSVOmicron	351	T	135128	2.52255e-05	0.999922	3.56793e-05	1.6817e-05 7.8e-05 11
rVSVOmicron	352	G	132333	0.000304745	5.311e-05	0	0.999642 0.000358 47
rVSVOmicron	353	T	132657	4.25134e-05	0.999884	7.35367e-05	0 0.000116 15
rVSVOmicron	354	G	133606	0.000689745	2.74799e-05	3.38918e-05	0.999249 0.000751 100
rVSVOmicron	355	A	134077	0.999911	8.50644e-06	1.03457e-05	7.05805e-05 8.9e-05 12
rVSVOmicron	356	A	134824	0.999907	0	3.37696e-05	5.90969e-05 9.3e-05 13
rVSVOmicron	357	C	135738	2.63944e-05	8.75302e-05	0.999886	0 0.000114 15
rVSVOmicron	358	A	132773	0.999912	4.49615e-05	8.57513e-06	3.43005e-05 8.8e-05 12
rVSVOmicron	359	A	132933	0.999835	2.60541e-05	8.68469e-06	0.00013027 0.000165 22
rVSVOmicron	360	C	133643	6.65771e-05	0.000237611	0.999662	3.39773e-05 0.000338 45
rVSVOmicron	361	G	133518	0.000383847	3.63913e-05	3.01329e-05	0.99955 0.00045 60
rVSVOmicron	362	C	133357	6.95927e-05	0.000108666	0.999813	8.55459e-06 0.000187 25
rVSVOmicron	363	C	133608	6.77527e-05	0.000196849	0.999727	8.46909e-06 0.000273 36
rVSVOmicron	364	A	133296	0.999822	0.000106592	1.70732e-05	5.39883e-05 0.000178 24
rVSVOmicron	365	C	133971	2.70723e-05	8.69044e-05	0.999878	8.41744e-06 0.000122 16
rVSVOmicron	366	A	133999	0.999841	8.54581e-06	8.82297e-05	6.18994e-05 0.000159 21
rVSVOmicron	367	A	134061	0.999873	8.83453e-06	4.56053e-05	7.28252e-05 0.000127 17
rVSVOmicron	368	A	131905	0.999975	6.83641e-06	9.03383e-06	9.03383e-06 2.5e-05 3
rVSVOmicron	369	C	132610	4.97447e-05	0.000151102	0.999713	8.6411e-05 0.000287 38
rVSVOmicron	370	G	131747	0.00010583	4.32196e-05	6.30773e-06	0.999845 0.000155 20
rVSVOmicron	371	T	131279	4.50212e-05	0.999874	4.50212e-05	3.57736e-05 0.000126 17
rVSVOmicron	372	G	131259	0.000882975	7.66373e-05	3.47924e-05	0.999006 0.000994 130
rVSVOmicron	373	G	130143	5.53951e-05	5.49237e-05	1.50863e-05	0.999875 0.000125 16
rVSVOmicron	374	T	130153	0.00387842	0.9958	7.37067e-05	0.000248186 0.0042 547
rVSVOmicron	375	G	131259	3.45259e-05	5.17889e-05	0.00369427	0.996219 0.003781 496
rVSVOmicron	376	A	131286	0.999864	0	0	0.000136099 0.000136 18
rVSVOmicron	377	T	131417	8.87411e-06	0.999917	5.63626e-05	1.77482e-05 8.3e-05 11
rVSVOmicron	378	T	131679	3.73179e-05	0.999768	0.000126324	6.86093e-05 0.000232 31
rVSVOmicron	379	A	132728	0.99932	4.52039e-05	5.17282e-05	0.000582757 0.00068 90
rVSVOmicron	380	A	133074	0.999561	5.13337e-05	6.72888e-05	0.00032072 0.000439 58
rVSVOmicron	381	G	134309	0.000106536	8.73965e-05	8.53212e-06	0.999798 0.000202 27
rVSVOmicron	382	G	131975	0.00011975	7.76372e-05	0	0.999803 0.000197 26
rVSVOmicron	383	T	132051	8.60067e-06	0.999914	6.88053e-05	8.60067e-06 8.6e-05 11
rVSVOmicron	384	G	133150	0.00013659	5.35287e-05	0	0.99981 0.00019 25
rVSVOmicron	385	T	133249	8.04405e-06	0.999921	6.22839e-05	8.50371e-06 7.9e-05 11
rVSVOmicron	386	G	133362	0.000227928	2.55556e-05	2.99299e-06	0.999744 0.000256 34
rVSVOmicron	387	C	133757	4.28169e-05	0.000684839	0.999269	3.00876e-06 0.000731 98
rVSVOmicron	388	G	133938	0.000204867	8.92125e-05	8.50738e-06	0.999697 0.000303 41
rVSVOmicron	389	A	133351	0.999879	3.37958e-05	3.37958e-05	5.36622e-05 0.000121 16
rVSVOmicron	390	G	134036	8.87792e-05	1.69321e-05	1.69321e-05	0.999877 0.000123 16
rVSVOmicron	391	T	134220	8.61923e-06	0.999906	7.75731e-05	8.15333e-06 9.4e-05 13
rVSVOmicron	392	T	134512	8.41643e-06	0.999776	0.000172423	4.27646e-05 0.000224 30
rVSVOmicron	393	C	135045	6.82148e-05	0.000304662	0.999591	3.61815e-05 0.000409 55
rVSVOmicron	394	C	135401	0.000530913	0.00015339	0.999263	5.28852e-05 0.000737 100
rVSVOmicron	395	A	134825	0.999269	8.4243e-06	1.88977e-05	0.000703315 0.000731 99
rVSVOmicron	396	G	135136	7.786e-05	8.65365e-05	8.44815e-06	0.999827 0.000173 23
rVSVOmicron	397	T	135207	8.65389e-06	0.99991	4.53744e-05	3.60189e-05 9e-05 12
rVSVOmicron	398	T	135531	8.4949e-06	0.999903	8.83929e-05	0 9.7e-05 13
rVSVOmicron	399	C	134156	3.95608e-05	6.80814e-05	0.999883	8.97018e-06 0.000117 16
rVSVOmicron	400	T	134352	2.5314e-05	0.999765	0.000181303	2.82787e-05 0.000235 32
rVSVOmicron	401	G	136110	0.000295359	5.87542e-05	8.39345e-06	0.999637 0.000363 49
rVSVOmicron	402	C	136656	4.92086e-05	0.000123021	0.999817	1.03835e-05 0.000183 25
rVSVOmicron	403	A	136532	0.999668	0.000108299	0	0.000223577 0.000332 45
rVSVOmicron	404	A	137172	0.999884	2.14223e-05	3.37287e-05	6.10763e-05 0.000116 16
rVSVOmicron	405	C	137623	8.52842e-05	0.000201459	0.999705	8.2822e-06 0.000295 41
rVSVOmicron	406	G	138467	0.0001776	4.12764e-05	0	0.999781 0.000219 30
rVSVOmicron	407	A	138369	0.999895	1.64697e-05	6.45434e-06	8.23484e-05 0.000105 15
rVSVOmicron	408	C	139246	2.30458e-05	0.000227549	0.999518	0.000231801 0.000482 67
rVSVOmicron	409	C	139908	4.15929e-05	0.00010387	0.999846	8.31858e-06 0.000154 22
rVSVOmicron	410	C	139181	0.000169018	5.60418e-05	0.99974	3.5054e-05 0.00026 36
rVSVOmicron	411	T	138971	1.68579e-05	0.999607	0.000328501	4.73843e-05 0.000393 55
rVSVOmicron	412	T	139818	1.73039e-05	0.999824	7.59967e-05	8.25441e-05 0.000176 25
rVSVOmicron	413	T	139598	4.91079e-05	0.999891	5.9947e-05	0 0.000109 15
rVSVOmicron	414	C	140518	2.65882e-05	0.000159751	0.999789	2.45941e-05 0.000211 30
rVSVOmicron	415	C	138215	0.000103378	0.000607516	0.999264	2.48377e-05 0.000736 102
rVSVOmicron	416	T	138335	8.33835e-06	0.999544	0.000393706	5.40866e-05 0.000456 63
rVSVOmicron	417	G	140323	9.08761e-05	7.79257e-05	4.17539e-05	0.999789 0.000211 30
rVSVOmicron	418	G	140873	0.000276899	8.36879e-05	1.63401e-05	0.999623 0.000377 53
rVSVOmicron	419	A	141074	0.999908	2.34271e-05	0	6.8112e-05 9.2e-05 13
rVSVOmicron	420	T	141234	0.000118061	0.999853	2.85351e-05	0 0.000147 21
rVSVOmicron	421	C	142073	5.81353e-05	7.41875e-05	0.999844	2.40784e-05 0.000156 22
rVSVOmicron	422	A	141782	0.999639	0.000277665	1.59652e-05	6.77443e-05 0.000361 51
rVSVOmicron	423	C	141978	2.4074e-05	0.000232499	0.999727	1.60493e-05 0.000273 39
rVSVOmicron	424	A	141785	0.999807	2.42475e-05	0	0.000169077 0.000193 27
rVSVOmicron	425	A	140918	0.999732	2.71837e-05	8.11127e-06	0.000232596 0.000268 38
rVSVOmicron	426	G	141513	0.000234682	0.000101695	8.26973e-06	0.999655 0.000345 49
rVSVOmicron	427	A	142241	0.999874	0	0	0.000126015 0.000126 18
rVSVOmicron	428	A	142423	0.999835	0	1.61048e-05	0.000148643 0.000165 23
rVSVOmicron	429	C	142340	4.00647e-05	0.000735241	0.999217	8.01293e-06 0.000783 111
rVSVOmicron	430	A	142097	0.999902	1.60716e-05	4.21336e-05	4.0179e-05 9.8e-05 14
rVSVOmicron	431	A	141625	0.999914	1.63557e-05	0	6.94012e-05 8.6e-05 12
rVSVOmicron	432	C	142346	2.58196e-05	3.21117e-05	0.999934	8.02794e-06 6.6e-05 9
rVSVOmicron	433	A	142141	0.997836	8.27056e-06	0.0020958	5.99056e-05 0.002164 308
rVSVOmicron	434	A	141257	0.999912	7.7566e-06	3.3764e-05	4.63115e-05 8.8e-05 12
rVSVOmicron	435	G	141883	1.67799e-05	2.19953e-05	1.67799e-05	0.999944 5.6e-05 8
rVSVOmicron	436	T	141886	8.25124e-06	0.999741	0.000251105	0 0.000259 37
rVSVOmicron	437	C	140633	6.47584e-05	6.78739e-05	0.999859	8.23388e-06 0.000141 20
rVSVOmicron	438	T	140315	0	0.999925	3.32015e-05	4.12775e-05 7.5e-05 11
rVSVOmicron	439	T	141511	0	0.999858	0.000133914	8.12265e-06 0.000142 20
rVSVOmicron	440	G	142059	9.29208e-05	5.59711e-05	8.08957e-06	0.999843 0.000157 22
rVSVOmicron	441	G	142234	0.000174871	6.82954e-05	2.97977e-05	0.999727 0.000273 39
rVSVOmicron	442	A	141981	0.999806	3.19792e-05	1.59896e-05	0.000146067 0.000194 28
rVSVOmicron	443	T	142339	1.44568e-05	0.999917	6.81844e-05	0 8.3e-05 12
rVSVOmicron	444	G	143012	0.000236355	0.000120019	2.59969e-05	0.999618 0.000382 55
rVSVOmicron	445	G	142443	0.000138798	4.80704e-05	1.79723e-05	0.999795 0.000205 29
rVSVOmicron	446	A	141901	0.999756	2.57636e-05	1.99668e-05	0.00019838 0.000244 35
rVSVOmicron	447	G	142734	7.80901e-05	4.03322e-05	0	0.999882 0.000118 17
rVSVOmicron	448	T	142369	0	0.999248	0.00075198	0 0.000752 107
rVSVOmicron	449	C	139233	5.91597e-05	0.000204851	0.999709	2.64894e-05 0.000291 41
rVSVOmicron	450	T	139527	7.8212e-05	0.999498	0.000389094	3.42997e-05 0.000502 70
rVSVOmicron	451	G	141427	4.00949e-05	5.80834e-05	3.20759e-05	0.99987 0.00013 18
rVSVOmicron	452	A	141706	0.999641	4.68203e-05	1.9942e-05	0.000292627 0.000359 51
rVSVOmicron	453	G	142564	0.000305777	7.35412e-05	9.89151e-06	0.999611 0.000389 55
rVSVOmicron	454	T	142867	0.000115585	0.999569	8.64167e-05	0.000229429 0.000431 62
rVSVOmicron	455	T	142979	1.60741e-05	0.999925	4.30091e-05	1.60741e-05 7.5e-05 11
rVSVOmicron	456	C	143697	7.31129e-05	0.000428844	0.999446	5.21624e-05 0.000554 80
rVSVOmicron	457	A	142947	0.998703	2.38416e-05	3.17888e-05	0.0012417 0.001297 185
rVSVOmicron	458	G	143606	9.28087e-05	7.15891e-05	7.93053e-06	0.999828 0.000172 25
rVSVOmicron	459	A	144042	0.999809	1.59093e-05	2.38639e-05	0.000150923 0.000191 28
rVSVOmicron	460	G	144231	0.00163495	4.14398e-05	0	0.998324 0.001676 242
rVSVOmicron	461	T	144816	7.83373e-06	0.998303	6.43636e-05	0.00162455 0.001697 246
rVSVOmicron	462	G	145135	0.000182216	3.91522e-05	7.83044e-06	0.999771 0.000229 33
rVSVOmicron	463	T	142533	2.38386e-05	0.999868	9.23476e-05	1.58924e-05 0.000132 19
rVSVOmicron	464	A	142468	0.999779	0	7.96779e-06	0.000213408 0.000221 31
rVSVOmicron	465	C	142556	0.000201321	0.000267779	0.999523	8.00955e-06 0.000477 68
rVSVOmicron	466	T	139578	2.4495e-05	0.999747	0.00022884	0 0.000253 35
rVSVOmicron	467	C	139553	6.73012e-05	6.37937e-05	0.999818	5.06403e-05 0.000182 25
rVSVOmicron	468	T	139512	1.60347e-05	0.998869	0.00106809	4.67678e-05 0.001131 158
rVSVOmicron	469	A	140351	0.999825	1.64284e-05	3.48549e-05	0.000123213 0.000175 25
rVSVOmicron	470	G	140774	0.000207833	0.000149891	0	0.999642 0.000358 50
rVSVOmicron	471	C	140669	4.2379e-05	0.000200916	0.999683	7.33399e-05 0.000317 45
rVSVOmicron	472	G	141010	0.000440887	5.71075e-05	0	0.999502 0.000498 70
rVSVOmicron	473	C	141270	4.05709e-05	0.000111406	0.99983	1.82021e-05 0.00017 24
rVSVOmicron	474	C	141640	2.40577e-05	5.37504e-05	0.999914	8.01922e-06 8.6e-05 12
rVSVOmicron	475	A	140979	0.999842	1.61942e-05	1.61942e-05	0.000125396 0.000158 22
rVSVOmicron	476	A	141145	0.999922	0	0	7.81437e-05 7.8e-05 11
rVSVOmicron	477	C	141741	2.3961e-05	0.000131246	0.999837	7.98701e-06 0.000163 23
rVSVOmicron	478	A	141642	0.999949	0	2.4252e-05	2.66554e-05 5.1e-05 7
rVSVOmicron	479	A	141813	0.999799	8.19689e-06	4.34213e-05	0.000149538 0.000201 29
rVSVOmicron	480	C	140737	1.60628e-05	0.000108315	0.999868	8.03138e-06 0.000132 19
rVSVOmicron	481	T	141549	3.31352e-05	0.999611	0.000274359	8.17334e-05 0.000389 55
rVSVOmicron	482	G	144112	0.000552066	7.92964e-05	3.97557e-05	0.999329 0.000671 97
rVSVOmicron	483	C	146418	6.1402e-05	0.000244564	0.999623	7.14268e-05 0.000377 55
rVSVOmicron	484	A	148488	0.999891	7.62144e-06	7.62144e-06	9.39291e-05 0.000109 16
rVSVOmicron	485	C	150950	4.35166e-05	0.000112045	0.999822	2.2165e-05 0.000178 27
rVSVOmicron	486	C	140877	7.29924e-05	0.000193049	0.999706	2.81075e-05 0.000294 41
rVSVOmicron	487	T	140746	5.9155e-05	0.999676	0.00022448	4.08346e-05 0.000324 46
rVSVOmicron	488	T	141058	1.61e-05	0.99985	0.000126624	6.96216e-06 0.00015 21
rVSVOmicron	489	C	141455	5.56104e-05	8.20091e-05	0.999846	1.68779e-05 0.000154 22
rVSVOmicron	490	G	141598	9.5078e-05	7.9952e-05	6.78511e-05	0.999757 0.000243 34
rVSVOmicron	491	A	141551	0.999901	0	0	9.93313e-05 9.9e-05 14
rVSVOmicron	492	G	142201	0.000101967	3.21089e-05	1.60544e-05	0.99985 0.00015 21
rVSVOmicron	493	T	142476	0	0.99987	0.000100094	3.02659e-05 0.00013 19
rVSVOmicron	494	A	142198	0.999833	7.93186e-06	6.64561e-06	0.000152849 0.000167 24
rVSVOmicron	495	C	141979	3.1948e-05	0.000287748	0.999672	7.98701e-06 0.000328 47
rVSVOmicron	496	G	139643	0.000566914	4.45887e-05	2.85544e-06	0.999386 0.000614 86
rVSVOmicron	497	T	139625	1.63549e-05	0.999868	0.000107633	8.17745e-06 0.000132 18
rVSVOmicron	498	G	140347	5.03761e-05	8.0689e-06	8.0689e-06	0.999933 6.7e-05 9
rVSVOmicron	499	T	140311	9.15008e-05	0.999812	8.86821e-05	8.02258e-06 0.000188 26
rVSVOmicron	500	C	140510	8.11947e-06	0.000191576	0.999792	8.11947e-06 0.000208 29
rVSVOmicron	501	C	141291	0.00115965	0.00025301	0.998546	4.08793e-05 0.001454 205
rVSVOmicron	502	C	141773	8.02991e-05	0.000116325	0.999757	4.60092e-05 0.000243 34
rVSVOmicron	503	A	141226	0.999484	4.28207e-05	0.000245895	0.000227728 0.000516 73
rVSVOmicron	504	G	141974	0.000166523	4.22294e-05	2.56859e-05	0.999766 0.000234 33
rVSVOmicron	505	C	142817	5.63376e-05	8.244e-05	0.999853	8.04823e-06 0.000147 21
rVSVOmicron	506	C	140537	7.8232e-05	0.000125612	0.999788	8.15376e-06 0.000212 30
rVSVOmicron	507	T	140627	4.91496e-05	0.999626	0.000209556	0.000115502 0.000374 53
rVSVOmicron	508	T	141236	8.84065e-06	0.999876	6.23624e-05	5.30439e-05 0.000124 18
rVSVOmicron	509	T	141369	8.03891e-06	0.999859	0.000116456	1.60778e-05 0.000141 20
rVSVOmicron	510	C	142121	6.63544e-05	0.000100511	0.999827	5.874e-06 0.000173 25
rVSVOmicron	511	C	140684	0.000428773	6.98871e-05	0.999501	0 0.000499 70
rVSVOmicron	512	T	140912	3.23153e-05	0.999651	0.000316166	0 0.000349 49
rVSVOmicron	513	C	142376	6.08731e-05	0.000107335	0.999798	3.37706e-05 0.000202 29
rVSVOmicron	514	A	142783	0.999527	1.67181e-05	5.78357e-05	0.000398298 0.000473 68
rVSVOmicron	515	T	143852	0	0.999613	0.000170246	0.000216382 0.000387 56
rVSVOmicron	516	G	145079	0.000278659	0.00205371	1.59604e-05	0.997652 0.002348 341
rVSVOmicron	517	G	146891	0.000112169	4.58303e-05	0.000181229	0.999661 0.000339 50
rVSVOmicron	518	A	149618	0.999927	7.52807e-06	0	6.5718e-05 7.3e-05 11
rVSVOmicron	519	C	151975	4.07872e-05	0.000154175	0.999784	2.08014e-05 0.000216 33
rVSVOmicron	520	C	123876	3.68666e-05	0.00015195	0.9998	1.14585e-05 0.0002 25
rVSVOmicron	521	T	124140	2.75863e-05	0.999496	0.000412055	6.43681e-05 0.000504 63
rVSVOmicron	522	G	123577	0.000156008	0.00011346	8.50952e-05	0.999645 0.000355 44
rVSVOmicron	523	G	124256	0.000101852	3.64989e-05	8.36021e-05	0.999778 0.000222 28
rVSVOmicron	524	A	124076	0.99933	4.62372e-05	2.74456e-05	0.000596386 0.00067 83
rVSVOmicron	525	G	121192	0.000347015	0.000153013	9.42008e-06	0.999491 0.000509 62
rVSVOmicron	526	G	121115	8.04506e-05	0.000105559	9.47985e-06	0.999804 0.000196 24
rVSVOmicron	527	G	120672	0.000271372	9.16485e-05	1.88913e-05	0.999618 0.000382 46
rVSVOmicron	528	C	120882	4.67397e-05	0.000511358	0.999412	3.03177e-05 0.000588 71
