rVSVOmicron	6	C	9468	0	0.000153764	0.999846	0 0.000154 1
rVSVOmicron	7	G	10345	0.000117416	0.000117416	0	0.999765 0.000235 2
rVSVOmicron	8	T	11093	0	0.999918	8.17989e-05	0 8.2e-05 1
rVSVOmicron	9	G	11974	0.000178546	0	0	0.999821 0.000179 2
rVSVOmicron	10	T	12489	0	0.999736	0.000263794	0 0.000264 3
rVSVOmicron	12	C	14035	0	0.000168833	0.999831	0 0.000169 2
rVSVOmicron	13	C	14862	0	0.00019867	0.999801	0 0.000199 3
rVSVOmicron	14	T	15407	0	0.999848	0.000152069	0 0.000152 2
rVSVOmicron	15	C	16444	0.000128786	0	0.999871	0 0.000129 2
rVSVOmicron	16	G	17520	0.000133576	0	0	0.999866 0.000134 2
rVSVOmicron	18	G	19411	0.000169866	0.000179573	5.98577e-05	0.999591 0.000409 8
rVSVOmicron	19	C	20155	5.73015e-05	0.000411952	0.999473	5.73015e-05 0.000527 11
rVSVOmicron	20	T	21053	0	0.999945	5.46029e-05	0 5.5e-05 1
rVSVOmicron	21	C	22154	5.20491e-05	5.20491e-05	0.999896	0 0.000104 2
rVSVOmicron	22	C	22930	5.02209e-05	0.000162879	0.999737	5.02209e-05 0.000263 6
rVSVOmicron	23	T	23743	4.83732e-05	0.99969	0.00016473	9.67464e-05 0.00031 7
rVSVOmicron	24	G	24943	9.2548e-05	0	4.6274e-05	0.999861 0.000139 3
rVSVOmicron	25	C	25851	0	8.20883e-05	0.999862	5.55303e-05 0.000138 4
rVSVOmicron	26	C	26442	9.0728e-05	0	0.999909	0 9.1e-05 2
rVSVOmicron	27	T	27160	0	0.999843	0.000156977	0 0.000157 4
rVSVOmicron	28	C	27908	0.000246424	0.000205354	0.999548	0 0.000452 13
rVSVOmicron	29	T	28722	0	0.999904	9.61078e-05	0 9.6e-05 3
rVSVOmicron	30	G	29976	0.000230906	3.84844e-05	0	0.999731 0.000269 8
rVSVOmicron	31	G	30811	3.73801e-05	3.73801e-05	0	0.999925 7.5e-05 2
rVSVOmicron	32	T	31579	0	0.999927	7.29043e-05	0 7.3e-05 2
rVSVOmicron	33	G	32555	3.52718e-05	0	3.52718e-05	0.999929 7.1e-05 2
rVSVOmicron	34	T	33106	0	0.999735	0.000188369	7.68469e-05 0.000265 9
rVSVOmicron	35	C	33866	3.36918e-05	0.000101075	0.999832	3.36918e-05 0.000168 6
rVSVOmicron	36	T	34793	3.30032e-05	0.999868	9.90096e-05	0 0.000132 5
rVSVOmicron	37	A	36236	0.999969	0	0	3.14863e-05 3.1e-05 1
rVSVOmicron	38	G	37101	0.000127526	0	0	0.999872 0.000128 5
rVSVOmicron	39	C	38031	0	0.000206334	0.999794	0 0.000206 8
rVSVOmicron	40	C	39047	0	8.80243e-05	0.999912	0 8.8e-05 3
rVSVOmicron	41	A	40179	0.999794	2.93653e-05	0	0.000176192 0.000206 8
rVSVOmicron	42	G	40999	0.00014003	2.80061e-05	8.40183e-05	0.999748 0.000252 10
rVSVOmicron	43	T	41697	2.77196e-05	0.999945	2.77196e-05	0 5.5e-05 2
rVSVOmicron	44	G	42450	0.00011439	0	0	0.999886 0.000114 5
rVSVOmicron	45	C	43425	2.65455e-05	0.000759775	0.999214	0 0.000786 34
rVSVOmicron	46	G	45749	0.000466285	0.000183256	5.15832e-05	0.999299 0.000701 32
rVSVOmicron	47	T	47732	2.42181e-05	0.999839	0.000136799	0 0.000161 8
rVSVOmicron	48	G	50123	9.69427e-05	0.000124111	4.56927e-05	0.999733 0.000267 13
rVSVOmicron	49	A	52688	0.999904	0	0	9.57849e-05 9.6e-05 5
rVSVOmicron	50	A	55167	0.999887	2.67642e-05	2.15277e-05	6.45831e-05 0.000113 6
rVSVOmicron	51	C	57388	3.32629e-05	6.43798e-05	0.999902	0 9.8e-05 6
rVSVOmicron	52	C	45084	0.000221971	6.15432e-05	0.999716	0 0.000284 13
rVSVOmicron	53	T	45984	0	0.999323	0.000572084	0.000104691 0.000677 31
rVSVOmicron	54	G	47438	0.000151604	4.8777e-05	7.77796e-05	0.999722 0.000278 13
rVSVOmicron	55	A	48219	0.999874	0	2.40035e-05	0.000101853 0.000126 6
rVSVOmicron	56	C	49084	0	4.71468e-05	0.999953	0 4.7e-05 2
rVSVOmicron	57	C	50091	2.31107e-05	0.000897569	0.999079	0 0.000921 46
rVSVOmicron	58	A	51079	0.999977	0	0	2.27453e-05 2.3e-05 1
rVSVOmicron	59	C	52045	2.2147e-05	6.28496e-05	0.999915	0 8.5e-05 4
rVSVOmicron	60	A	52960	0.999677	2.17775e-05	0	0.000301353 0.000323 17
rVSVOmicron	61	C	53995	4.61427e-05	0.000565825	0.999388	0 0.000612 33
rVSVOmicron	62	G	55237	0.000238799	6.32618e-05	0	0.999698 0.000302 17
rVSVOmicron	63	G	55008	8.4652e-05	6.80648e-05	0	0.999847 0.000153 8
rVSVOmicron	64	A	54122	0.99984	0	0	0.000160428 0.00016 9
rVSVOmicron	65	C	55053	0	5.07966e-05	0.999949	0 5.1e-05 3
rVSVOmicron	66	C	56126	0.000110314	8.41573e-05	0.999806	0 0.000194 11
rVSVOmicron	67	C	57234	0.000107204	0.000148863	0.999693	5.11023e-05 0.000307 18
rVSVOmicron	68	A	58422	0.999774	2.00582e-05	0	0.000206003 0.000226 13
rVSVOmicron	69	G	59305	0.000582001	1.96838e-05	0.00014151	0.999257 0.000743 44
rVSVOmicron	70	C	60053	2.7206e-05	0.000498603	0.999474	0 0.000526 32
rVSVOmicron	71	T	60970	3.81324e-05	0.999828	0.000133463	0 0.000172 10
rVSVOmicron	72	C	62471	1.86591e-05	0.000168437	0.999738	7.46365e-05 0.000262 16
rVSVOmicron	73	C	63948	4.63775e-05	0.000297714	0.999656	0 0.000344 22
rVSVOmicron	74	C	63865	0.0001157	0.00013308	0.999751	0 0.000249 16
rVSVOmicron	75	T	64617	3.60253e-05	0.999564	0.000366582	3.31043e-05 0.000436 28
rVSVOmicron	76	C	66235	0.000107715	7.91181e-05	0.999796	1.76348e-05 0.000204 14
rVSVOmicron	77	C	67236	0.000875125	0.000202645	0.998883	3.93901e-05 0.001117 75
rVSVOmicron	78	C	68452	0.00104253	0.000258532	0.997904	0.000795196 0.002096 143
rVSVOmicron	79	G	69596	0.000445502	1.69062e-05	1.69062e-05	0.999521 0.000479 33
rVSVOmicron	80	C	70840	1.65508e-05	3.31016e-05	0.99993	2.05767e-05 7e-05 5
rVSVOmicron	81	C	70982	6.61731e-05	6.61731e-05	0.999868	0 0.000132 9
rVSVOmicron	82	T	71827	3.27803e-05	0.999553	0.000414183	0 0.000447 32
rVSVOmicron	83	A	73424	0.9999	3.63694e-05	0	6.3537e-05 0.0001 7
rVSVOmicron	84	C	74446	3.02411e-05	0.000161002	0.999809	0 0.000191 14
rVSVOmicron	85	A	75397	0.999966	0	0	3.3924e-05 3.4e-05 3
rVSVOmicron	86	C	76408	1.53654e-05	3.07307e-05	0.999954	0 4.6e-05 4
rVSVOmicron	87	A	77490	0.9999	0	0	9.98817e-05 0.0001 8
rVSVOmicron	88	A	78425	0.999806	0	9.00076e-05	0.000104241 0.000194 15
rVSVOmicron	89	A	78588	0.99994	0	0	5.9636e-05 6e-05 5
rVSVOmicron	90	C	79268	3.16103e-05	0.000139004	0.999829	0 0.000171 14
rVSVOmicron	91	T	79952	0	0.999915	8.45399e-05	0 8.5e-05 7
rVSVOmicron	92	C	80811	4.37108e-05	9.60849e-05	0.999845	1.53578e-05 0.000155 13
rVSVOmicron	93	T	81545	1.46383e-05	0.999815	0.000155878	1.46383e-05 0.000185 15
rVSVOmicron	94	T	82999	0	0.999927	5.85855e-05	1.46464e-05 7.3e-05 6
rVSVOmicron	95	T	84143	0	0.999919	8.07856e-05	0 8.1e-05 7
rVSVOmicron	96	C	85483	8.65371e-05	0.000315055	0.999585	1.38609e-05 0.000415 35
rVSVOmicron	97	A	86531	0.999828	0	0	0.000171621 0.000172 15
rVSVOmicron	98	C	87647	0.00011563	0.000142707	0.999742	0 0.000258 23
rVSVOmicron	99	C	88673	9.46892e-05	0.000282971	0.999622	0 0.000378 34
rVSVOmicron	100	C	89939	9.16514e-05	0.000190159	0.999645	7.3249e-05 0.000355 32
rVSVOmicron	101	G	91158	0.000415084	4.78534e-05	0.000576014	0.998961 0.001039 95
rVSVOmicron	102	G	91795	9.34846e-05	2.63036e-05	1.31518e-05	0.999867 0.000133 12
rVSVOmicron	103	G	92772	0.000489119	2.92907e-05	1.30573e-05	0.999469 0.000531 49
rVSVOmicron	104	G	93341	0.000120471	3.8873e-05	1.47087e-05	0.999826 0.000174 16
rVSVOmicron	105	C	94340	5.05407e-05	0.000416961	0.999442	9.08367e-05 0.000558 53
rVSVOmicron	106	G	95319	0.00041341	2.50142e-05	2.50142e-05	0.999537 0.000463 44
rVSVOmicron	107	T	96118	1.2578e-05	0.999987	0	0 1.3e-05 1
rVSVOmicron	108	G	97513	0.000219577	7.35235e-05	0	0.999707 0.000293 29
rVSVOmicron	109	T	98296	7.28818e-05	0.999729	0.000185488	1.2147e-05 0.000271 27
rVSVOmicron	110	A	99715	0.99986	0	1.21224e-05	0.000127449 0.00014 14
rVSVOmicron	111	C	100319	2.37639e-05	0.000125242	0.999839	1.1882e-05 0.000161 16
rVSVOmicron	112	T	101186	2.36681e-05	0.999661	0.000315681	0 0.000339 34
rVSVOmicron	113	A	102485	0.999923	0	6.38328e-06	7.08544e-05 7.7e-05 8
rVSVOmicron	114	C	103476	3.76028e-05	9.96475e-05	0.999863	0 0.000137 14
rVSVOmicron	115	C	104655	3.68657e-05	4.62383e-05	0.999917	0 8.3e-05 9
rVSVOmicron	116	C	105609	2.29751e-05	5.34016e-05	0.999895	2.85636e-05 0.000105 11
rVSVOmicron	117	C	106741	6.78089e-05	8.19229e-05	0.999839	1.13526e-05 0.000161 17
rVSVOmicron	118	G	108102	0.000312671	6.1031e-05	4.2391e-05	0.999584 0.000416 45
rVSVOmicron	119	A	109955	0.99993	0	0	7.03886e-05 7e-05 8
rVSVOmicron	120	C	112035	3.46307e-05	7.21473e-06	0.999937	2.13556e-05 6.3e-05 7
rVSVOmicron	121	A	114461	0.999772	3.20691e-05	2.83132e-05	0.000167568 0.000228 26
rVSVOmicron	122	A	116899	0.999762	3.14393e-05	2.57746e-05	0.000181272 0.000238 28
rVSVOmicron	123	G	119085	9.62541e-05	0.000125596	2.02929e-05	0.999758 0.000242 29
rVSVOmicron	124	G	110158	0.000101842	2.4716e-05	1.1018e-05	0.999862 0.000138 15
rVSVOmicron	125	T	110934	0	0.999978	2.1754e-05	0 2.2e-05 2
rVSVOmicron	126	G	112409	9.1288e-05	4.30274e-05	0	0.999866 0.000134 15
rVSVOmicron	127	T	113108	1.09331e-05	0.99994	4.90512e-05	0 6e-05 7
rVSVOmicron	128	T	113476	2.79209e-05	0.999923	4.86457e-05	0 7.7e-05 9
rVSVOmicron	129	C	114995	0.00011888	0.000107762	0.999747	2.62277e-05 0.000253 29
rVSVOmicron	130	C	116106	5.49585e-05	0.000141362	0.999772	3.14453e-05 0.000228 26
rVSVOmicron	131	G	118295	7.44455e-05	7.44455e-05	4.47229e-05	0.999806 0.000194 23
rVSVOmicron	132	G	117404	0.000206126	4.30126e-05	0	0.999751 0.000249 29
rVSVOmicron	133	T	115134	0	0.999937	6.32948e-05	0 6.3e-05 7
rVSVOmicron	134	C	115797	4.58651e-05	4.41768e-05	0.999876	3.37657e-05 0.000124 14
rVSVOmicron	135	T	116652	0	0.99991	9.01357e-05	0 9e-05 10
rVSVOmicron	136	A	118913	0.999833	1.03365e-05	2.01142e-05	0.000136888 0.000167 20
rVSVOmicron	137	G	115071	0.000124977	7.52768e-05	1.07538e-05	0.999789 0.000211 24
rVSVOmicron	138	C	115002	3.43269e-05	0.0003447	0.999572	4.86298e-05 0.000428 49
rVSVOmicron	139	G	115926	0.000143186	3.68598e-06	0	0.999853 0.000147 17
rVSVOmicron	140	T	116639	2.08281e-05	0.994934	3.12421e-05	0.00501422 0.005066 591
rVSVOmicron	141	G	117810	0.000175129	0	0.00501013	0.994815 0.005185 611
rVSVOmicron	142	C	116912	5.4568e-05	0.000131357	0.999814	0 0.000186 22
rVSVOmicron	143	T	117644	0	0.999719	0.000281325	0 0.000281 33
rVSVOmicron	144	C	119305	3.06414e-05	6.62517e-05	0.999903	0 9.7e-05 12
rVSVOmicron	145	C	120290	0.000210705	0.000368529	0.999411	1.0138e-05 0.000589 71
rVSVOmicron	146	A	120243	0.999484	2.02043e-05	0.000424837	7.07151e-05 0.000516 62
rVSVOmicron	147	C	120252	3.26132e-05	7.03901e-05	0.999897	0 0.000103 12
rVSVOmicron	148	T	120568	4.02083e-05	0.999885	7.49831e-05	0 0.000115 14
rVSVOmicron	149	C	121014	5.49131e-05	3.96446e-05	0.999905	0 9.5e-05 11
rVSVOmicron	150	T	121215	2.23119e-05	0.999824	0.000154032	0 0.000176 21
rVSVOmicron	151	A	122377	0.999856	0	0	0.000144401 0.000144 18
rVSVOmicron	152	C	122313	1.96757e-05	0.000115395	0.999865	0 0.000135 17
rVSVOmicron	153	A	122347	0.999931	2.67888e-06	0	6.6704e-05 6.9e-05 8
rVSVOmicron	154	C	120316	2.23162e-05	0.000139006	0.999839	0 0.000161 19
rVSVOmicron	155	A	120813	0.999524	9.9932e-06	9.9932e-06	0.000456176 0.000476 58
rVSVOmicron	156	G	122485	5.99743e-05	0.000886877	3.02525e-05	0.999023 0.000977 120
rVSVOmicron	157	G	124560	5.062e-05	6.07962e-05	9.65434e-06	0.999879 0.000121 15
rVSVOmicron	158	A	125729	0.999815	0	0	0.000185368 0.000185 23
rVSVOmicron	159	C	127864	0.00172521	0.000255869	0.988456	0.00956305 0.011544 1476
rVSVOmicron	160	C	117765	4.32325e-05	8.45374e-05	0.999842	3.05656e-05 0.000158 19
rVSVOmicron	161	T	117362	4.66789e-05	0.999351	0.000592273	1.01595e-05 0.000649 76
rVSVOmicron	162	G	118219	0.000192617	5.49549e-05	0.00210203	0.99765 0.00235 278
rVSVOmicron	163	T	118325	0	0.98705	4.68324e-05	0.0129034 0.01295 1532
rVSVOmicron	164	T	118784	0.00212201	0.987933	3.35983e-05	0.00991122 0.012067 1433
rVSVOmicron	165	C	120922	7.45355e-05	0.000139856	0.999786	0 0.000214 26
rVSVOmicron	166	C	114987	0.000106478	0.000254254	0.999629	1.03949e-05 0.000371 43
rVSVOmicron	167	T	115420	0	0.999677	0.000313034	1.02407e-05 0.000323 37
rVSVOmicron	168	C	116917	7.3698e-05	0.000368215	0.999546	1.23747e-05 0.000454 53
rVSVOmicron	169	C	117822	0.000214745	4.36723e-05	0.999733	8.90135e-06 0.000267 31
rVSVOmicron	170	C	118251	0.000134448	0.00045099	0.999384	3.03946e-05 0.000616 73
rVSVOmicron	171	T	118544	3.28581e-05	0.999483	0.000234662	0.000249722 0.000517 61
rVSVOmicron	172	T	119313	0.000243842	0.999613	9.37637e-05	4.98384e-05 0.000387 46
rVSVOmicron	173	T	119864	0	0.999745	0.000254774	0 0.000255 31
rVSVOmicron	174	C	119888	6.14491e-05	0.000155226	0.999773	9.88528e-06 0.000227 27
rVSVOmicron	175	T	119991	0	0.999903	9.70307e-05	0 9.7e-05 12
rVSVOmicron	176	T	121178	0	0.999961	3.92959e-05	0 3.9e-05 5
rVSVOmicron	177	C	122037	8.33177e-05	0.000125763	0.999733	5.81652e-05 0.000267 33
rVSVOmicron	178	A	121785	0.999801	9.77034e-06	0	0.000189597 0.000199 24
rVSVOmicron	179	G	122385	0.000291098	6.06345e-05	0	0.999648 0.000352 43
rVSVOmicron	180	C	123372	1.92647e-05	0.00010908	0.99984	3.12401e-05 0.00016 20
rVSVOmicron	181	A	123654	0.999917	0	9.54052e-06	7.34878e-05 8.3e-05 10
rVSVOmicron	182	A	123895	0.999841	0	3.10497e-05	0.000127883 0.000159 20
rVSVOmicron	183	C	124753	4.25576e-05	0.000179973	0.996005	0.00377199 0.003995 498
rVSVOmicron	184	G	122546	0.000410905	4.65867e-05	1.7012e-05	0.999525 0.000475 58
rVSVOmicron	185	T	124332	7.74357e-06	0.999863	0.000129059	0 0.000137 17
rVSVOmicron	186	G	125694	7.52771e-05	7.2734e-05	5.4169e-05	0.999798 0.000202 25
rVSVOmicron	187	A	126157	0.999872	9.35693e-06	9.35693e-06	0.000109501 0.000128 16
rVSVOmicron	188	C	127258	4.87768e-05	5.63196e-05	0.999886	9.30279e-06 0.000114 15
rVSVOmicron	189	A	123450	0.999911	0	0	8.9128e-05 8.9e-05 11
rVSVOmicron	190	T	123023	7.96849e-05	0.999882	3.85404e-05	0 0.000118 15
rVSVOmicron	191	G	124336	0.00026724	6.93995e-05	1.19118e-05	0.999651 0.000349 43
rVSVOmicron	192	G	123574	0.000163304	1.92735e-05	1.92735e-05	0.999798 0.000202 25
rVSVOmicron	193	T	123869	1.22865e-05	0.999033	0.00087314	8.19988e-05 0.000967 120
rVSVOmicron	194	T	124565	3.079e-05	0.999827	0.000142147	0 0.000173 22
rVSVOmicron	195	C	124434	1.91166e-05	0.000121158	0.99985	9.55831e-06 0.00015 19
rVSVOmicron	196	C	124958	3.08443e-05	7.60826e-05	0.999884	9.51033e-06 0.000116 14
rVSVOmicron	197	A	124894	0.999773	0	9.47649e-06	0.000217447 0.000227 28
rVSVOmicron	198	C	125746	2.87536e-05	0.000115523	0.999856	0 0.000144 18
rVSVOmicron	199	G	126384	0.000359462	3.7624e-05	1.8812e-05	0.999584 0.000416 53
rVSVOmicron	200	T	126641	2.89378e-05	0.999822	0.000148786	0 0.000178 23
rVSVOmicron	201	G	127357	0.000190123	0.000132533	2.84178e-05	0.999649 0.000351 45
rVSVOmicron	202	A	127056	0.999954	9.25963e-06	0	3.70385e-05 4.6e-05 6
rVSVOmicron	203	T	126001	9.40533e-06	0.999865	0.000125828	0 0.000135 17
rVSVOmicron	204	C	125562	2.81268e-05	0.000181684	0.999779	1.16562e-05 0.000221 28
rVSVOmicron	205	T	125834	4.29627e-06	0.999835	0.000160731	0 0.000165 21
rVSVOmicron	206	C	123269	2.86148e-05	0.000165759	0.999806	0 0.000194 24
rVSVOmicron	207	T	123745	2.3473e-05	0.999824	0.000142902	9.54397e-06 0.000176 22
rVSVOmicron	208	G	125450	6.28264e-05	3.7798e-05	4.72475e-05	0.999852 0.000148 19
rVSVOmicron	209	G	125986	0.000379231	6.12075e-05	1.88723e-05	0.999541 0.000459 58
rVSVOmicron	210	C	126765	2.7975e-05	0.000209182	0.99974	2.29344e-05 0.00026 33
rVSVOmicron	211	A	126769	0.999887	4.26613e-06	1.85702e-05	9.00905e-05 0.000113 14
rVSVOmicron	212	C	127593	9.23212e-06	3.69285e-05	0.999954	0 4.6e-05 6
rVSVOmicron	213	A	127705	0.999922	1.84846e-05	0	5.99501e-05 7.8e-05 10
rVSVOmicron	214	A	127211	0.999951	0	1.87835e-05	3.04597e-05 4.9e-05 6
rVSVOmicron	215	A	127692	0.999952	0	0	4.81826e-05 4.8e-05 6
rVSVOmicron	216	C	127158	1.15289e-05	0.000203509	0.999785	0 0.000215 27
rVSVOmicron	217	G	127526	0.000261247	1.87328e-05	4.91103e-05	0.999671 0.000329 42
rVSVOmicron	218	G	127695	0.000577847	1.10785e-05	9.31605e-06	0.999402 0.000598 76
rVSVOmicron	219	C	128026	8.25017e-05	0.000307325	0.99961	0 0.00039 50
rVSVOmicron	220	A	128056	0.999929	0	0	7.0899e-05 7.1e-05 9
rVSVOmicron	221	C	128900	2.7441e-05	6.6254e-05	0.999891	1.4833e-05 0.000109 14
rVSVOmicron	222	A	129093	0.999755	0	1.73797e-05	0.000227425 0.000245 32
rVSVOmicron	223	A	129225	0.999898	9.29728e-06	2.08561e-05	7.18654e-05 0.000102 13
rVSVOmicron	224	A	129315	0.999815	1.86081e-05	2.79122e-05	0.000138052 0.000185 24
rVSVOmicron	225	G	129969	9.19227e-06	3.03097e-05	9.19227e-06	0.999951 4.9e-05 6
rVSVOmicron	226	C	130834	6.5279e-05	0.00042468	0.999501	9.04615e-06 0.000499 65
rVSVOmicron	227	G	131474	7.2105e-05	4.50656e-05	0	0.999883 0.000117 15
rVSVOmicron	228	G	131852	8.39356e-05	3.60071e-05	9.00178e-06	0.999871 0.000129 17
rVSVOmicron	229	T	131761	8.99716e-06	0.999763	0.000198424	2.918e-05 0.000237 31
rVSVOmicron	230	T	132046	4.10941e-05	0.999948	1.08779e-05	0 5.2e-05 7
rVSVOmicron	231	C	131013	7.02771e-06	0.000197503	0.999786	8.96639e-06 0.000214 28
rVSVOmicron	232	G	131336	0.000275955	6.5588e-05	8.98799e-06	0.999649 0.000351 46
rVSVOmicron	233	A	131125	0.999768	3.37057e-06	7.22264e-06	0.000221735 0.000232 30
rVSVOmicron	234	C	131956	1.60734e-05	0.00017081	0.99979	2.30306e-05 0.00021 28
rVSVOmicron	235	A	132008	0.999926	1.79339e-05	0	5.59829e-05 7.4e-05 10
rVSVOmicron	236	A	131957	0.999867	0	3.27587e-05	0.000100476 0.000133 18
rVSVOmicron	237	C	132488	8.12547e-05	9.76503e-05	0.999821	0 0.000179 24
rVSVOmicron	238	C	133619	6.24494e-05	0.000142193	0.999775	1.99358e-05 0.000225 30
rVSVOmicron	239	C	133824	5.86753e-05	0.000316943	0.999624	0 0.000376 50
rVSVOmicron	240	C	134999	0.000151525	0.000191663	0.999587	7.00625e-05 0.000413 56
rVSVOmicron	241	G	134651	0.000147165	7.24069e-05	1.95122e-05	0.999761 0.000239 32
rVSVOmicron	242	T	134644	3.36744e-05	0.999874	8.16782e-05	1.05083e-05 0.000126 17
rVSVOmicron	243	G	135606	0.000632528	0.00011247	1.55692e-05	0.999239 0.000761 103
rVSVOmicron	244	C	135242	5.67082e-05	0.000184594	0.999748	1.07349e-05 0.000252 34
rVSVOmicron	245	T	135365	1.71234e-05	0.999833	0.000149714	0 0.000167 23
rVSVOmicron	246	C	136724	3.42107e-05	0.000215666	0.998114	0.00163564 0.001886 258
rVSVOmicron	247	C	137247	6.34636e-05	0.0001074	0.999829	0 0.000171 23
rVSVOmicron	248	C	134778	9.33233e-05	0.000124195	0.999756	2.61588e-05 0.000244 33
rVSVOmicron	249	T	134787	1.54801e-05	0.99958	0.000247212	0.000157146 0.00042 57
rVSVOmicron	250	T	135635	1.75481e-05	0.999861	0.000103866	1.75481e-05 0.000139 19
rVSVOmicron	251	T	135987	8.94006e-06	0.999926	5.38756e-05	1.08222e-05 7.4e-05 10
rVSVOmicron	252	C	136454	6.92872e-06	0.000104624	0.999861	2.77149e-05 0.000139 19
rVSVOmicron	253	A	136388	0.999886	8.64223e-06	8.64223e-06	9.69332e-05 0.000114 16
rVSVOmicron	254	A	136729	0.999935	8.69327e-06	8.69327e-06	4.76955e-05 6.5e-05 9
rVSVOmicron	255	C	137614	0	0.000455607	0.999528	1.68575e-05 0.000472 65
rVSVOmicron	256	G	138065	8.87805e-05	3.60169e-05	1.69761e-05	0.999858 0.000142 20
rVSVOmicron	257	A	137506	0.999931	1.69806e-05	5.96616e-06	4.65819e-05 6.9e-05 9
rVSVOmicron	258	C	138171	1.67762e-05	0.000253004	0.999722	8.38811e-06 0.000278 38
rVSVOmicron	259	G	138635	0.000124432	5.9134e-05	3.83572e-05	0.999778 0.000222 31
rVSVOmicron	260	G	138764	0.000126039	1.68052e-05	2.52078e-05	0.999832 0.000168 23
rVSVOmicron	261	C	139187	4.42368e-05	0.00047374	0.999426	5.64245e-05 0.000574 80
rVSVOmicron	262	G	138708	0.000696339	3.3417e-05	8.35426e-06	0.999262 0.000738 102
rVSVOmicron	263	T	138886	0	0.99984	0.000141633	1.87456e-05 0.00016 22
rVSVOmicron	264	G	139647	0.000193631	4.35782e-05	5.16649e-05	0.999711 0.000289 40
rVSVOmicron	265	T	139642	8.28446e-06	0.999755	0.000194573	4.23179e-05 0.000245 34
rVSVOmicron	266	A	142354	0.999905	8.26218e-06	3.50585e-05	5.13595e-05 9.5e-05 14
rVSVOmicron	267	C	142758	1.62878e-05	0.000103449	0.999862	1.82687e-05 0.000138 20
rVSVOmicron	268	T	143250	0.00049358	0.999344	0.000137344	2.50743e-05 0.000656 94
rVSVOmicron	269	T	135950	3.43744e-05	0.999912	5.36519e-05	0 8.8e-05 12
rVSVOmicron	270	C	136954	0.0001263	0.000197885	0.999657	1.89222e-05 0.000343 47
rVSVOmicron	271	G	137369	0.000366842	0.000222447	6.42778e-06	0.999404 0.000596 82
rVSVOmicron	272	C	137722	0.000282383	0.000141192	0.999543	3.37582e-05 0.000457 63
rVSVOmicron	273	C	138437	0.000161175	0.000125132	0.99958	0.000133973 0.00042 58
rVSVOmicron	274	A	138171	0.999595	1.68648e-05	8.43241e-06	0.000379914 0.000405 56
rVSVOmicron	275	G	138707	0.000472835	6.04868e-05	1.03821e-05	0.999456 0.000544 75
rVSVOmicron	276	C	139644	6.00269e-05	0.000303282	0.999637	0 0.000363 51
rVSVOmicron	277	A	139709	0.999839	1.65893e-05	0.000111417	3.31786e-05 0.000161 22
rVSVOmicron	278	T	140233	8.27059e-06	0.999915	7.62236e-05	0 8.5e-05 12
rVSVOmicron	279	A	139767	0.999853	0	8.34162e-06	0.000138651 0.000147 21
rVSVOmicron	280	G	137937	4.26191e-05	7.64841e-05	8.10916e-05	0.9998 0.0002 28
rVSVOmicron	281	A	138062	0.999868	0	8.37153e-06	0.000123989 0.000132 18
rVSVOmicron	282	G	138895	5.45138e-05	4.2021e-05	1.68084e-05	0.999887 0.000113 16
rVSVOmicron	283	A	139789	0.999948	8.3762e-06	0	4.39185e-05 5.2e-05 7
rVSVOmicron	284	A	139630	0.99984	2.56914e-05	4.23562e-05	9.16559e-05 0.00016 22
rVSVOmicron	285	G	140580	5.16581e-05	6.1945e-05	0	0.999886 0.000114 16
rVSVOmicron	286	T	141007	8.29417e-06	0.999956	3.51942e-05	0 4.4e-05 6
rVSVOmicron	287	C	140953	4.24088e-05	7.45501e-05	0.999867	1.65171e-05 0.000133 19
rVSVOmicron	288	T	141266	8.19011e-06	0.999857	0.000120638	1.46094e-05 0.000143 20
rVSVOmicron	289	A	142594	0.999739	3.09392e-05	6.54144e-05	0.000165083 0.000261 37
rVSVOmicron	290	A	142989	0.999877	0	8.21715e-06	0.000114374 0.000123 18
rVSVOmicron	291	C	143996	3.43169e-05	0.000147104	0.999802	1.61749e-05 0.000198 29
rVSVOmicron	292	A	143092	0.999939	8.1349e-06	1.82486e-05	3.42985e-05 6.1e-05 9
rVSVOmicron	293	T	143539	0.00011056	0.999827	5.18041e-05	1.09888e-05 0.000173 25
rVSVOmicron	294	T	143944	3.28353e-05	0.999882	7.69854e-05	8.20881e-06 0.000118 17
rVSVOmicron	295	A	144341	0.999758	0	0.000182094	6.01e-05 0.000242 35
rVSVOmicron	296	T	144605	8.14696e-06	0.999951	2.44409e-05	1.62939e-05 4.9e-05 7
rVSVOmicron	297	C	144905	5.80403e-05	9.00924e-05	0.999842	9.96214e-06 0.000158 23
rVSVOmicron	298	C	145645	3.40233e-05	0.000283455	0.999674	8.01822e-06 0.000326 47
rVSVOmicron	299	G	146253	9.54197e-05	5.07322e-05	7.55586e-05	0.999778 0.000222 32
rVSVOmicron	300	G	146688	0.000111543	2.83731e-05	0	0.99986 0.00014 21
rVSVOmicron	301	G	146416	5.7989e-05	3.20238e-05	2.40178e-05	0.999886 0.000114 17
rVSVOmicron	302	G	145326	0.000154811	5.84602e-05	0	0.999787 0.000213 31
rVSVOmicron	303	C	145308	5.81968e-05	0.000580442	0.999329	3.22589e-05 0.000671 98
rVSVOmicron	304	T	145523	7.99835e-06	0.999595	0.000342632	5.44753e-05 0.000405 59
rVSVOmicron	305	G	147449	0.000311326	3.33412e-05	3.29165e-05	0.999622 0.000378 56
rVSVOmicron	306	G	147833	9.04863e-05	5.52735e-05	7.89621e-06	0.999846 0.000154 23
rVSVOmicron	307	A	147490	0.999953	7.83449e-06	0	3.91724e-05 4.7e-05 7
rVSVOmicron	308	T	147186	0	0.999956	4.03916e-05	3.67196e-06 4.4e-05 6
rVSVOmicron	309	T	147592	0	0.999984	7.94658e-06	7.94658e-06 1.6e-05 2
rVSVOmicron	310	T	146961	0	0.999918	8.2411e-05	0 8.2e-05 12
rVSVOmicron	311	T	146333	7.93045e-06	0.99997	1.60752e-05	5.78708e-06 3e-05 4
rVSVOmicron	312	C	147073	5.47737e-05	0.000388703	0.999541	1.56496e-05 0.000459 68
rVSVOmicron	313	G	147624	0.000244814	0.00012145	0.000119323	0.999514 0.000486 72
rVSVOmicron	314	G	147031	0.000237815	2.37387e-05	9.83765e-06	0.999729 0.000271 40
rVSVOmicron	315	C	147400	1.56525e-05	0.000257632	0.999727	0 0.000273 40
rVSVOmicron	316	A	145418	0.99989	1.58201e-05	0	9.44932e-05 0.00011 16
rVSVOmicron	317	C	145376	0.000113811	0.000147398	0.999731	7.91543e-06 0.000269 39
rVSVOmicron	318	C	145662	7.62837e-05	0.000176419	0.999722	2.5786e-05 0.000278 40
rVSVOmicron	319	A	145523	0.999788	0.000102749	2.61619e-05	8.27055e-05 0.000212 31
rVSVOmicron	320	C	146319	0.000118921	6.6232e-05	0.999732	8.29487e-05 0.000268 39
rVSVOmicron	321	A	146219	0.999775	0	0.000121266	0.00010385 0.000225 33
rVSVOmicron	322	C	146338	1.56055e-05	3.31089e-05	0.999951	0 4.9e-05 7
rVSVOmicron	323	T	146363	0.000188685	0.999764	4.73312e-05	0 0.000236 35
rVSVOmicron	324	C	147529	0.00041658	0.000334692	0.999233	1.55378e-05 0.000767 113
rVSVOmicron	325	G	147961	0.000186116	3.89497e-05	2.52647e-05	0.99975 0.00025 37
rVSVOmicron	326	A	146165	0.995323	0	0.00461438	6.24392e-05 0.004677 684
rVSVOmicron	327	C	144902	2.18223e-05	2.37478e-05	0.999937	1.77574e-05 6.3e-05 9
rVSVOmicron	328	T	145126	0	0.999742	0.000250341	7.8898e-06 0.000258 37
rVSVOmicron	329	C	145809	4.09626e-05	4.87751e-05	0.99991	0 9e-05 13
rVSVOmicron	330	T	145912	1.76326e-05	0.999649	0.000324185	9.55984e-06 0.000351 51
rVSVOmicron	331	A	146966	0.999755	7.87896e-06	2.36369e-05	0.000213584 0.000245 36
rVSVOmicron	332	A	146380	0.999737	2.55245e-05	9.61421e-05	0.000141235 0.000263 38
rVSVOmicron	333	G	147058	0.00011725	9.84896e-05	0	0.999784 0.000216 32
rVSVOmicron	334	A	146659	0.999914	3.12229e-05	0	5.464e-05 8.6e-05 13
rVSVOmicron	335	C	147436	4.64599e-05	7.15733e-05	0.999882	0 0.000118 17
rVSVOmicron	336	A	146962	0.999886	0	0	0.000114265 0.000114 17
rVSVOmicron	337	C	147836	3.04051e-05	0.00019076	0.999779	0 0.000221 33
rVSVOmicron	338	A	147514	0.999417	0.00012038	8.24979e-05	0.00038029 0.000583 86
rVSVOmicron	339	G	148240	0.000948041	7.85786e-06	1.57157e-05	0.999028 0.000972 144
rVSVOmicron	340	T	148663	2.3201e-05	0.999913	6.39595e-05	0 8.7e-05 13
rVSVOmicron	341	C	149698	3.56934e-05	3.07129e-05	0.999913	2.05444e-05 8.7e-05 13
rVSVOmicron	342	C	150399	5.42328e-05	0.000574993	0.999336	3.43404e-05 0.000664 100
rVSVOmicron	343	C	146908	0.000103298	7.58923e-05	0.999805	1.56001e-05 0.000195 29
rVSVOmicron	344	T	147244	1.46382e-05	0.999712	0.000273316	0 0.000288 42
rVSVOmicron	345	C	148941	0.000511663	4.99386e-05	0.999415	2.30966e-05 0.000585 87
rVSVOmicron	346	C	148937	7.11076e-05	0.000160096	0.999753	1.53859e-05 0.000247 37
rVSVOmicron	347	T	149352	5.39597e-05	0.999685	0.000219172	4.14594e-05 0.000315 47
rVSVOmicron	348	G	150473	9.40899e-05	7.2266e-05	9.32664e-05	0.99974 0.00026 39
rVSVOmicron	349	A	146551	0.999933	0	0	6.73303e-05 6.7e-05 10
rVSVOmicron	350	T	146684	2.40362e-05	0.999858	0.000102208	1.60241e-05 0.000142 21
rVSVOmicron	351	T	146428	1.73377e-05	0.999942	3.31953e-05	7.82309e-06 5.8e-05 8
rVSVOmicron	352	G	143934	0.000215135	6.55507e-05	1.78384e-05	0.999701 0.000299 43
rVSVOmicron	353	T	143978	2.36738e-05	0.999738	0.000238018	0 0.000262 38
rVSVOmicron	354	G	144730	0.000153274	2.36626e-05	7.88752e-06	0.999815 0.000185 27
rVSVOmicron	355	A	144891	0.999908	0	0	9.17865e-05 9.2e-05 13
rVSVOmicron	356	A	145169	0.999888	0	0	0.000112169 0.000112 16
rVSVOmicron	357	C	145944	0.000267826	4.58708e-05	0.999677	9.51238e-06 0.000323 47
rVSVOmicron	358	A	142984	0.999952	0	8.01842e-06	4.00921e-05 4.8e-05 7
rVSVOmicron	359	A	143243	0.999867	0	2.4232e-05	0.000108935 0.000133 19
rVSVOmicron	360	C	144076	6.98583e-05	0.000280933	0.999641	7.92871e-06 0.000359 52
rVSVOmicron	361	G	144362	0.000466912	5.18791e-05	9.9435e-06	0.999471 0.000529 76
rVSVOmicron	362	C	144607	4.03647e-05	9.68323e-05	0.999855	7.94412e-06 0.000145 21
rVSVOmicron	363	C	145123	6.52706e-05	0.000233443	0.999676	2.53003e-05 0.000324 47
rVSVOmicron	364	A	144773	0.999921	1.58721e-05	0	6.34885e-05 7.9e-05 11
rVSVOmicron	365	C	145554	7.81922e-06	8.05169e-05	0.999912	0 8.8e-05 13
rVSVOmicron	366	A	145757	0.999797	0	0.000103876	9.8746e-05 0.000203 30
rVSVOmicron	367	A	146091	0.999942	9.89207e-06	6.59471e-06	4.19863e-05 5.8e-05 8
rVSVOmicron	368	A	146126	0.999959	8.23499e-06	8.23499e-06	2.4705e-05 4.1e-05 6
rVSVOmicron	369	C	147049	3.75829e-05	0.00019025	0.999677	9.55499e-05 0.000323 47
rVSVOmicron	370	G	146903	8.8051e-05	1.92612e-05	3.36541e-05	0.999859 0.000141 21
rVSVOmicron	371	T	146523	4.83579e-05	0.999911	4.02983e-05	0 8.9e-05 13
rVSVOmicron	372	G	146873	7.57414e-05	3.13998e-05	4.11592e-05	0.999852 0.000148 22
rVSVOmicron	373	G	145351	4.13409e-05	0.000125941	1.57692e-05	0.999817 0.000183 27
rVSVOmicron	374	T	145566	0.00374319	0.996134	0.000114311	8.02561e-06 0.003866 563
rVSVOmicron	375	G	146790	6.23873e-05	6.70242e-05	0.0035291	0.996341 0.003659 537
rVSVOmicron	376	A	147103	0.999958	1.83622e-05	7.80921e-06	1.56184e-05 4.2e-05 6
rVSVOmicron	377	T	147580	0	0.999962	7.99607e-06	3.02554e-05 3.8e-05 6
rVSVOmicron	378	T	147386	4.84451e-05	0.999839	3.29259e-05	7.92737e-05 0.000161 24
rVSVOmicron	379	A	148843	0.999779	2.51855e-05	1.53212e-05	0.000180706 0.000221 33
rVSVOmicron	380	A	149770	0.999576	0.00015796	7.84626e-05	0.000187979 0.000424 64
rVSVOmicron	381	G	151363	8.77975e-05	7.12709e-05	2.29306e-05	0.999818 0.000182 28
rVSVOmicron	382	G	146927	5.52874e-05	1.57964e-05	7.8982e-06	0.999921 7.9e-05 12
rVSVOmicron	383	T	147064	7.81101e-06	0.999967	2.3433e-05	2.11108e-06 3.3e-05 5
rVSVOmicron	384	G	147274	4.55525e-05	2.27762e-05	1.56059e-05	0.999916 8.4e-05 12
rVSVOmicron	385	T	147405	0	0.999912	8.15878e-05	6.09805e-06 8.8e-05 13
rVSVOmicron	386	G	147699	8.16506e-05	4.94533e-05	7.78627e-06	0.999861 0.000139 21
rVSVOmicron	387	C	147365	3.92719e-05	0.000885633	0.999065	9.76489e-06 0.000935 138
rVSVOmicron	388	G	147851	0.000139007	4.83686e-05	1.59827e-05	0.999797 0.000203 30
rVSVOmicron	389	A	147377	0.999927	0	9.61394e-06	6.33266e-05 7.3e-05 11
rVSVOmicron	390	G	148417	0.000166234	7.7367e-06	7.7367e-06	0.999818 0.000182 27
rVSVOmicron	391	T	148703	2.54369e-05	0.999918	5.70211e-05	0 8.2e-05 12
rVSVOmicron	392	T	149141	9.54058e-06	0.999803	8.93911e-05	9.76873e-05 0.000197 29
rVSVOmicron	393	C	147016	3.31703e-05	0.00114384	0.998789	3.35983e-05 0.001211 178
rVSVOmicron	394	C	147482	5.68969e-05	0.00013927	0.999778	2.54762e-05 0.000222 33
rVSVOmicron	395	A	147076	0.999638	1.74956e-05	1.55985e-05	0.000328834 0.000362 53
rVSVOmicron	396	G	147077	4.90628e-05	4.71512e-05	2.12393e-06	0.999902 9.8e-05 14
rVSVOmicron	397	T	147691	1.59428e-05	0.999846	7.71287e-05	6.0755e-05 0.000154 23
rVSVOmicron	398	T	148075	0	0.99992	8.0401e-05	0 8e-05 12
rVSVOmicron	399	C	146211	6.44078e-05	0.000158034	0.99977	7.89102e-06 0.00023 34
rVSVOmicron	400	T	146675	9.50442e-06	0.998476	0.00145375	6.04059e-05 0.001524 224
rVSVOmicron	401	G	148712	0.000207535	3.08781e-05	0	0.999762 0.000238 35
rVSVOmicron	402	C	149556	9.39667e-05	9.06257e-05	0.999815	0 0.000185 28
rVSVOmicron	403	A	150080	0.999802	0.00011069	7.65521e-06	8.00693e-05 0.000198 30
rVSVOmicron	404	A	150994	0.999661	7.73728e-06	1.40108e-05	0.000317647 0.000339 51
rVSVOmicron	405	C	151368	4.18335e-05	0.000110869	0.999838	9.27343e-06 0.000162 25
rVSVOmicron	406	G	152469	0.000212101	3.19998e-05	2.31793e-05	0.999733 0.000267 41
rVSVOmicron	407	A	152522	0.999941	7.5694e-06	0	5.15537e-05 5.9e-05 9
rVSVOmicron	408	C	153531	2.27789e-05	7.96236e-05	0.999876	2.17528e-05 0.000124 19
rVSVOmicron	409	C	154142	0.000127484	8.38225e-05	0.999781	7.62023e-06 0.000219 34
rVSVOmicron	410	C	153934	0.000166732	7.24479e-05	0.999753	7.55091e-06 0.000247 38
rVSVOmicron	411	T	153788	2.46448e-05	0.999791	0.000168579	1.53254e-05 0.000209 32
rVSVOmicron	412	T	154859	1.5648e-05	0.999814	0.000131528	3.91201e-05 0.000186 29
rVSVOmicron	413	T	155048	1.45511e-05	0.99992	6.52779e-05	0 8e-05 12
rVSVOmicron	414	C	156324	3.90854e-05	0.000151708	0.999787	2.23633e-05 0.000213 33
rVSVOmicron	415	C	153126	5.3044e-05	0.000121039	0.999801	2.45764e-05 0.000199 30
rVSVOmicron	416	T	153351	0.000800288	0.998816	0.000368017	1.52397e-05 0.001184 182
rVSVOmicron	417	G	155072	6.53132e-05	9.24589e-05	3.02073e-05	0.999812 0.000188 29
rVSVOmicron	418	G	155683	0.000148766	7.07449e-05	3.73937e-05	0.999743 0.000257 40
rVSVOmicron	419	A	156311	0.99989	1.64816e-05	1.46945e-05	7.9231e-05 0.00011 17
rVSVOmicron	420	T	156688	7.35966e-06	0.999934	5.88772e-05	0 6.6e-05 10
rVSVOmicron	421	C	157768	4.57495e-05	0.000166164	0.999788	0 0.000212 33
rVSVOmicron	422	A	157592	0.999676	0.000139973	0	0.000183678 0.000324 51
rVSVOmicron	423	C	156075	3.88528e-05	8.01089e-05	0.999881	0 0.000119 19
rVSVOmicron	424	A	155958	0.999864	1.4903e-05	0	0.000121037 0.000136 21
rVSVOmicron	425	A	155366	0.999784	2.4211e-05	9.70458e-05	9.46247e-05 0.000216 34
rVSVOmicron	426	G	154821	6.32433e-05	8.00391e-05	1.53443e-05	0.999841 0.000159 25
rVSVOmicron	427	A	155503	0.999916	1.50322e-05	0	6.84577e-05 8.4e-05 13
rVSVOmicron	428	A	154160	0.99996	0	7.54434e-06	3.26242e-05 4e-05 6
rVSVOmicron	429	C	154252	5.28981e-05	3.93189e-05	0.9999	7.49897e-06 0.0001 15
rVSVOmicron	430	A	154047	0.999871	5.44773e-05	0	7.48047e-05 0.000129 20
rVSVOmicron	431	A	154281	0.999909	7.60513e-06	0	8.30397e-05 9.1e-05 14
rVSVOmicron	432	C	155120	2.24439e-05	2.24439e-05	0.999948	7.48129e-06 5.2e-05 8
rVSVOmicron	433	A	155060	0.999808	3.82352e-05	3.05882e-05	0.000122766 0.000192 30
rVSVOmicron	434	A	154865	0.998479	0	1.23538e-05	0.00150863 0.001521 236
rVSVOmicron	435	G	155720	1.72912e-05	3.70824e-05	1.72912e-05	0.999928 7.2e-05 11
rVSVOmicron	436	T	155864	7.6085e-06	0.999944	4.85299e-05	0 5.6e-05 9
rVSVOmicron	437	C	155096	3.56162e-05	1.51471e-05	0.999949	0 5.1e-05 8
rVSVOmicron	438	T	154848	7.638e-06	0.999876	0.00010879	7.638e-06 0.000124 19
rVSVOmicron	439	T	156365	3.53872e-05	0.999881	5.78329e-05	2.60855e-05 0.000119 19
rVSVOmicron	440	G	157304	5.31585e-05	4.45328e-05	3.8916e-05	0.999863 0.000137 22
rVSVOmicron	441	G	157665	7.00059e-05	7.00059e-05	2.95182e-05	0.99983 0.00017 27
rVSVOmicron	442	A	157508	0.999854	7.33685e-06	9.12149e-06	0.000129882 0.000146 23
rVSVOmicron	443	T	157776	2.37463e-05	0.999889	8.76635e-05	0 0.000111 18
rVSVOmicron	444	G	158618	8.34898e-05	0.000104163	2.94202e-05	0.999783 0.000217 34
rVSVOmicron	445	G	157087	2.55396e-05	6.58442e-05	1.47651e-05	0.999894 0.000106 17
rVSVOmicron	446	A	156437	0.999775	7.33423e-06	0	0.000218045 0.000225 35
rVSVOmicron	447	G	157291	0.000367358	4.02015e-05	1.30704e-05	0.999579 0.000421 66
rVSVOmicron	448	T	157424	7.36904e-06	0.999809	0.000176658	7.36904e-06 0.000191 30
rVSVOmicron	449	C	157089	5.05228e-05	0.000267333	0.999667	1.47193e-05 0.000333 52
rVSVOmicron	450	T	156938	1.63907e-05	0.99968	0.000295823	7.3067e-06 0.00032 50
rVSVOmicron	451	G	158934	4.88374e-05	4.68761e-05	4.33457e-05	0.999861 0.000139 22
rVSVOmicron	452	A	158341	0.999713	4.41838e-05	0	0.000242616 0.000287 45
rVSVOmicron	453	G	158334	3.32671e-05	2.6968e-05	7.28332e-06	0.999932 6.8e-05 11
rVSVOmicron	454	T	158706	6.40647e-05	0.999861	3.8399e-05	3.68074e-05 0.000139 22
rVSVOmicron	455	T	159079	0	0.999903	9.70561e-05	0 9.7e-05 15
rVSVOmicron	456	C	159915	5.40999e-05	9.55049e-05	0.999841	8.9841e-06 0.000159 25
rVSVOmicron	457	A	159137	0.999699	3.07515e-05	7.24718e-06	0.000263249 0.000301 48
rVSVOmicron	458	G	159868	8.69387e-05	4.03364e-05	2.89796e-05	0.999844 0.000156 25
rVSVOmicron	459	A	160279	0.999888	7.24685e-06	0	0.000104981 0.000112 18
rVSVOmicron	460	G	160703	6.11756e-05	2.88344e-05	0	0.99991 9e-05 14
rVSVOmicron	461	T	161195	7.16785e-06	0.999928	5.01749e-05	1.43357e-05 7.2e-05 12
rVSVOmicron	462	G	161681	0.000253303	3.03577e-05	7.15437e-06	0.999709 0.000291 47
rVSVOmicron	463	T	158750	1.45557e-05	0.999925	6.01896e-05	0 7.5e-05 12
rVSVOmicron	464	A	158923	0.999925	0	7.27845e-06	6.72765e-05 7.5e-05 12
rVSVOmicron	465	C	159111	3.09925e-05	0.000139762	0.999798	3.11899e-05 0.000202 32
rVSVOmicron	466	T	156971	2.95092e-05	0.999848	0.000107669	1.43558e-05 0.000152 24
rVSVOmicron	467	C	157165	5.87539e-05	3.27513e-05	0.99987	3.85076e-05 0.00013 20
rVSVOmicron	468	T	157109	1.67326e-05	0.999564	0.000404404	1.49182e-05 0.000436 68
rVSVOmicron	469	A	157993	0.99981	7.4243e-06	1.48486e-05	0.000167348 0.00019 30
rVSVOmicron	470	G	158377	8.40777e-05	4.48684e-05	0	0.999871 0.000129 20
rVSVOmicron	471	C	158837	2.93437e-05	0.000219681	0.999735	1.64563e-05 0.000265 42
rVSVOmicron	472	G	159104	0.000350351	2.92123e-05	9.07951e-06	0.999611 0.000389 62
rVSVOmicron	473	C	159416	4.96014e-05	7.48962e-05	0.999868	7.31176e-06 0.000132 21
rVSVOmicron	474	C	159861	9.56133e-05	7.19544e-05	0.999811	2.13126e-05 0.000189 30
rVSVOmicron	475	A	159260	0.999909	3.09013e-05	0	6.00312e-05 9.1e-05 14
rVSVOmicron	476	A	159083	0.99996	9.03367e-06	7.26622e-06	2.33697e-05 4e-05 6
rVSVOmicron	477	C	159688	0.000541308	6.67366e-05	0.999392	0 0.000608 97
rVSVOmicron	478	A	159637	0.999882	7.27782e-06	5.44853e-05	5.62556e-05 0.000118 19
rVSVOmicron	479	A	159908	0.999928	2.38876e-05	7.36533e-06	4.04098e-05 7.2e-05 12
rVSVOmicron	480	C	159066	2.89412e-05	0.000760293	0.999189	2.17059e-05 0.000811 129
rVSVOmicron	481	T	159626	9.13747e-06	0.999722	0.000262007	7.34971e-06 0.000278 44
rVSVOmicron	482	G	161548	0.000628198	8.84347e-05	7.20724e-06	0.999276 0.000724 117
rVSVOmicron	483	C	162902	0.00209215	0.000183915	0.99771	1.4162e-05 0.00229 373
rVSVOmicron	484	A	164419	0.999933	7.02451e-06	0	5.96134e-05 6.7e-05 11
rVSVOmicron	485	C	166576	8.65514e-05	0.000150761	0.999756	6.94664e-06 0.000244 41
rVSVOmicron	486	C	158600	0.000151155	0.000160811	0.999681	7.2917e-06 0.000319 51
rVSVOmicron	487	T	158810	0.000130674	0.999684	0.000161749	2.39038e-05 0.000316 50
rVSVOmicron	488	T	159407	0	0.999894	0.000105645	0 0.000106 17
rVSVOmicron	489	C	159972	3.60882e-05	0.000216334	0.99974	7.21763e-06 0.00026 42
rVSVOmicron	490	G	160261	4.34346e-05	4.32399e-05	5.21995e-05	0.999861 0.000139 22
rVSVOmicron	491	A	159301	0.999946	1.44162e-05	0	3.95472e-05 5.4e-05 9
rVSVOmicron	492	G	159978	0.000303572	0.000103285	7.2653e-06	0.999586 0.000414 66
rVSVOmicron	493	T	160300	7.24211e-06	0.999867	0.00011098	1.44842e-05 0.000133 21
rVSVOmicron	494	A	159520	0.999928	2.12473e-05	0	5.08766e-05 7.2e-05 11
rVSVOmicron	495	C	159123	5.34361e-05	0.000468941	0.99946	1.8074e-05 0.00054 86
rVSVOmicron	496	G	158160	0.000361244	4.06646e-05	7.30384e-06	0.999591 0.000409 65
rVSVOmicron	497	T	158443	2.78287e-05	0.999826	0.00012217	2.3684e-05 0.000174 28
rVSVOmicron	498	G	158413	0.000126808	3.80816e-05	7.26298e-06	0.999828 0.000172 27
rVSVOmicron	499	T	158437	8.53126e-05	0.999787	0.00011362	1.44465e-05 0.000213 34
rVSVOmicron	500	C	159336	5.13356e-05	7.65116e-05	0.999863	9.04765e-06 0.000137 22
rVSVOmicron	501	C	159101	5.8969e-05	0.000263767	0.99967	7.37113e-06 0.00033 53
rVSVOmicron	502	C	159566	7.43509e-05	0.000232469	0.999677	1.62827e-05 0.000323 52
rVSVOmicron	503	A	159129	0.999769	1.44323e-05	1.44323e-05	0.000201857 0.000231 37
rVSVOmicron	504	G	159918	0.000101119	2.9003e-05	1.62652e-05	0.999854 0.000146 23
rVSVOmicron	505	C	161139	9.57191e-05	0.000131858	0.999772	0 0.000228 37
rVSVOmicron	506	C	153981	0.000153752	4.88101e-05	0.999782	1.50498e-05 0.000218 34
rVSVOmicron	507	T	154385	3.97655e-05	0.999631	0.000272824	5.63686e-05 0.000369 57
rVSVOmicron	508	T	155530	1.64257e-05	0.999748	0.000203592	3.19869e-05 0.000252 39
rVSVOmicron	509	T	155600	0.000118845	0.999779	0.000101982	0 0.000221 34
rVSVOmicron	510	C	156320	3.89437e-05	7.00585e-05	0.999882	9.23407e-06 0.000118 18
rVSVOmicron	511	C	152318	8.151e-05	0.000836712	0.999067	1.52317e-05 0.000933 142
rVSVOmicron	512	T	152575	3.97397e-05	0.999731	0.000221436	7.57922e-06 0.000269 41
rVSVOmicron	513	C	154394	7.26085e-05	6.33307e-05	0.999832	3.16654e-05 0.000168 26
rVSVOmicron	514	A	154846	0.999613	2.26294e-05	4.99116e-05	0.000314274 0.000387 60
rVSVOmicron	515	T	156467	0	0.99989	9.53291e-05	1.49457e-05 0.00011 17
rVSVOmicron	516	G	158773	4.41393e-05	0.0012377	2.81613e-05	0.99869 0.00131 208
rVSVOmicron	517	G	160120	0.00017891	9.71446e-05	2.88124e-05	0.999695 0.000305 49
rVSVOmicron	518	A	162034	0.999855	0	2.00475e-05	0.000125249 0.000145 23
rVSVOmicron	519	C	162492	4.30079e-05	8.54345e-05	0.999857	1.4336e-05 0.000143 23
rVSVOmicron	520	C	131446	3.52849e-05	9.70334e-05	0.999859	8.82121e-06 0.000141 19
rVSVOmicron	521	T	131371	4.18291e-05	0.999495	0.000419247	4.42193e-05 0.000505 66
rVSVOmicron	522	G	131652	0.00011394	2.63485e-05	7.85708e-05	0.999781 0.000219 29
rVSVOmicron	523	G	132118	0.000106832	7.21645e-05	7.24003e-05	0.999749 0.000251 33
rVSVOmicron	524	A	130849	0.999426	9.91521e-05	7.15039e-06	0.000467397 0.000574 75
rVSVOmicron	525	G	128043	0.000160754	0.000308785	2.71594e-05	0.999503 0.000497 64
rVSVOmicron	526	G	127282	5.4988e-05	8.64451e-05	0	0.999859 0.000141 18
rVSVOmicron	527	G	126909	0.000335991	6.65572e-05	0	0.999597 0.000403 51
rVSVOmicron	528	C	126564	7.4822e-05	0.000224466	0.999701	0 0.000299 38
rVSVOmicron	529	A	124738	0.999713	3.7005e-05	3.7005e-05	0.000213279 0.000287 36
rVSVOmicron	530	A	124143	0.999532	7.48781e-05	4.0007e-05	0.000352765 0.000468 58
rVSVOmicron	531	G	123581	0.00018205	5.33813e-05	7.30216e-06	0.999757 0.000243 30
rVSVOmicron	532	C	124148	3.69823e-05	0.000426546	0.99947	6.69679e-05 0.00053 66
rVSVOmicron	533	A	123773	0.999701	9.36358e-06	0.000109579	0.00017968 0.000299 37
rVSVOmicron	534	G	120211	8.90223e-05	9.42283e-05	9.63107e-06	0.999807 0.000193 23
rVSVOmicron	535	G	120739	0.000102757	5.9505e-05	9.69905e-06	0.999828 0.000172 21
rVSVOmicron	536	G	120804	0.00029535	5.03054e-05	0	0.999654 0.000346 42
