rVSVOmicron	8	T	11144	0	0.999802	0.000197879	0 0.000198 2
rVSVOmicron	9	G	12079	4.02661e-05	0	0	0.99996 4e-05 0
rVSVOmicron	10	T	12623	0	0.999918	8.19943e-05	0 8.2e-05 1
rVSVOmicron	11	T	13255	0	0.99994	6.03779e-05	0 6e-05 1
rVSVOmicron	12	C	14106	0	8.62517e-05	0.999914	0 8.6e-05 1
rVSVOmicron	13	C	14899	7.88059e-05	3.19483e-05	0.999889	0 0.000111 2
rVSVOmicron	14	T	15386	0	0.999848	7.59994e-05	7.59994e-05 0.000152 2
rVSVOmicron	15	C	16397	0	0.000213711	0.999786	0 0.000214 4
rVSVOmicron	16	G	17497	0.000465708	6.65298e-05	0	0.999468 0.000532 9
rVSVOmicron	17	T	18319	0	0.999873	0.000126526	0 0.000127 2
rVSVOmicron	18	G	19362	6.00547e-05	6.00547e-05	0	0.99988 0.00012 2
rVSVOmicron	19	C	20169	0	0.000459732	0.99954	0 0.00046 9
rVSVOmicron	20	T	21017	0	0.999891	0.000109401	0 0.000109 2
rVSVOmicron	21	C	22155	5.22582e-05	0.000806471	0.999141	0 0.000859 19
rVSVOmicron	22	C	22989	0	0.000154399	0.999795	5.01118e-05 0.000205 5
rVSVOmicron	23	T	23904	7.40236e-05	0.999349	0.000576605	0 0.000651 16
rVSVOmicron	24	G	25099	0.000398562	0	4.59401e-05	0.999555 0.000445 11
rVSVOmicron	25	C	26063	0	0.000177663	0.999822	0 0.000178 5
rVSVOmicron	26	C	26620	0	0.000249973	0.99975	0 0.00025 7
rVSVOmicron	27	T	27313	0	0.999863	0.000136928	0 0.000137 4
rVSVOmicron	28	C	28166	0	6.81953e-05	0.999891	4.06972e-05 0.000109 3
rVSVOmicron	29	T	28960	0	0.999819	0.000141581	3.96857e-05 0.000181 5
rVSVOmicron	30	G	30420	0.000180454	7.58725e-05	2.25567e-05	0.999721 0.000279 8
rVSVOmicron	31	G	30978	0.000954628	7.45961e-05	0	0.998971 0.001029 32
rVSVOmicron	32	T	31720	0	0.999908	9.23493e-05	0 9.2e-05 3
rVSVOmicron	33	G	32752	5.78643e-05	0.000147032	7.01961e-05	0.999725 0.000275 9
rVSVOmicron	34	T	33352	1.86683e-05	0.999964	0	1.77349e-05 3.6e-05 1
rVSVOmicron	35	C	33998	6.72182e-05	3.36091e-05	0.999899	0 0.000101 3
rVSVOmicron	36	T	34920	1.33473e-05	0.999836	5.16095e-05	9.877e-05 0.000164 6
rVSVOmicron	37	A	36354	0.999811	0	0	0.000188959 0.000189 7
rVSVOmicron	38	G	37272	0.000199251	3.20534e-05	6.41068e-05	0.999705 0.000295 11
rVSVOmicron	39	C	38157	4.24132e-05	0.000115821	0.999842	0 0.000158 6
rVSVOmicron	40	C	39206	8.7881e-05	0.000112424	0.99977	2.92937e-05 0.00023 9
rVSVOmicron	41	A	40360	0.999848	2.91195e-05	0	0.000122774 0.000152 6
rVSVOmicron	42	G	41223	0.000167335	2.78891e-05	5.57782e-05	0.999749 0.000251 10
rVSVOmicron	43	T	41954	2.75611e-05	0.999917	5.51222e-05	0 8.3e-05 3
rVSVOmicron	44	G	42364	5.0104e-05	5.45249e-05	2.72625e-05	0.999868 0.000132 6
rVSVOmicron	45	C	43345	2.66699e-05	0.00100697	0.998913	5.33398e-05 0.001087 47
rVSVOmicron	46	G	45978	0.000408169	0.000190208	8.25814e-05	0.999319 0.000681 31
rVSVOmicron	47	T	48310	2.3924e-05	0.999863	0.000113154	0 0.000137 7
rVSVOmicron	48	G	51506	8.90241e-05	0.000120303	0	0.999791 0.000209 11
rVSVOmicron	49	A	54621	0.999775	0.000114705	2.10104e-05	8.91522e-05 0.000225 12
rVSVOmicron	50	A	57412	0.999877	0	2.06283e-05	0.000102027 0.000123 7
rVSVOmicron	51	C	60199	0	5.69281e-05	0.999943	0 5.7e-05 3
rVSVOmicron	52	C	43673	0	0.000193733	0.999748	5.86203e-05 0.000252 11
rVSVOmicron	53	T	44522	0	0.999373	0.000595855	3.14343e-05 0.000627 28
rVSVOmicron	54	G	45518	5.08776e-05	0.000178072	0	0.999771 0.000229 10
rVSVOmicron	55	A	46288	0.999925	0	0	7.52234e-05 7.5e-05 3
rVSVOmicron	56	C	47116	2.45949e-05	0.000198089	0.999777	0 0.000223 11
rVSVOmicron	57	C	48095	0	4.81887e-05	0.999928	2.40943e-05 7.2e-05 3
rVSVOmicron	58	A	49031	0.999976	0	2.37212e-05	0 2.4e-05 1
rVSVOmicron	59	C	49891	0	4.62321e-05	0.999954	0 4.6e-05 2
rVSVOmicron	60	A	50841	0.999859	2.26339e-05	2.26339e-05	9.54295e-05 0.000141 7
rVSVOmicron	61	C	51724	0	0.000685255	0.999315	0 0.000685 35
rVSVOmicron	62	G	52914	8.55751e-05	0.00371954	2.1988e-05	0.996173 0.003827 203
rVSVOmicron	63	G	52855	2.1987e-05	2.1987e-05	0	0.999956 4.4e-05 2
rVSVOmicron	64	A	52726	0.999813	0	0	0.000187204 0.000187 10
rVSVOmicron	65	C	53638	0	0.000199037	0.999801	0 0.000199 11
rVSVOmicron	66	C	54662	6.4652e-05	0.000177647	0.999758	0 0.000242 13
rVSVOmicron	67	C	55668	8.41573e-05	6.3118e-05	0.999853	0 0.000147 8
rVSVOmicron	68	A	56775	0.99881	0	4.11381e-05	0.00114909 0.00119 68
rVSVOmicron	69	G	57647	0.00067833	6.05749e-05	0.0002423	0.999019 0.000981 57
rVSVOmicron	70	C	58189	4.52465e-05	0.000266631	0.999668	1.993e-05 0.000332 19
rVSVOmicron	71	T	59117	0.00169633	0.998126	0.000177948	0 0.001874 111
rVSVOmicron	72	C	60544	5.75484e-05	0.0019188	0.996465	0.00155847 0.003535 214
rVSVOmicron	73	C	61939	0.000155052	0.000227444	0.999618	0 0.000382 24
rVSVOmicron	74	C	61992	9.33562e-05	0.000860612	0.998985	6.0707e-05 0.001015 63
rVSVOmicron	75	T	62783	1.84683e-05	0.999585	0.000359382	3.69365e-05 0.000415 26
rVSVOmicron	76	C	64014	3.6302e-05	0.000115774	0.99983	1.8151e-05 0.00017 11
rVSVOmicron	77	C	65060	9.48308e-05	0.000109984	0.999781	1.36869e-05 0.000219 14
rVSVOmicron	78	C	66208	1.77562e-05	0.000225551	0.999721	3.55123e-05 0.000279 18
rVSVOmicron	79	G	67336	0.000941502	1.74091e-05	1.74091e-05	0.999024 0.000976 66
rVSVOmicron	80	C	68990	0.000345282	9.19227e-05	0.999563	0 0.000437 30
rVSVOmicron	81	C	68135	5.56506e-05	0.000108519	0.999836	0 0.000164 11
rVSVOmicron	82	T	68934	3.39836e-05	0.999754	0.000195176	1.69918e-05 0.000246 17
rVSVOmicron	83	A	70367	0.99989	7.75444e-05	1.68773e-05	1.55089e-05 0.00011 8
rVSVOmicron	84	C	71287	1.6349e-05	0.00362153	0.996329	3.2698e-05 0.003671 262
rVSVOmicron	85	A	72283	0.999931	0	3.64195e-05	3.24704e-05 6.9e-05 5
rVSVOmicron	86	C	73228	0	0.00012442	0.999876	0 0.000124 9
rVSVOmicron	87	A	74285	0.9999	1.59356e-05	1.59356e-05	6.80492e-05 0.0001 7
rVSVOmicron	88	A	75144	0.99991	0	6.46154e-05	2.5586e-05 9e-05 7
rVSVOmicron	89	A	73175	0.999866	5.18985e-05	0	8.24815e-05 0.000134 10
rVSVOmicron	90	C	73698	5.64445e-06	7.94565e-05	0.999786	0.00012852 0.000214 16
rVSVOmicron	91	T	74280	0	0.99981	0.000174662	1.58007e-05 0.00019 14
rVSVOmicron	92	C	74996	4.6828e-05	1.56093e-05	0.999938	0 6.2e-05 5
rVSVOmicron	93	T	75699	6.26109e-05	0.999484	0.000453506	0 0.000516 39
rVSVOmicron	94	T	77151	1.94659e-05	0.999896	6.85538e-05	1.56573e-05 0.000104 8
rVSVOmicron	95	T	77903	1.27558e-05	0.999892	9.50511e-05	0 0.000108 8
rVSVOmicron	96	C	79344	1.48557e-05	0.000528784	0.999456	0 0.000544 43
rVSVOmicron	97	A	80407	0.999432	0.00042684	0	0.000140821 0.000568 46
rVSVOmicron	98	C	81393	4.31421e-05	0.000221986	0.99972	1.45114e-05 0.00028 23
rVSVOmicron	99	C	82125	0.000105539	0.000239826	0.999655	0 0.000345 28
rVSVOmicron	100	C	83155	0.000112898	0.000250711	0.999604	3.19228e-05 0.000396 33
rVSVOmicron	101	G	84340	0.000390766	6.59537e-05	0.000375898	0.999167 0.000833 70
rVSVOmicron	102	G	85162	0.000148998	5.63984e-05	0	0.999795 0.000205 17
rVSVOmicron	103	G	85958	6.63315e-05	4.54845e-05	5.19281e-05	0.999836 0.000164 14
rVSVOmicron	104	G	86445	0.000155305	3.12113e-05	1.39135e-05	0.9998 0.0002 17
rVSVOmicron	105	C	87413	0	0.000399722	0.999463	0.000137507 0.000537 47
rVSVOmicron	106	G	88211	0.000482346	1.34086e-05	0	0.999504 0.000496 44
rVSVOmicron	107	T	88984	1.34838e-05	0.999931	4.44602e-05	1.09328e-05 6.9e-05 6
rVSVOmicron	108	G	90280	0.000186048	1.3137e-05	2.6274e-05	0.999775 0.000225 20
rVSVOmicron	109	T	91053	0	0.999801	0.000159485	3.90791e-05 0.000199 18
rVSVOmicron	110	A	92389	0.999857	1.61582e-05	5.19872e-05	7.51707e-05 0.000143 13
rVSVOmicron	111	C	93031	2.09834e-05	8.25577e-05	0.999873	2.33913e-05 0.000127 12
rVSVOmicron	112	T	93862	0	0.999773	0.000226685	0 0.000227 21
rVSVOmicron	113	A	95392	0.999815	0	0	0.000184928 0.000185 18
rVSVOmicron	114	C	96142	1.238e-05	0.000158932	0.999829	0 0.000171 16
rVSVOmicron	115	C	96960	4.21812e-05	0.000179103	0.999766	1.23865e-05 0.000234 23
rVSVOmicron	116	C	97839	5.51935e-05	0.000204482	0.999713	2.75967e-05 0.000287 28
rVSVOmicron	117	C	98767	0.000349876	0.000194522	0.999456	0 0.000544 54
rVSVOmicron	118	G	99708	0.000319623	6.26965e-05	0	0.999618 0.000382 38
rVSVOmicron	119	A	101017	0.999902	0	1.17642e-05	8.61647e-05 9.8e-05 10
rVSVOmicron	120	C	103033	1.15142e-05	0.000123545	0.999855	9.64707e-06 0.000145 15
rVSVOmicron	121	A	105070	0.998317	4.94608e-05	3.45292e-05	0.00159892 0.001683 177
rVSVOmicron	122	A	107611	0.999653	7.29789e-05	5.58792e-05	0.000217715 0.000347 37
rVSVOmicron	123	G	107968	0.000124997	0.000175176	1.11175e-05	0.999689 0.000311 34
rVSVOmicron	124	G	101463	0.000301695	5.03359e-05	0	0.999648 0.000352 36
rVSVOmicron	125	T	102195	1.17019e-05	0.999865	5.15515e-05	7.14763e-05 0.000135 14
rVSVOmicron	126	G	103531	0.00010103	3.3781e-05	1.15731e-05	0.999854 0.000146 15
rVSVOmicron	127	T	104182	0	0.999963	3.7484e-05	0 3.7e-05 4
rVSVOmicron	128	T	105207	2.27729e-05	0.999832	0.000133867	1.13864e-05 0.000168 18
rVSVOmicron	129	C	106473	4.78695e-05	9.93978e-05	0.999853	0 0.000147 16
rVSVOmicron	130	C	107451	6.43128e-05	0.00020568	0.99973	0 0.00027 29
rVSVOmicron	131	G	108803	0.000177032	0.000149774	3.44479e-05	0.999639 0.000361 39
rVSVOmicron	132	G	109290	0.000238922	6.26388e-05	1.10364e-05	0.999687 0.000313 34
rVSVOmicron	133	T	107457	0	0.999327	0.000672741	0 0.000673 72
rVSVOmicron	134	C	108059	7.57744e-05	9.85366e-05	0.999804	2.21633e-05 0.000196 21
rVSVOmicron	135	T	108834	1.10125e-05	0.99991	7.94687e-05	0 9e-05 10
rVSVOmicron	136	A	110710	0.999862	1.10383e-05	0	0.000127388 0.000138 15
rVSVOmicron	137	G	109863	0.000162517	2.2437e-05	0	0.999815 0.000185 20
rVSVOmicron	138	C	110820	7.072e-05	0.000463805	0.999465	0 0.000535 59
rVSVOmicron	139	G	111279	0.000715514	3.25767e-05	0	0.999252 0.000748 83
rVSVOmicron	140	T	112044	3.23308e-05	0.999555	5.2137e-05	0.00036059 0.000445 50
rVSVOmicron	141	G	113279	5.58998e-05	3.57298e-05	0.000378044	0.99953 0.00047 53
rVSVOmicron	142	C	113924	4.24911e-05	0.000176281	0.999747	3.41652e-05 0.000253 29
rVSVOmicron	143	T	114631	4.70698e-05	0.99975	0.000191988	1.0555e-05 0.00025 29
rVSVOmicron	144	C	116180	2.08545e-05	0.000144573	0.999824	1.04273e-05 0.000176 20
rVSVOmicron	145	C	117073	4.83893e-05	8.27933e-05	0.99985	1.84607e-05 0.00015 18
rVSVOmicron	146	A	117080	0.999938	2.31188e-05	2.06119e-05	1.83836e-05 6.2e-05 7
rVSVOmicron	147	C	117232	0.000102188	5.3448e-05	0.999844	0 0.000156 18
rVSVOmicron	148	T	117381	0	0.999823	0.000166465	1.02482e-05 0.000177 21
rVSVOmicron	149	C	117737	3.27621e-05	3.03049e-05	0.999917	2.02033e-05 8.3e-05 10
rVSVOmicron	150	T	117896	1.26437e-05	0.999712	0.000255072	2.03398e-05 0.000288 34
rVSVOmicron	151	A	118750	0.999885	0	8.265e-06	0.000106894 0.000115 14
rVSVOmicron	152	C	119439	2.99804e-05	9.4803e-05	0.999875	0 0.000125 15
rVSVOmicron	153	A	119736	0.999904	2.0107e-05	1.30424e-05	6.27665e-05 9.6e-05 11
rVSVOmicron	154	C	119224	1.99197e-05	0.000246304	0.999724	9.95983e-06 0.000276 33
rVSVOmicron	155	A	119536	0.999408	4.25923e-05	1.00377e-05	0.000539322 0.000592 71
rVSVOmicron	156	G	120936	0.000431495	3.76723e-05	0	0.999531 0.000469 57
rVSVOmicron	157	G	123132	0.00132511	5.04504e-05	0	0.998624 0.001376 169
rVSVOmicron	158	A	124474	0.99983	0	7.43105e-05	9.54683e-05 0.00017 21
rVSVOmicron	159	C	126992	0.000192439	0.000122508	0.994046	0.00563893 0.005954 756
rVSVOmicron	160	C	113353	8.04291e-05	0.000139259	0.99978	0 0.00022 25
rVSVOmicron	161	T	112834	3.62714e-05	0.999286	0.000622847	5.46904e-05 0.000714 81
rVSVOmicron	162	G	114253	0.000114509	2.08712e-05	0.000185866	0.999679 0.000321 37
rVSVOmicron	163	T	114618	0.00124492	0.991902	0.000139861	0.00671364 0.008098 928
rVSVOmicron	164	T	114861	0.00131197	0.992659	4.23956e-05	0.00598637 0.007341 843
rVSVOmicron	165	C	116425	6.45182e-05	0.000118702	0.999817	0 0.000183 21
rVSVOmicron	166	C	114909	0.000388527	0.000128571	0.999483	0 0.000517 59
rVSVOmicron	167	T	114262	3.35047e-05	0.999635	0.000311036	2.06613e-05 0.000365 42
rVSVOmicron	168	C	115310	3.60036e-05	0.000105778	0.999824	3.40499e-05 0.000176 20
rVSVOmicron	169	C	115755	7.82248e-05	0.000120455	0.999791	1.04867e-05 0.000209 24
rVSVOmicron	170	C	115813	0.000141948	0.00015536	0.99968	2.29128e-05 0.00032 37
rVSVOmicron	171	T	115838	0	0.996267	0.00367094	6.20488e-05 0.003733 432
rVSVOmicron	172	T	116531	0	0.999814	0.000142831	4.2705e-05 0.000186 22
rVSVOmicron	173	T	116920	0	0.999974	2.55224e-05	0 2.6e-05 3
rVSVOmicron	174	C	115622	3.56184e-05	0.00014275	0.999822	0 0.000178 21
rVSVOmicron	175	T	116018	1.02849e-05	0.999772	0.000184294	3.33564e-05 0.000228 26
rVSVOmicron	176	T	117058	1.99921e-05	0.999852	0.00011831	1.0133e-05 0.000148 17
rVSVOmicron	177	C	117979	1.99878e-05	0.000109663	0.999858	1.24248e-05 0.000142 17
rVSVOmicron	178	A	117735	0.999777	2.01389e-05	0	0.000203294 0.000223 26
rVSVOmicron	179	G	118098	0.000175362	2.00879e-05	1.00439e-05	0.999794 0.000206 24
rVSVOmicron	180	C	119004	8.22471e-05	0.00012122	0.999779	1.80084e-05 0.000221 26
rVSVOmicron	181	A	119295	0.999923	7.98102e-06	9.84326e-06	5.90596e-05 7.7e-05 9
rVSVOmicron	182	A	119581	0.999917	2.01144e-05	0	6.30613e-05 8.3e-05 10
rVSVOmicron	183	C	120211	5.14486e-05	0.000125174	0.999113	0.000710202 0.000887 107
rVSVOmicron	184	G	119614	0.000170428	9.91482e-06	1.98296e-05	0.9998 0.0002 24
rVSVOmicron	185	T	120259	1.97082e-05	0.999001	0.000979019	0 0.000999 120
rVSVOmicron	186	G	121627	9.65625e-05	6.06139e-05	1.94175e-05	0.999823 0.000177 22
rVSVOmicron	187	A	122045	0.999868	2.89859e-05	0	0.000103409 0.000132 16
rVSVOmicron	188	C	123143	1.92074e-05	0.000112649	0.999868	0 0.000132 16
rVSVOmicron	189	A	121470	0.999814	1.95955e-05	4.8724e-05	0.000117308 0.000186 23
rVSVOmicron	190	T	121409	9.73855e-06	0.999951	3.89542e-05	0 4.9e-05 6
rVSVOmicron	191	G	122564	7.99924e-05	7.23866e-05	0	0.999848 0.000152 19
rVSVOmicron	192	G	122154	0.00011407	2.18152e-05	0	0.999864 0.000136 17
rVSVOmicron	193	T	122426	9.9628e-06	0.999882	9.82817e-05	9.9628e-06 0.000118 14
rVSVOmicron	194	T	123032	1.18982e-05	0.999906	7.21651e-05	9.57028e-06 9.4e-05 12
rVSVOmicron	195	C	124057	5.97523e-05	0.000171756	0.999768	0 0.000232 29
rVSVOmicron	196	C	124572	5.70535e-05	0.000125672	0.999808	9.50891e-06 0.000192 24
rVSVOmicron	197	A	124583	0.999777	2.84291e-05	0	0.000194906 0.000223 28
rVSVOmicron	198	C	125427	9.41408e-06	0.000325931	0.996626	0.00303846 0.003374 423
rVSVOmicron	199	G	125553	0.00045559	1.88872e-05	3.31802e-06	0.999522 0.000478 60
rVSVOmicron	200	T	125817	0.00243906	0.997461	9.98266e-05	0 0.002539 319
rVSVOmicron	201	G	126654	9.75104e-05	6.02196e-05	0.00235436	0.997488 0.002512 318
rVSVOmicron	202	A	126230	0.999931	0	2.23361e-05	4.64289e-05 6.9e-05 9
rVSVOmicron	203	T	125361	1.27323e-05	0.997231	0.00274635	9.42188e-06 0.002769 347
rVSVOmicron	204	C	123567	2.12928e-05	0.000550792	0.999428	0 0.000572 71
rVSVOmicron	205	T	123779	1.89303e-05	0.999897	8.39072e-05	0 0.000103 13
rVSVOmicron	206	C	124520	0.000555156	0.000114544	0.999321	9.41805e-06 0.000679 85
rVSVOmicron	207	T	124901	0	0.999781	0.000219448	0 0.000219 27
rVSVOmicron	208	G	126558	7.71686e-05	2.55542e-05	4.90843e-05	0.999848 0.000152 19
rVSVOmicron	209	G	127050	0.000465438	4.90467e-05	0	0.999485 0.000515 65
rVSVOmicron	210	C	127770	6.06353e-05	0.000270738	0.999669	0 0.000331 42
rVSVOmicron	211	A	127807	0.999922	9.17941e-06	9.17941e-06	5.9294e-05 7.8e-05 10
rVSVOmicron	212	C	128654	4.57059e-05	0.000116118	0.999838	0 0.000162 21
rVSVOmicron	213	A	128706	0.999729	1.13612e-05	0.000157081	0.000102992 0.000271 35
rVSVOmicron	214	A	128668	0.999951	9.26702e-06	0	3.93222e-05 4.9e-05 6
rVSVOmicron	215	A	128770	0.999983	0	9.55957e-06	7.751e-06 1.7e-05 2
rVSVOmicron	216	C	128283	0	0.00102225	0.998978	0 0.001022 131
rVSVOmicron	217	G	128620	0.000194366	6.29494e-05	1.15365e-05	0.999731 0.000269 35
rVSVOmicron	218	G	128769	0.000555011	1.84754e-05	1.84754e-05	0.999408 0.000592 76
rVSVOmicron	219	C	129053	0.000157329	0.000327482	0.999515	0 0.000485 63
rVSVOmicron	220	A	129061	0.999936	0	9.09706e-06	5.45823e-05 6.4e-05 8
rVSVOmicron	221	C	129807	9.61053e-05	3.61923e-05	0.999859	9.04809e-06 0.000141 18
rVSVOmicron	222	A	129910	0.99993	2.04277e-05	1.87049e-05	3.05184e-05 7e-05 9
rVSVOmicron	223	A	130386	0.999866	1.84406e-05	2.09326e-05	9.44458e-05 0.000134 17
rVSVOmicron	224	A	130170	0.999747	0	7.62765e-05	0.000176811 0.000253 33
rVSVOmicron	225	G	130710	9.28325e-05	4.56756e-05	0	0.999861 0.000139 18
rVSVOmicron	226	C	131493	5.8045e-05	0.000364056	0.999569	8.98605e-06 0.000431 57
rVSVOmicron	227	G	132106	0.00013644	4.94383e-05	8.96674e-06	0.999805 0.000195 26
rVSVOmicron	228	G	132058	0.000132121	2.6909e-05	0	0.999841 0.000159 21
rVSVOmicron	229	T	131917	1.79148e-05	0.999884	9.58683e-05	2.42092e-06 0.000116 15
rVSVOmicron	230	T	131361	1.60058e-05	0.999964	2.01285e-05	0 3.6e-05 5
rVSVOmicron	231	C	132264	0.000183311	0.000335751	0.999472	8.85445e-06 0.000528 70
rVSVOmicron	232	G	132251	0.000324396	6.40603e-05	8.91065e-06	0.999603 0.000397 53
rVSVOmicron	233	A	132103	0.999837	3.16776e-05	0	0.000131236 0.000163 22
rVSVOmicron	234	C	132868	1.75827e-05	0.000252336	0.999725	5.2273e-06 0.000275 37
rVSVOmicron	235	A	133237	0.999883	0	4.65183e-05	7.09763e-05 0.000117 16
rVSVOmicron	236	A	132722	0.999892	0	2.52077e-05	8.28945e-05 0.000108 14
rVSVOmicron	237	C	132735	3.60256e-05	0.000133055	0.99982	1.10479e-05 0.00018 24
rVSVOmicron	238	C	134278	3.81813e-05	0.000114066	0.999848	0 0.000152 20
rVSVOmicron	239	C	134457	0.000138251	0.000147085	0.999715	0 0.000285 38
rVSVOmicron	240	C	133896	0.000120362	0.000202917	0.999607	6.98724e-05 0.000393 53
rVSVOmicron	241	G	133233	0.000296324	4.61742e-05	0	0.999658 0.000342 46
rVSVOmicron	242	T	133341	5.36197e-05	0.999872	6.56962e-05	8.93661e-06 0.000128 17
rVSVOmicron	243	G	134341	0.000454651	2.96512e-05	1.0825e-05	0.999505 0.000495 66
rVSVOmicron	244	C	133417	0.000170654	0.000165203	0.999647	1.75395e-05 0.000353 47
rVSVOmicron	245	T	133652	0.000702994	0.995413	0.000247385	0.00363667 0.004587 613
rVSVOmicron	246	C	134999	8.67342e-06	0.000125647	0.999117	0.000748258 0.000883 119
rVSVOmicron	247	C	135930	6.30787e-05	0.000132748	0.999787	1.74172e-05 0.000213 29
rVSVOmicron	248	C	135347	0.000140617	0.000300547	0.999541	1.74299e-05 0.000459 62
rVSVOmicron	249	T	135123	3.47568e-05	0.999722	0.000234373	8.6892e-06 0.000278 38
rVSVOmicron	250	T	135849	5.70572e-05	0.999772	0.000170696	0 0.000228 31
rVSVOmicron	251	T	136111	2.61801e-05	0.999883	8.27858e-05	7.54742e-06 0.000117 16
rVSVOmicron	252	C	136640	3.60583e-05	0.000130365	0.999814	1.91849e-05 0.000186 25
rVSVOmicron	253	A	136573	0.999502	7.77706e-05	3.01273e-05	0.000390254 0.000498 68
rVSVOmicron	254	A	136424	0.999926	8.74442e-06	0	6.5465e-05 7.4e-05 10
rVSVOmicron	255	C	136822	3.81204e-05	0.00086276	0.998998	0.000100812 0.001002 137
rVSVOmicron	256	G	136297	0.000165897	5.54542e-05	8.62104e-06	0.99977 0.00023 31
rVSVOmicron	257	A	134718	0.999844	1.73799e-05	2.46607e-05	0.000114144 0.000156 21
rVSVOmicron	258	C	134854	2.235e-05	0.000643728	0.999317	1.72282e-05 0.000683 92
rVSVOmicron	259	G	136455	7.25159e-05	4.88088e-05	1.92911e-05	0.999859 0.000141 19
rVSVOmicron	260	G	136438	0.000122676	2.57411e-05	1.20589e-05	0.99984 0.00016 22
rVSVOmicron	261	C	136755	7.13599e-05	0.000533357	0.999387	8.51715e-06 0.000613 84
rVSVOmicron	262	G	136973	0.000941084	4.54364e-05	1.69813e-05	0.998996 0.001004 138
rVSVOmicron	263	T	136834	3.87376e-05	0.999855	9.48485e-05	1.17387e-05 0.000145 20
rVSVOmicron	264	G	137571	0.000148422	2.74433e-05	3.56763e-05	0.999788 0.000212 29
rVSVOmicron	265	T	137400	1.13937e-05	0.999775	0.000136952	7.63378e-05 0.000225 31
rVSVOmicron	266	A	137894	0.999792	4.48544e-05	6.52007e-05	9.82634e-05 0.000208 29
rVSVOmicron	267	C	138255	7.13838e-05	0.000134785	0.999794	0 0.000206 28
rVSVOmicron	268	T	138126	2.44596e-05	0.9998	0.000167219	8.70196e-06 0.0002 28
rVSVOmicron	269	T	134671	2.603e-05	0.999868	0.000106231	0 0.000132 18
rVSVOmicron	270	C	135129	2.56615e-05	9.06242e-05	0.999884	0 0.000116 16
rVSVOmicron	271	G	135520	0.000285544	5.96243e-05	8.61757e-06	0.999646 0.000354 48
rVSVOmicron	272	C	135813	3.77572e-05	0.000188786	0.999746	2.77967e-05 0.000254 34
rVSVOmicron	273	C	136475	4.46383e-05	0.000209846	0.99971	3.58947e-05 0.00029 40
rVSVOmicron	274	A	135959	0.999671	7.41372e-05	1.48274e-05	0.000240019 0.000329 45
rVSVOmicron	275	G	136436	0.000249495	1.69849e-05	1.62964e-05	0.999717 0.000283 39
rVSVOmicron	276	C	137347	6.76586e-05	0.000141489	0.999782	8.45733e-06 0.000218 30
rVSVOmicron	277	A	136951	0.999907	3.38508e-05	1.50956e-05	4.41433e-05 9.3e-05 13
rVSVOmicron	278	T	137473	1.68674e-05	0.999928	4.62713e-05	8.43369e-06 7.2e-05 10
rVSVOmicron	279	A	136894	0.999772	1.06194e-05	0	0.000217236 0.000228 31
rVSVOmicron	280	G	137468	0.000566766	5.98664e-05	3.42094e-05	0.999339 0.000661 91
rVSVOmicron	281	A	137468	0.999903	2.18394e-05	4.54987e-06	7.09779e-05 9.7e-05 13
rVSVOmicron	282	G	138285	6.95735e-05	3.37602e-05	2.73732e-05	0.999869 0.000131 18
rVSVOmicron	283	A	139153	0.999875	3.53267e-05	2.27914e-06	8.7519e-05 0.000125 17
rVSVOmicron	284	A	138699	0.999845	2.59034e-05	7.02427e-05	5.90412e-05 0.000155 21
rVSVOmicron	285	G	139217	0.000281699	6.52855e-05	0	0.999653 0.000347 48
rVSVOmicron	286	T	139674	0	0.999926	6.89025e-05	5.21302e-06 7.4e-05 10
rVSVOmicron	287	C	139637	2.85767e-05	0.000117907	0.999826	2.74517e-05 0.000174 24
rVSVOmicron	288	T	139948	0	0.999707	0.000268158	2.45607e-05 0.000293 41
rVSVOmicron	289	A	140990	0.999689	1.29353e-05	0.000121101	0.000177302 0.000311 44
rVSVOmicron	290	A	141426	0.999869	1.66062e-05	1.66062e-05	9.73933e-05 0.000131 19
rVSVOmicron	291	C	142185	3.93851e-05	5.73075e-05	0.999903	0 9.7e-05 14
rVSVOmicron	292	A	140656	0.999938	0	0	6.22104e-05 6.2e-05 9
rVSVOmicron	293	T	141088	8.42981e-06	0.999956	3.57697e-05	0 4.4e-05 6
rVSVOmicron	294	T	141414	0	0.999942	4.17697e-05	1.67079e-05 5.8e-05 8
rVSVOmicron	295	A	141746	0.999712	8.41138e-06	0.000111394	0.000168228 0.000288 41
rVSVOmicron	296	T	142115	0	0.999939	3.30568e-05	2.74729e-05 6.1e-05 9
rVSVOmicron	297	C	142210	1.63246e-05	8.36083e-05	0.999884	1.63246e-05 0.000116 16
rVSVOmicron	298	C	142607	5.95698e-05	0.000130655	0.999802	8.19362e-06 0.000198 28
rVSVOmicron	299	G	143303	0.000234083	6.68809e-05	3.25604e-05	0.999666 0.000334 48
rVSVOmicron	300	G	143735	8.37293e-05	4.28588e-05	1.63482e-05	0.999857 0.000143 21
rVSVOmicron	301	G	143093	0.000118157	3.4739e-05	8.18689e-06	0.999839 0.000161 23
rVSVOmicron	302	G	142931	0.000194362	4.27025e-05	0	0.999763 0.000237 34
rVSVOmicron	303	C	141874	6.07252e-05	0.000235534	0.999678	2.52278e-05 0.000322 46
rVSVOmicron	304	T	142160	1.63648e-05	0.999702	0.000241049	4.02485e-05 0.000298 42
rVSVOmicron	305	G	143911	0.000364688	3.03906e-05	8.03181e-06	0.999597 0.000403 58
rVSVOmicron	306	G	144441	0.000108239	3.22322e-05	0.00025372	0.999606 0.000394 57
rVSVOmicron	307	A	144201	0.999919	2.37804e-05	0	5.77214e-05 8.1e-05 12
rVSVOmicron	308	T	144408	8.11905e-06	0.999903	6.07832e-05	2.80875e-05 9.7e-05 14
rVSVOmicron	309	T	144203	1.6241e-05	0.999945	2.26057e-05	1.6241e-05 5.5e-05 8
rVSVOmicron	310	T	144547	8.06368e-06	0.999875	0.000100687	1.61274e-05 0.000125 18
rVSVOmicron	311	T	144719	2.81344e-06	0.99994	4.93434e-05	8.00749e-06 6e-05 9
rVSVOmicron	312	C	145261	5.25493e-05	0.000455427	0.999468	2.37113e-05 0.000532 77
rVSVOmicron	313	G	144537	0.00020032	6.42414e-05	2.79971e-05	0.999707 0.000293 42
rVSVOmicron	314	G	143949	0.000292091	1.61424e-05	2.61769e-05	0.999666 0.000334 48
rVSVOmicron	315	C	144499	4.02921e-05	0.000260714	0.999699	0 0.000301 43
rVSVOmicron	316	A	144107	0.999849	7.9359e-06	1.58718e-05	0.000127403 0.000151 22
rVSVOmicron	317	C	144798	3.17031e-05	0.000103035	0.999865	0 0.000135 20
rVSVOmicron	318	C	145171	0.000113662	0.000115384	0.999754	1.74367e-05 0.000246 36
rVSVOmicron	319	A	144956	0.996786	4.88044e-05	0.00184992	0.00131497 0.003214 466
rVSVOmicron	320	C	145745	0.00194029	0.000135167	0.996552	0.00137246 0.003448 503
rVSVOmicron	321	A	144912	0.99665	0	0.00324098	0.000109305 0.00335 485
rVSVOmicron	322	C	143797	2.37426e-05	3.35819e-05	0.999943	0 5.7e-05 8
rVSVOmicron	323	T	143872	0.0039942	0.995928	7.77881e-05	0 0.004072 586
rVSVOmicron	324	C	144956	5.51625e-05	0.0044869	0.995442	1.57607e-05 0.004558 661
rVSVOmicron	325	G	144770	0.000153456	1.58822e-05	2.38232e-05	0.999807 0.000193 28
rVSVOmicron	326	A	143851	0.999893	0	1.58436e-05	9.07798e-05 0.000107 15
rVSVOmicron	327	C	143359	8.20146e-05	7.63882e-05	0.999842	0 0.000158 23
rVSVOmicron	328	T	143455	2.59025e-05	0.99986	0.000114187	0 0.00014 20
rVSVOmicron	329	C	143308	4.72356e-05	5.56092e-05	0.999897	0 0.000103 15
rVSVOmicron	330	T	143809	8.01583e-06	0.999842	0.000142119	8.01583e-06 0.000158 23
rVSVOmicron	331	A	144796	0.999896	8.00512e-06	2.0121e-05	7.59404e-05 0.000104 15
rVSVOmicron	332	A	143605	0.999113	0.000747519	2.38314e-05	0.000115222 0.000887 127
rVSVOmicron	333	G	144092	2.42137e-05	3.62115e-05	2.29049e-05	0.999917 8.3e-05 12
rVSVOmicron	334	A	144457	0.999938	2.36957e-05	0	3.79985e-05 6.2e-05 9
rVSVOmicron	335	C	144841	6.49445e-05	7.2823e-05	0.999846	1.5757e-05 0.000154 22
rVSVOmicron	336	A	144313	0.999857	0	2.25275e-05	0.000120652 0.000143 21
rVSVOmicron	337	C	144965	1.57116e-05	0.000221237	0.999763	0 0.000237 34
rVSVOmicron	338	A	144485	0.999542	4.76315e-05	0.000101056	0.00030939 0.000458 66
rVSVOmicron	339	G	145278	9.20539e-05	1.60282e-05	1.60282e-05	0.999876 0.000124 18
rVSVOmicron	340	T	145509	0	0.999909	8.26648e-05	7.88299e-06 9.1e-05 13
rVSVOmicron	341	C	146279	3.76012e-05	0.000129374	0.999833	0 0.000167 24
rVSVOmicron	342	C	146591	7.67051e-05	0.000268037	0.999639	1.59443e-05 0.000361 53
rVSVOmicron	343	C	146320	0.000115555	0.000185312	0.999689	9.75327e-06 0.000311 46
rVSVOmicron	344	T	146164	2.33465e-05	0.999864	0.000112736	0 0.000136 20
rVSVOmicron	345	C	147446	3.11692e-05	7.7923e-05	0.999858	3.26434e-05 0.000142 21
rVSVOmicron	346	C	147260	0.000112668	6.99971e-05	0.99979	2.7116e-05 0.00021 31
rVSVOmicron	347	T	147132	7.80751e-06	0.999848	0.000144333	0 0.000152 22
rVSVOmicron	348	G	148238	3.2598e-05	7.12559e-05	0	0.999896 0.000104 15
rVSVOmicron	349	A	143841	0.999942	1.45287e-05	0	4.33723e-05 5.8e-05 8
rVSVOmicron	350	T	143985	0	0.99992	4.89817e-05	3.06687e-05 8e-05 12
rVSVOmicron	351	T	143747	2.38554e-05	0.999876	7.86584e-05	2.10615e-05 0.000124 18
rVSVOmicron	352	G	141402	0.000210907	3.24135e-05	0	0.999757 0.000243 34
rVSVOmicron	353	T	140889	8.06951e-06	0.999931	5.32152e-05	8.06951e-06 6.9e-05 10
rVSVOmicron	354	G	141077	0.00066905	6.4867e-05	0	0.999266 0.000734 104
rVSVOmicron	355	A	140731	0.999867	2.45831e-05	2.45831e-05	8.3937e-05 0.000133 19
rVSVOmicron	356	A	140445	0.999908	8.17525e-06	1.63505e-05	6.78324e-05 9.2e-05 13
rVSVOmicron	357	C	140607	4.27039e-05	0.000110062	0.999847	0 0.000153 22
rVSVOmicron	358	A	142550	0.999918	1.61163e-05	0	6.62077e-05 8.2e-05 12
rVSVOmicron	359	A	142803	0.999814	2.61753e-05	3.45338e-05	0.000125157 0.000186 27
rVSVOmicron	360	C	143183	3.99959e-05	0.000445576	0.999506	7.99918e-06 0.000494 71
rVSVOmicron	361	G	143567	0.000600625	5.01247e-05	0	0.999349 0.000651 93
rVSVOmicron	362	C	143135	8.27814e-05	6.80067e-05	0.999846	3.25911e-06 0.000154 22
rVSVOmicron	363	C	143545	2.38955e-05	7.53463e-05	0.999901	0 9.9e-05 14
rVSVOmicron	364	A	143302	0.999933	1.84338e-05	8.02411e-06	4.0988e-05 6.7e-05 10
rVSVOmicron	365	C	144071	4.91671e-05	9.36313e-05	0.999857	0 0.000143 21
rVSVOmicron	366	A	144237	0.999791	8.00603e-06	4.00302e-05	0.00016077 0.000209 30
rVSVOmicron	367	A	144598	0.999865	8.24042e-06	4.27611e-05	8.44086e-05 0.000135 20
rVSVOmicron	368	A	142802	0.999966	1.68657e-05	0	1.68657e-05 3.4e-05 5
rVSVOmicron	369	C	143678	2.41517e-05	0.000243475	0.999705	2.69803e-05 0.000295 42
rVSVOmicron	370	G	143051	0.000155755	3.46365e-05	8.06006e-06	0.999802 0.000198 28
rVSVOmicron	371	T	142596	2.50207e-05	0.999837	0.000102112	3.62913e-05 0.000163 23
rVSVOmicron	372	G	142882	6.66114e-05	5.76571e-05	3.23229e-05	0.999843 0.000157 22
rVSVOmicron	373	G	141728	7.66589e-05	3.21967e-05	8.10394e-06	0.999883 0.000117 17
rVSVOmicron	374	T	141640	0.00472731	0.99524	2.45374e-05	8.17912e-06 0.00476 674
rVSVOmicron	375	G	142873	8.83088e-05	7.59412e-06	0.00468058	0.995224 0.004776 682
rVSVOmicron	376	A	142674	0.999956	0	8.05487e-06	3.59204e-05 4.4e-05 6
rVSVOmicron	377	T	142914	8.27205e-06	0.999914	6.08108e-05	1.65441e-05 8.6e-05 12
rVSVOmicron	378	T	143546	3.9859e-05	0.999807	0.000129704	2.39154e-05 0.000193 28
rVSVOmicron	379	A	144999	0.999614	1.51024e-05	0	0.000371088 0.000386 56
rVSVOmicron	380	A	145665	0.999568	0.000116426	8.31006e-05	0.000232212 0.000432 63
rVSVOmicron	381	G	147280	0.00019202	9.82429e-05	7.86793e-06	0.999702 0.000298 44
rVSVOmicron	382	G	142594	6.91292e-05	2.45155e-05	0	0.999906 9.4e-05 13
rVSVOmicron	383	T	142592	8.07044e-06	0.999933	5.84561e-05	0 6.7e-05 10
rVSVOmicron	384	G	143709	0.00668088	0.000113977	0	0.993205 0.006795 977
rVSVOmicron	385	T	144037	9.91694e-06	0.999937	4.46262e-05	7.97667e-06 6.3e-05 9
rVSVOmicron	386	G	144105	0.00013368	4.98869e-05	0	0.999816 0.000184 27
rVSVOmicron	387	C	144595	5.12078e-05	0.000655937	0.999285	8.02834e-06 0.000715 103
rVSVOmicron	388	G	145254	8.73302e-05	6.5444e-05	7.9391e-06	0.999839 0.000161 23
rVSVOmicron	389	A	144619	0.999603	3.1566e-05	0	0.000365782 0.000397 57
rVSVOmicron	390	G	145167	0.00017795	2.05822e-05	3.36604e-05	0.999768 0.000232 34
rVSVOmicron	391	T	145470	6.22848e-05	0.999849	5.4227e-05	3.46269e-05 0.000151 22
rVSVOmicron	392	T	145796	7.86249e-06	0.999772	0.000176162	4.39875e-05 0.000228 33
rVSVOmicron	393	C	145474	6.90334e-05	0.000188648	0.999716	2.60503e-05 0.000284 41
rVSVOmicron	394	C	145888	9.52275e-05	0.000312613	0.99956	3.18861e-05 0.00044 64
rVSVOmicron	395	A	145463	0.99954	3.35143e-05	2.83911e-05	0.000397903 0.00046 67
rVSVOmicron	396	G	146382	0.000232156	1.66895e-05	0	0.999751 0.000249 36
rVSVOmicron	397	T	146913	7.21915e-05	0.99988	4.01064e-05	8.02128e-06 0.00012 18
rVSVOmicron	398	T	147265	7.90402e-06	0.9994	0.00059216	0 0.0006 88
rVSVOmicron	399	C	146280	5.60476e-05	7.31613e-05	0.999827	4.34262e-05 0.000173 25
rVSVOmicron	400	T	146647	1.24864e-05	0.999855	0.00013206	0 0.000145 21
rVSVOmicron	401	G	148111	0.00026603	5.30369e-05	7.81818e-06	0.999673 0.000327 48
rVSVOmicron	402	C	148255	2.91473e-05	0.000216071	0.999755	0 0.000245 36
rVSVOmicron	403	A	147986	0.999819	2.38101e-05	0	0.0001574 0.000181 27
rVSVOmicron	404	A	148361	0.999885	0	0	0.00011474 0.000115 17
rVSVOmicron	405	C	149210	1.7383e-05	0.000234357	0.999731	1.71736e-05 0.000269 40
rVSVOmicron	406	G	149514	0.000321308	6.39262e-05	7.75498e-06	0.999607 0.000393 59
rVSVOmicron	407	A	149221	0.999909	1.55109e-05	7.75546e-06	6.7703e-05 9.1e-05 14
rVSVOmicron	408	C	149891	2.96003e-05	4.66048e-05	0.999219	0.00070474 0.000781 117
rVSVOmicron	409	C	151426	8.56857e-05	7.53697e-05	0.999839	0 0.000161 24
rVSVOmicron	410	C	150362	0.000190418	0.00010337	0.999698	7.74226e-06 0.000302 45
rVSVOmicron	411	T	150210	2.84937e-05	0.999743	0.000182445	4.59301e-05 0.000257 39
rVSVOmicron	412	T	151201	8.0799e-06	0.999852	8.23276e-05	5.80879e-05 0.000148 22
rVSVOmicron	413	T	151373	1.24404e-05	0.999898	8.99854e-05	0 0.000102 15
rVSVOmicron	414	C	152661	4.01809e-05	0.000108944	0.999851	0 0.000149 23
rVSVOmicron	415	C	151290	5.28234e-05	0.000119165	0.99982	7.69475e-06 0.00018 27
rVSVOmicron	416	T	151409	3.26515e-05	0.999637	0.00030705	2.32328e-05 0.000363 55
rVSVOmicron	417	G	153583	7.84648e-05	7.14258e-05	4.30625e-05	0.999807 0.000193 30
rVSVOmicron	418	G	154173	9.88091e-05	6.70344e-05	1.51699e-05	0.999819 0.000181 28
rVSVOmicron	419	A	153917	0.999925	7.46967e-06	0	6.76308e-05 7.5e-05 12
rVSVOmicron	420	T	154124	1.49968e-05	0.999898	7.90372e-05	7.4984e-06 0.000102 16
rVSVOmicron	421	C	155108	3.16735e-05	0.000188023	0.99978	0 0.00022 34
rVSVOmicron	422	A	154874	0.999831	8.09893e-05	7.41733e-06	8.01874e-05 0.000169 26
rVSVOmicron	423	C	155073	3.61272e-05	4.66222e-05	0.999895	2.24029e-05 0.000105 16
rVSVOmicron	424	A	154885	0.999709	2.94463e-05	0	0.000261768 0.000291 45
rVSVOmicron	425	A	154244	0.999829	7.51665e-06	3.00666e-05	0.000133268 0.000171 26
rVSVOmicron	426	G	154161	0.000233031	8.1018e-05	9.60523e-06	0.999676 0.000324 50
rVSVOmicron	427	A	155041	0.999955	1.5098e-05	0	3.01959e-05 4.5e-05 7
rVSVOmicron	428	A	155289	0.999907	7.48271e-06	1.49654e-05	7.03779e-05 9.3e-05 14
rVSVOmicron	429	C	155226	2.62089e-05	9.19329e-05	0.999867	1.49189e-05 0.000133 21
rVSVOmicron	430	A	155025	0.999923	3.16927e-05	2.2407e-05	2.2407e-05 7.7e-05 12
rVSVOmicron	431	A	155243	0.999892	7.56521e-06	7.56521e-06	9.26227e-05 0.000108 17
rVSVOmicron	432	C	156113	2.23155e-05	5.38788e-05	0.999916	7.43849e-06 8.4e-05 13
rVSVOmicron	433	A	155994	0.99968	5.14977e-06	0.000171384	0.000143576 0.00032 50
rVSVOmicron	434	A	155282	0.999035	1.54358e-05	4.56818e-05	0.000904249 0.000965 150
rVSVOmicron	435	G	156228	4.82239e-05	4.04997e-05	1.54483e-05	0.999896 0.000104 16
rVSVOmicron	436	T	156413	0	0.999962	3.78648e-05	0 3.8e-05 6
rVSVOmicron	437	C	156239	8.00871e-05	3.19129e-05	0.999888	0 0.000112 17
rVSVOmicron	438	T	155939	7.56002e-06	0.999923	5.4759e-05	1.512e-05 7.7e-05 12
rVSVOmicron	439	T	157102	9.23598e-06	0.999878	0.00011304	0 0.000122 19
rVSVOmicron	440	G	157905	0.00014941	9.64064e-05	1.4801e-05	0.999739 0.000261 41
rVSVOmicron	441	G	158246	8.2622e-05	7.92456e-05	0	0.999838 0.000162 26
rVSVOmicron	442	A	158016	0.999668	7.28743e-06	0	0.000324389 0.000332 52
rVSVOmicron	443	T	157332	0	0.999971	2.38742e-05	5.17274e-06 2.9e-05 5
rVSVOmicron	444	G	158104	0.00019013	8.15127e-05	3.86637e-05	0.99969 0.00031 49
rVSVOmicron	445	G	157715	8.45716e-05	2.94508e-05	7.3627e-06	0.999879 0.000121 19
rVSVOmicron	446	A	157048	0.999759	2.93986e-05	0	0.000211709 0.000241 38
rVSVOmicron	447	G	157848	6.0298e-05	9.95114e-05	3.64547e-05	0.999804 0.000196 31
rVSVOmicron	448	T	157909	2.66906e-05	0.999566	0.00040036	7.3698e-06 0.000434 69
rVSVOmicron	449	C	155734	8.07769e-05	0.000132089	0.999757	2.96649e-05 0.000243 38
rVSVOmicron	450	T	155782	2.92039e-05	0.999259	0.000686986	2.46346e-05 0.000741 115
rVSVOmicron	451	G	157518	0.000133346	6.08453e-05	5.92649e-05	0.999747 0.000253 40
rVSVOmicron	452	A	156764	0.999717	5.3249e-05	7.35154e-06	0.000221937 0.000283 44
rVSVOmicron	453	G	157320	8.40564e-05	4.8456e-05	7.31785e-06	0.99986 0.00014 22
rVSVOmicron	454	T	157554	0.000112736	0.999811	7.58913e-05	0 0.000189 30
rVSVOmicron	455	T	157667	1.47447e-05	0.999881	0.000104209	0 0.000119 19
rVSVOmicron	456	C	158391	5.43136e-05	6.90728e-05	0.999847	2.91247e-05 0.000153 24
rVSVOmicron	457	A	157591	0.999736	3.09719e-05	0	0.000233374 0.000264 42
rVSVOmicron	458	G	158293	5.10598e-05	8.3194e-05	1.45885e-05	0.999851 0.000149 24
rVSVOmicron	459	A	158269	0.999866	7.33514e-06	0	0.00012668 0.000134 21
rVSVOmicron	460	G	158755	0.00425528	1.63354e-05	7.28206e-06	0.995721 0.004279 679
rVSVOmicron	461	T	159162	3.06963e-05	0.995653	1.44683e-05	0.00430158 0.004347 692
rVSVOmicron	462	G	159003	0.000563473	2.17701e-05	0	0.999415 0.000585 93
rVSVOmicron	463	T	156458	0	0.999911	7.38417e-05	1.46889e-05 8.9e-05 14
rVSVOmicron	464	A	156325	0.999838	1.1733e-05	0	0.000150341 0.000162 25
rVSVOmicron	465	C	156146	4.44927e-05	0.000140894	0.999778	3.70772e-05 0.000222 35
rVSVOmicron	466	T	152024	0	0.999896	0.000104196	0 0.000104 16
rVSVOmicron	467	C	152196	5.46855e-05	8.75377e-05	0.999828	3.01995e-05 0.000172 26
rVSVOmicron	468	T	152111	0	0.999837	0.000105527	5.73155e-05 0.000163 25
rVSVOmicron	469	A	152894	0.999816	0	3.05679e-05	0.000153459 0.000184 28
rVSVOmicron	470	G	153229	0.000264774	0.000116217	0	0.999619 0.000381 58
rVSVOmicron	471	C	151962	7.01941e-05	0.00023866	0.999671	1.98195e-05 0.000329 50
rVSVOmicron	472	G	152115	0.000584072	6.28145e-05	1.70938e-05	0.999336 0.000664 101
rVSVOmicron	473	C	152359	7.64179e-05	0.000124127	0.999799	0 0.000201 31
rVSVOmicron	474	C	152845	8.66799e-05	9.89171e-05	0.999792	2.26388e-05 0.000208 32
rVSVOmicron	475	A	152511	0.998803	0.00114028	0	5.64618e-05 0.001197 183
rVSVOmicron	476	A	152033	0.999965	1.22913e-05	1.51592e-05	7.57962e-06 3.5e-05 5
rVSVOmicron	477	C	152714	4.27328e-05	4.57851e-05	0.999904	7.52911e-06 9.6e-05 15
rVSVOmicron	478	A	152592	0.999941	0	7.59549e-06	5.09103e-05 5.9e-05 9
rVSVOmicron	479	A	152755	0.999884	0	5.40137e-05	6.17299e-05 0.000116 18
rVSVOmicron	480	C	151171	3.8377e-05	0.000136474	0.999825	0 0.000175 26
rVSVOmicron	481	T	151775	7.71975e-06	0.999689	0.000286257	1.73173e-05 0.000311 47
rVSVOmicron	482	G	153739	0.000588734	7.30292e-05	3.19119e-05	0.999306 0.000694 107
rVSVOmicron	483	C	156259	5.13078e-05	0.00018077	0.999734	3.42052e-05 0.000266 42
rVSVOmicron	484	A	158191	0.999916	1.15797e-05	7.26185e-06	6.53567e-05 8.4e-05 13
rVSVOmicron	485	C	160602	3.59292e-05	7.36063e-05	0.999876	1.43717e-05 0.000124 20
rVSVOmicron	486	C	152786	7.9087e-05	0.000198433	0.999722	0 0.000278 42
rVSVOmicron	487	T	152872	6.29677e-05	0.999712	0.000188903	3.59226e-05 0.000288 44
rVSVOmicron	488	T	153025	0	0.99987	0.000115005	1.50893e-05 0.00013 20
rVSVOmicron	489	C	152906	3.94813e-05	0.000431648	0.999529	0 0.000471 72
rVSVOmicron	490	G	152886	0.000110702	6.9596e-05	1.87217e-05	0.999801 0.000199 30
rVSVOmicron	491	A	151269	0.999862	6.04117e-05	0	7.73515e-05 0.000138 21
rVSVOmicron	492	G	152199	7.67363e-05	1.40271e-05	0	0.999909 9.1e-05 14
rVSVOmicron	493	T	152440	6.15728e-06	0.999848	0.000140181	5.54155e-06 0.000152 23
rVSVOmicron	494	A	152590	0.999906	6.08127e-06	0	8.7773e-05 9.4e-05 14
rVSVOmicron	495	C	151115	5.52766e-05	0.000423444	0.999498	2.28944e-05 0.000502 76
rVSVOmicron	496	G	150789	0.00037164	9.52818e-05	1.27867e-05	0.99952 0.00048 72
rVSVOmicron	497	T	150718	2.30078e-05	0.999827	0.000111101	3.87609e-05 0.000173 26
rVSVOmicron	498	G	150941	7.93844e-05	5.51166e-05	1.52188e-05	0.99985 0.00015 23
rVSVOmicron	499	T	150806	0.000121095	0.999748	8.50941e-05	4.54108e-05 0.000252 38
rVSVOmicron	500	C	150765	2.30091e-05	7.15147e-05	0.999905	0 9.5e-05 14
rVSVOmicron	501	C	151399	8.06648e-05	0.000131237	0.99977	1.85989e-05 0.00023 35
rVSVOmicron	502	C	151934	9.88388e-05	0.000121442	0.99978	0 0.00022 33
rVSVOmicron	503	A	151776	0.999593	6.91575e-05	0.000157083	0.00018034 0.000407 62
rVSVOmicron	504	G	152527	9.88697e-05	2.28161e-05	4.50155e-05	0.999833 0.000167 25
rVSVOmicron	505	C	153275	6.11551e-05	0.00015022	0.999772	1.70331e-05 0.000228 35
rVSVOmicron	506	C	150673	0.000151272	6.14219e-05	0.999778	9.5453e-06 0.000222 33
rVSVOmicron	507	T	150662	0.000210709	0.999559	0.000173315	5.69314e-05 0.000441 66
rVSVOmicron	508	T	151336	3.68751e-05	0.999865	4.98373e-05	4.87198e-05 0.000135 20
rVSVOmicron	509	T	150963	1.71155e-05	0.999884	9.15574e-05	7.62978e-06 0.000116 18
rVSVOmicron	510	C	151620	7.98419e-05	0.00017892	0.999726	1.53065e-05 0.000274 42
rVSVOmicron	511	C	148259	9.39186e-05	0.000202433	0.999688	1.56531e-05 0.000312 46
rVSVOmicron	512	T	148266	1.55798e-05	0.999683	0.000301279	0 0.000317 47
rVSVOmicron	513	C	149642	9.96832e-05	7.08166e-05	0.999783	4.61035e-05 0.000217 32
rVSVOmicron	514	A	150057	0.999594	6.59706e-05	5.53372e-05	0.000285149 0.000406 61
rVSVOmicron	515	T	152024	7.67666e-06	0.999774	0.00018009	3.79683e-05 0.000226 34
rVSVOmicron	516	G	154610	0.000366467	0.000874183	3.0385e-05	0.998729 0.001271 197
rVSVOmicron	517	G	156499	0.000138865	9.37688e-05	1.4701e-05	0.999753 0.000247 39
rVSVOmicron	518	A	158414	0.998873	1.43979e-05	0	0.00111233 0.001127 179
rVSVOmicron	519	C	160851	4.29866e-05	0.00011411	0.999821	2.16887e-05 0.000179 29
rVSVOmicron	520	C	130858	2.66063e-05	0.00011074	0.999863	0 0.000137 18
rVSVOmicron	521	T	130826	3.53434e-05	0.999077	0.000459225	0.000428897 0.000923 121
rVSVOmicron	522	G	130024	0.000153907	4.44193e-05	4.65802e-05	0.999755 0.000245 32
rVSVOmicron	523	G	130798	6.46171e-05	2.63695e-05	4.60872e-05	0.999863 0.000137 18
rVSVOmicron	524	A	130492	0.999509	4.41863e-05	3.53491e-05	0.000411291 0.000491 64
rVSVOmicron	525	G	126861	0.000202022	0.000100026	9.11563e-06	0.999689 0.000311 39
rVSVOmicron	526	G	127067	0.000119068	5.69348e-05	9.15908e-06	0.999815 0.000185 24
rVSVOmicron	527	G	126649	0.000193418	5.4769e-05	2.73845e-05	0.999724 0.000276 35
rVSVOmicron	528	C	126773	9.25424e-05	0.00022635	0.999664	1.73364e-05 0.000336 43
rVSVOmicron	529	A	126670	0.999869	2.03797e-05	0	0.000110492 0.000131 17
rVSVOmicron	530	A	126299	0.998491	5.85317e-05	0.000107308	0.00134333 0.001509 191
rVSVOmicron	531	G	125561	0.000226751	8.47527e-05	0	0.999689 0.000311 39
rVSVOmicron	532	C	126133	4.47144e-05	0.000313001	0.999615	2.72709e-05 0.000385 49
rVSVOmicron	533	A	125662	0.999664	2.77138e-05	5.54276e-05	0.00025292 0.000336 42
rVSVOmicron	534	G	123019	0.000166923	5.69981e-05	1.88297e-05	0.999757 0.000243 30
