rVSVOmicron	7	G	9600	0.00025216	0	0	0.999748 0.000252 2
rVSVOmicron	8	T	10258	0	0.999785	0.000215059	0 0.000215 2
rVSVOmicron	9	G	11088	0	9.05152e-05	0	0.999909 9.1e-05 1
rVSVOmicron	10	T	11573	0	0.999786	0.000214101	0 0.000214 2
rVSVOmicron	13	C	13639	8.59314e-05	0.00208326	0.997831	0 0.002169 30
rVSVOmicron	14	T	14221	0	0.999639	0.000361336	0 0.000361 5
rVSVOmicron	15	C	15190	0	6.42064e-05	0.999936	0 6.4e-05 1
rVSVOmicron	16	G	16222	0.00547773	0.000143742	7.18709e-05	0.994307 0.005693 92
rVSVOmicron	17	T	16968	0	0.999863	0.000136544	0 0.000137 2
rVSVOmicron	18	G	18011	0.000219491	6.44536e-05	0	0.999716 0.000284 5
rVSVOmicron	19	C	18671	0.000135227	6.17703e-05	0.998806	0.000996673 0.001194 22
rVSVOmicron	20	T	19444	0.000951332	0.998977	7.17085e-05	0 0.001023 20
rVSVOmicron	21	C	20568	0	0.000125837	0.999818	5.60962e-05 0.000182 4
rVSVOmicron	22	C	21259	5.41633e-05	0	0.999946	0 5.4e-05 1
rVSVOmicron	23	T	22007	9.44117e-05	0.998928	0.000934253	4.3683e-05 0.001072 24
rVSVOmicron	24	G	23168	0.000207114	0	4.97611e-05	0.999743 0.000257 6
rVSVOmicron	25	C	23960	9.90591e-05	5.86534e-05	0.999842	0 0.000158 4
rVSVOmicron	26	C	24727	8.44925e-05	0.000228256	0.999687	0 0.000313 8
rVSVOmicron	27	T	25448	0	0.999784	0.000216195	0 0.000216 5
rVSVOmicron	29	T	26720	0.00371535	0.995937	8.61058e-05	0.000261808 0.004063 109
rVSVOmicron	30	G	28609	0.000160922	0	4.02304e-05	0.999799 0.000201 6
rVSVOmicron	31	G	28216	9.84384e-05	3.98178e-05	4.09238e-05	0.999821 0.000179 5
rVSVOmicron	33	G	29855	3.85357e-05	0	3.85357e-05	0.999923 7.7e-05 2
rVSVOmicron	34	T	30487	0	0.99988	0.000119665	0 0.00012 4
rVSVOmicron	35	C	31123	3.67165e-05	8.13717e-05	0.999845	3.67165e-05 0.000155 5
rVSVOmicron	36	T	31884	0	0.999784	0.000216443	0 0.000216 7
rVSVOmicron	37	A	33234	0.999862	0	0	0.000138041 0.000138 5
rVSVOmicron	38	G	33960	0.000114497	7.0023e-05	0	0.999815 0.000185 6
rVSVOmicron	39	C	34807	0	0.000248369	0.999752	0 0.000248 9
rVSVOmicron	40	C	35745	0	0.000134791	0.999833	3.2176e-05 0.000167 6
rVSVOmicron	41	A	36731	0.999898	3.81671e-05	0	6.41901e-05 0.000102 4
rVSVOmicron	42	G	37597	3.06758e-05	3.06758e-05	0	0.999939 6.1e-05 2
rVSVOmicron	43	T	38302	0	0.999976	2.45194e-05	0 2.4e-05 1
rVSVOmicron	44	G	39050	2.96344e-05	5.92687e-05	0	0.999911 8.9e-05 3
rVSVOmicron	45	C	39946	2.8985e-05	0.000629837	0.999312	2.8985e-05 0.000688 27
rVSVOmicron	46	G	41750	0.000397996	4.8536e-05	0	0.999553 0.000447 19
rVSVOmicron	47	T	43190	2.69192e-05	0.999758	0.000215354	0 0.000242 10
rVSVOmicron	48	G	45600	2.7951e-05	0.00015748	0	0.999815 0.000185 8
rVSVOmicron	49	A	47490	0.999801	2.43106e-05	0	0.000174774 0.000199 9
rVSVOmicron	50	A	49541	0.999807	2.41621e-05	7.24863e-05	9.66484e-05 0.000193 10
rVSVOmicron	51	C	51151	2.24813e-05	0.000139141	0.999816	2.24813e-05 0.000184 9
rVSVOmicron	52	C	40065	0	0.000342398	0.999658	0 0.000342 14
rVSVOmicron	53	T	40386	2.40398e-05	0.999394	0.000552916	2.86927e-05 0.000606 24
rVSVOmicron	54	G	41724	0.000247188	2.79693e-05	6.123e-05	0.999664 0.000336 14
rVSVOmicron	55	A	42548	0.999918	0	0	8.23734e-05 8.2e-05 3
rVSVOmicron	56	C	43357	5.38677e-05	2.69339e-05	0.999892	2.69339e-05 0.000108 5
rVSVOmicron	57	C	44354	0	0.00010554	0.999894	0 0.000106 5
rVSVOmicron	59	C	46195	0	0.000132365	0.999868	0 0.000132 6
rVSVOmicron	60	A	47072	0.999702	0	0	0.000298399 0.000298 14
rVSVOmicron	61	C	47878	0	0.000700563	0.999299	0 0.000701 34
rVSVOmicron	62	G	48887	0.000167402	9.6403e-05	0	0.999736 0.000264 13
rVSVOmicron	63	G	49785	9.45151e-05	2.36288e-05	0	0.999882 0.000118 6
rVSVOmicron	64	A	50294	0.999884	2.26113e-05	0	9.35855e-05 0.000116 6
rVSVOmicron	65	C	51102	2.84924e-05	4.58356e-05	0.999926	0 7.4e-05 4
rVSVOmicron	66	C	52045	6.861e-05	7.41729e-05	0.999857	0 0.000143 7
rVSVOmicron	67	C	52978	9.42347e-05	3.14115e-05	0.999828	4.59092e-05 0.000172 9
rVSVOmicron	68	A	53944	0.999787	2.664e-05	0	0.000185888 0.000213 11
rVSVOmicron	69	G	54679	0.000553047	2.15397e-05	0.00014321	0.999282 0.000718 39
rVSVOmicron	70	C	55279	8.93375e-05	0.000205018	0.999706	0 0.000294 16
rVSVOmicron	71	T	56090	4.1818e-05	0.999772	0.000165577	2.0909e-05 0.000228 13
rVSVOmicron	72	C	57360	6.5263e-05	0.000148224	0.999725	6.13915e-05 0.000275 16
rVSVOmicron	73	C	58400	2.03455e-05	9.23795e-05	0.999887	0 0.000113 7
rVSVOmicron	74	C	58973	6.00981e-05	0.00015972	0.999744	3.62754e-05 0.000256 15
rVSVOmicron	75	T	59624	1.96631e-05	0.999532	0.000387949	6.00523e-05 0.000468 28
rVSVOmicron	76	C	60702	4.39015e-05	0.000198079	0.999758	0 0.000242 15
rVSVOmicron	77	C	61691	0.000105279	8.18261e-05	0.999797	1.56356e-05 0.000203 13
rVSVOmicron	78	C	62853	7.51278e-05	0.000202385	0.999704	1.89097e-05 0.000296 19
rVSVOmicron	79	G	64088	0.000505567	3.69683e-05	4.04653e-05	0.999417 0.000583 37
rVSVOmicron	80	C	65830	0.000122469	0.000130698	0.999729	1.79104e-05 0.000271 18
rVSVOmicron	81	C	65253	6.94312e-05	0.000132995	0.999757	4.0583e-05 0.000243 16
rVSVOmicron	82	T	66002	5.38352e-05	0.999509	0.000437471	0 0.000491 32
rVSVOmicron	83	A	67360	0.999943	0	0	5.71837e-05 5.7e-05 4
rVSVOmicron	84	C	68265	6.06675e-05	0.000517541	0.999422	0 0.000578 39
rVSVOmicron	85	A	69073	0.999704	0	0	0.00029565 0.000296 20
rVSVOmicron	86	C	69973	4.10328e-05	5.1063e-05	0.999891	1.6869e-05 0.000109 8
rVSVOmicron	87	A	70928	0.999942	0	0	5.78278e-05 5.8e-05 4
rVSVOmicron	88	A	71798	0.999839	3.39831e-05	3.39831e-05	9.27648e-05 0.000161 12
rVSVOmicron	89	A	70777	0.999862	0	3.55813e-05	0.000102897 0.000138 10
rVSVOmicron	90	C	70990	0	0.000125339	0.999875	0 0.000125 9
rVSVOmicron	91	T	71587	3.71738e-05	0.999834	0.000111969	1.65714e-05 0.000166 12
rVSVOmicron	92	C	72406	3.27275e-05	0	0.999967	0 3.3e-05 2
rVSVOmicron	93	T	73010	1.64893e-05	0.999459	0.000524982	0 0.000541 39
rVSVOmicron	94	T	74072	3.29597e-05	0.99976	0.000207111	0 0.00024 18
rVSVOmicron	95	T	74868	1.59765e-05	0.999936	3.19531e-05	1.59765e-05 6.4e-05 5
rVSVOmicron	96	C	76068	1.56362e-05	0.000158475	0.996001	0.00382494 0.003999 304
rVSVOmicron	97	A	77089	0.999922	1.54941e-05	0	6.2814e-05 7.8e-05 6
rVSVOmicron	98	C	77951	0	0.000125915	0.999834	3.96324e-05 0.000166 13
rVSVOmicron	99	C	78874	0.000155438	0.000164946	0.999618	6.11831e-05 0.000382 30
rVSVOmicron	100	C	79898	7.51322e-05	0.000316453	0.999575	3.38911e-05 0.000425 34
rVSVOmicron	101	G	80990	0.000205513	8.0766e-05	0.00042662	0.999287 0.000713 58
rVSVOmicron	102	G	81784	0.000151641	4.36119e-05	2.96081e-05	0.999775 0.000225 18
rVSVOmicron	103	G	82616	6.23395e-05	2.85888e-05	4.40744e-05	0.999865 0.000135 11
rVSVOmicron	104	G	83430	0.000137951	3.26209e-05	0	0.999829 0.000171 14
rVSVOmicron	105	C	84343	4.59208e-05	0.000219272	0.999675	5.96971e-05 0.000325 27
rVSVOmicron	106	G	85237	0.000544243	3.14132e-05	4.88229e-05	0.999376 0.000624 53
rVSVOmicron	107	T	85929	0	0.999867	0.000133243	0 0.000133 11
rVSVOmicron	108	G	87149	0.000227223	0	1.37374e-05	0.999759 0.000241 21
rVSVOmicron	109	T	87825	0	0.999884	0.00010191	1.36126e-05 0.000116 10
rVSVOmicron	110	A	88520	0.999863	2.73214e-05	1.36607e-05	9.56248e-05 0.000137 12
rVSVOmicron	111	C	88773	3.01315e-05	0.000126697	0.99983	1.34321e-05 0.00017 15
rVSVOmicron	112	T	90152	2.43873e-05	0.999897	7.85415e-05	0 0.000103 9
rVSVOmicron	113	A	91559	0.999845	0	1.31795e-05	0.000141413 0.000155 14
rVSVOmicron	114	C	92015	2.92245e-05	0.000145418	0.999812	1.30278e-05 0.000188 17
rVSVOmicron	115	C	93017	3.09422e-05	6.5049e-05	0.999875	2.91842e-05 0.000125 12
rVSVOmicron	116	C	93851	7.82549e-05	0.000204371	0.999717	0 0.000283 27
rVSVOmicron	117	C	95769	3.76344e-05	0.00157243	0.998362	2.80547e-05 0.001638 157
rVSVOmicron	118	G	97266	0.000245413	0.00022371	5.20876e-05	0.999479 0.000521 51
rVSVOmicron	119	A	98675	0.999749	0.000189185	9.83633e-06	5.14768e-05 0.000251 25
rVSVOmicron	120	C	100312	1.19198e-05	0.000110178	0.999676	0.000201992 0.000324 33
rVSVOmicron	121	A	102453	0.999662	1.67785e-05	0.000195211	0.000126484 0.000338 35
rVSVOmicron	122	A	103732	0.999817	3.55093e-05	3.26302e-05	0.000115165 0.000183 19
rVSVOmicron	123	G	104681	0.000100624	7.15617e-05	2.53122e-05	0.999803 0.000197 21
rVSVOmicron	124	G	97334	0.00068705	3.10302e-05	0	0.999282 0.000718 70
rVSVOmicron	125	T	97981	1.19946e-05	0.999881	0.000106952	0 0.000119 12
rVSVOmicron	126	G	99272	0.000112964	2.43713e-05	2.43713e-05	0.999838 0.000162 16
rVSVOmicron	127	T	99909	0	0.999931	5.65927e-05	1.23901e-05 6.9e-05 7
rVSVOmicron	128	T	100832	0	0.999953	4.66118e-05	0 4.7e-05 5
rVSVOmicron	129	C	102142	3.56331e-05	0.000115567	0.999813	3.56331e-05 0.000187 19
rVSVOmicron	130	C	103102	2.35755e-05	0.000280994	0.999669	2.64428e-05 0.000331 34
rVSVOmicron	131	G	104680	0.000190507	0.000126482	6.33978e-05	0.99962 0.00038 40
rVSVOmicron	132	G	104982	8.39068e-05	3.75702e-05	2.31683e-05	0.999855 0.000145 15
rVSVOmicron	133	T	101220	1.20685e-05	0.999934	5.38189e-05	0 6.6e-05 7
rVSVOmicron	134	C	101855	3.56215e-05	0.00010526	0.999859	0 0.000141 14
rVSVOmicron	135	T	102594	1.46964e-05	0.999605	0.000300958	7.9233e-05 0.000395 41
rVSVOmicron	136	A	104427	0.999915	0	1.17955e-05	7.36422e-05 8.5e-05 9
rVSVOmicron	137	G	104396	3.34482e-05	6.23937e-05	0	0.999904 9.6e-05 10
rVSVOmicron	138	C	105264	2.59945e-05	0.000265269	0.999697	1.15879e-05 0.000303 32
rVSVOmicron	139	G	105913	0.000129175	8.55982e-05	2.05436e-05	0.999765 0.000235 25
rVSVOmicron	140	T	106530	2.28664e-05	0.999851	5.9947e-05	6.64362e-05 0.000149 16
rVSVOmicron	141	G	107852	7.91153e-05	9.59158e-05	7.97262e-05	0.999745 0.000255 28
rVSVOmicron	142	C	108479	1.12533e-05	0.000196172	0.999793	0 0.000207 22
rVSVOmicron	143	T	108853	1.36167e-05	0.999688	0.000284741	1.36167e-05 0.000312 34
rVSVOmicron	144	C	110268	4.43208e-05	0.00012308	0.999822	1.10802e-05 0.000178 20
rVSVOmicron	145	C	111073	0.000249506	0.000305415	0.999431	1.36797e-05 0.000569 63
rVSVOmicron	146	A	110995	0.999564	2.45467e-05	0.000228018	0.000183657 0.000436 48
rVSVOmicron	147	C	111091	0	3.47207e-05	0.999965	0 3.5e-05 4
rVSVOmicron	148	T	111427	0	0.999886	0.000114206	0 0.000114 13
rVSVOmicron	149	C	111542	0.000131182	0.000134091	0.999724	1.07622e-05 0.000276 31
rVSVOmicron	150	T	111641	1.08088e-05	0.999848	0.00014139	0 0.000152 17
rVSVOmicron	151	A	112497	0.99991	1.08155e-05	0	7.89239e-05 9e-05 10
rVSVOmicron	152	C	113314	2.12147e-05	0.000183192	0.999796	0 0.000204 23
rVSVOmicron	153	A	113402	0.999896	1.06992e-05	0	9.34014e-05 0.000104 12
rVSVOmicron	154	C	114250	7.84746e-05	0.000202277	0.999698	2.09643e-05 0.000302 35
rVSVOmicron	155	A	114584	0.99936	3.45166e-05	3.1664e-05	0.000573375 0.00064 73
rVSVOmicron	156	G	115732	0.000113742	6.75697e-05	4.33572e-05	0.999775 0.000225 26
rVSVOmicron	157	G	117596	0.000216881	3.07455e-05	2.1051e-05	0.999731 0.000269 32
rVSVOmicron	158	A	118703	0.999925	2.20542e-05	0	5.28213e-05 7.5e-05 9
rVSVOmicron	159	C	120565	0	0.000127068	0.987054	0.012819 0.012946 1561
rVSVOmicron	160	C	107761	0.000114056	0.000150168	0.999736	0 0.000264 28
rVSVOmicron	161	T	108352	9.51066e-05	0.99914	0.000743318	2.19934e-05 0.00086 93
rVSVOmicron	162	G	109255	0.000131605	1.09919e-05	1.99042e-05	0.999838 0.000162 18
rVSVOmicron	163	T	109497	3.52588e-05	0.984732	0.000154694	0.015078 0.015268 1672
rVSVOmicron	164	T	109859	0	0.985731	0.000108508	0.0141603 0.014269 1568
rVSVOmicron	165	C	111957	1.07485e-05	4.27036e-05	0.999947	0 5.3e-05 6
rVSVOmicron	166	C	108385	7.06814e-05	0.000210255	0.999719	0 0.000281 30
rVSVOmicron	167	T	108423	3.60082e-05	0.999744	0.000220182	0 0.000256 28
rVSVOmicron	168	C	109466	3.27306e-05	8.78713e-05	0.999847	3.24357e-05 0.000153 17
rVSVOmicron	169	C	110071	7.77926e-05	0.000133231	0.999778	1.10281e-05 0.000222 24
rVSVOmicron	170	C	109616	7.99524e-05	0.000106603	0.999802	1.09564e-05 0.000198 22
rVSVOmicron	171	T	109807	4.38831e-05	0.999658	0.000215561	8.21326e-05 0.000342 38
rVSVOmicron	172	T	110455	0	0.9999	7.74382e-05	2.26499e-05 0.0001 11
rVSVOmicron	173	T	110849	0	0.999935	3.26195e-05	3.26195e-05 6.5e-05 7
rVSVOmicron	174	C	110245	4.54361e-05	7.80568e-05	0.999876	0 0.000124 14
rVSVOmicron	175	T	110330	2.40851e-05	0.999814	0.000161547	0 0.000186 21
rVSVOmicron	176	T	111411	2.40038e-05	0.999823	0.000152988	0 0.000177 20
rVSVOmicron	177	C	112202	5.27713e-05	0.000154891	0.999734	5.79058e-05 0.000266 30
rVSVOmicron	178	A	111906	0.999609	2.12969e-05	4.25938e-05	0.000326649 0.000391 44
rVSVOmicron	179	G	112599	0.000110444	2.11731e-05	2.00286e-05	0.999848 0.000152 17
rVSVOmicron	180	C	113448	2.32458e-05	0.000166689	0.999766	4.45071e-05 0.000234 27
rVSVOmicron	181	A	113574	0.999865	3.11526e-05	5.19209e-05	5.19209e-05 0.000135 15
rVSVOmicron	182	A	113001	0.999653	1.06862e-05	4.27449e-05	0.000293438 0.000347 39
rVSVOmicron	183	C	113897	2.08026e-05	0.000277461	0.99965	5.20064e-05 0.00035 40
rVSVOmicron	184	G	113472	0.000229363	3.96429e-06	2.09541e-05	0.999746 0.000254 29
rVSVOmicron	185	T	114434	3.11817e-05	0.999892	6.85435e-05	8.42748e-06 0.000108 12
rVSVOmicron	186	G	115707	0.000207046	0.00017111	1.02279e-05	0.999612 0.000388 45
rVSVOmicron	187	A	116018	0.999745	3.40884e-05	7.12008e-05	0.000149824 0.000255 30
rVSVOmicron	188	C	116923	1.0133e-05	0.000100782	0.999869	2.0266e-05 0.000131 15
rVSVOmicron	189	A	113820	0.999706	1.04849e-05	1.04849e-05	0.000272607 0.000294 33
rVSVOmicron	190	T	114172	0	0.999881	0.000108779	1.04e-05 0.000119 14
rVSVOmicron	191	G	115210	0.0020168	2.3217e-05	0	0.99796 0.00204 235
rVSVOmicron	192	G	115057	8.16136e-05	5.47817e-05	0	0.999864 0.000136 16
rVSVOmicron	193	T	115279	0	0.999894	9.19128e-05	1.37869e-05 0.000106 12
rVSVOmicron	194	T	115613	1.85094e-05	0.999951	3.06649e-05	0 4.9e-05 6
rVSVOmicron	195	C	116487	3.06358e-05	4.30558e-05	0.999916	1.02119e-05 8.4e-05 10
rVSVOmicron	196	C	116848	0.000117932	0.000236139	0.999636	1.01713e-05 0.000364 43
rVSVOmicron	197	A	116891	0.999852	0	9.57961e-06	0.000138767 0.000148 17
rVSVOmicron	198	C	117737	0.000135598	0.000160598	0.999684	2.01087e-05 0.000316 37
rVSVOmicron	199	G	117006	0.000756481	3.04568e-05	0	0.999213 0.000787 92
rVSVOmicron	200	T	117174	2.05718e-05	0.999895	7.45032e-05	1.02859e-05 0.000105 12
rVSVOmicron	201	G	117905	9.68321e-05	2.25128e-05	3.9872e-05	0.999841 0.000159 19
rVSVOmicron	202	A	117781	0.999888	0	0	0.000112115 0.000112 13
rVSVOmicron	203	T	116776	0	0.999789	0.000200974	1.01446e-05 0.000211 25
rVSVOmicron	204	C	116399	4.34544e-05	0.000111506	0.999835	1.0112e-05 0.000165 19
rVSVOmicron	205	T	116571	1.00908e-05	0.999828	0.000161453	0 0.000172 20
rVSVOmicron	206	C	117285	0.00198908	0.000211102	0.997769	3.0351e-05 0.002231 262
rVSVOmicron	207	T	117586	3.46973e-05	0.999728	0.000227701	1.00297e-05 0.000272 32
rVSVOmicron	208	G	119138	7.44469e-05	7.20193e-05	0	0.999854 0.000146 17
rVSVOmicron	209	G	119600	0.000262693	9.20501e-05	9.95863e-06	0.999635 0.000365 44
rVSVOmicron	210	C	120186	9.85272e-05	0.000215961	0.999674	1.1983e-05 0.000326 39
rVSVOmicron	211	A	120280	0.999902	9.78972e-06	0	8.83721e-05 9.8e-05 12
rVSVOmicron	212	C	121037	4.13213e-05	2.92144e-05	0.999917	1.21069e-05 8.3e-05 10
rVSVOmicron	213	A	121045	0.999847	0	2.92132e-05	0.000123959 0.000153 19
rVSVOmicron	214	A	121342	0.999939	0	2.90034e-05	3.16643e-05 6.1e-05 7
rVSVOmicron	215	A	121699	0.999892	1.01058e-05	1.01058e-05	8.82206e-05 0.000108 13
rVSVOmicron	216	C	121539	2.91357e-05	0.000431261	0.99954	0 0.00046 56
rVSVOmicron	217	G	121939	0.000399647	0.000119523	9.80566e-06	0.999471 0.000529 65
rVSVOmicron	218	G	122106	0.000599868	5.1176e-05	0	0.999349 0.000651 79
rVSVOmicron	219	C	122396	3.86196e-05	0.000238502	0.999692	3.13132e-05 0.000308 38
rVSVOmicron	220	A	122426	0.999971	0	0	2.88466e-05 2.9e-05 4
rVSVOmicron	221	C	123135	2.82023e-05	0.00247896	0.997493	0 0.002507 309
rVSVOmicron	222	A	123233	0.999892	9.61057e-06	9.61057e-06	8.88328e-05 0.000108 13
rVSVOmicron	223	A	123433	0.999719	0	3.61366e-05	0.000245043 0.000281 35
rVSVOmicron	224	A	123417	0.999804	4.1169e-05	3.90577e-05	0.00011559 0.000196 24
rVSVOmicron	225	G	124122	3.85217e-05	4.81521e-05	0	0.999913 8.7e-05 11
rVSVOmicron	226	C	124859	0.000161135	0.000470854	0.999368	0 0.000632 79
rVSVOmicron	227	G	125432	9.687e-05	3.06713e-05	0	0.999872 0.000128 16
rVSVOmicron	228	G	124989	0.000215123	0.000110767	5.64089e-06	0.999668 0.000332 41
rVSVOmicron	229	T	124945	9.47303e-06	0.999834	0.000146704	9.47303e-06 0.000166 21
rVSVOmicron	230	T	123449	2.89578e-05	0.999902	6.92919e-05	0 9.8e-05 12
rVSVOmicron	231	C	124062	5.89491e-05	0.000252384	0.99967	1.88841e-05 0.00033 41
rVSVOmicron	232	G	124735	0.000167565	8.00733e-05	1.89311e-05	0.999733 0.000267 33
rVSVOmicron	233	A	124769	0.999806	2.14801e-05	0	0.000172852 0.000194 24
rVSVOmicron	234	C	125757	9.32107e-06	6.52475e-05	0.999913	1.20922e-05 8.7e-05 11
rVSVOmicron	235	A	125710	0.999909	9.40953e-06	0	8.18884e-05 9.1e-05 11
rVSVOmicron	236	A	125287	0.999477	0	0.000452106	7.08984e-05 0.000523 66
rVSVOmicron	237	C	125321	4.94868e-05	0.000150756	0.9998	0 0.0002 25
rVSVOmicron	238	C	126860	4.37361e-05	0.000195928	0.99976	0 0.00024 30
rVSVOmicron	239	C	127052	0.000156264	0.000130177	0.999714	0 0.000286 36
rVSVOmicron	240	C	127409	6.01498e-05	0.000146473	0.999736	5.6878e-05 0.000264 34
rVSVOmicron	241	G	127695	0.000204143	7.07032e-05	9.21133e-06	0.999716 0.000284 36
rVSVOmicron	242	T	127842	3.03393e-06	0.999883	9.58215e-05	1.76979e-05 0.000117 15
rVSVOmicron	243	G	128699	0.00031644	5.39302e-05	0	0.99963 0.00037 48
rVSVOmicron	244	C	126013	3.09551e-05	0.000168617	0.999782	1.86234e-05 0.000218 27
rVSVOmicron	245	T	126461	1.83806e-05	0.999825	0.000156484	0 0.000175 22
rVSVOmicron	246	C	128296	3.23355e-05	0.00011626	0.999824	2.73987e-05 0.000176 23
rVSVOmicron	247	C	129534	7.36911e-05	9.61941e-05	0.99983	0 0.00017 22
rVSVOmicron	248	C	129224	0.000133232	0.000175827	0.999682	9.16282e-06 0.000318 41
rVSVOmicron	249	T	129522	3.64137e-05	0.999661	0.000274825	2.78023e-05 0.000339 44
rVSVOmicron	250	T	130143	1.36958e-05	0.999835	0.000111808	3.90953e-05 0.000165 21
rVSVOmicron	251	T	130390	2.74308e-05	0.999918	4.5718e-05	9.14361e-06 8.2e-05 11
rVSVOmicron	252	C	130959	7.01241e-05	8.97782e-05	0.999829	1.11616e-05 0.000171 22
rVSVOmicron	253	A	131013	0.999891	0	5.61848e-05	5.27649e-05 0.000109 14
rVSVOmicron	254	A	131346	0.999827	6.40587e-06	1.65074e-05	0.000149799 0.000173 23
rVSVOmicron	255	C	132067	1.77042e-05	0.000604095	0.999369	8.85209e-06 0.000631 83
rVSVOmicron	256	G	132594	0.000264647	1.78035e-05	4.66741e-05	0.999671 0.000329 44
rVSVOmicron	257	A	132138	0.999989	0	0	1.1067e-05 1.1e-05 1
rVSVOmicron	258	C	132928	2.58658e-05	0.000209774	0.999756	8.78012e-06 0.000244 32
rVSVOmicron	259	G	133407	0.000245517	4.63781e-05	1.98422e-05	0.999688 0.000312 42
rVSVOmicron	260	G	133663	0.000151647	5.26849e-05	0	0.999796 0.000204 27
rVSVOmicron	261	C	133888	3.85109e-05	0.000400466	0.999535	2.62252e-05 0.000465 62
rVSVOmicron	262	G	133794	0.00103688	2.61993e-05	0	0.998937 0.001063 142
rVSVOmicron	263	T	134061	2.67385e-05	0.999855	0.000109122	8.91284e-06 0.000145 19
rVSVOmicron	264	G	134750	0.000203805	6.28537e-05	1.73551e-05	0.999716 0.000284 38
rVSVOmicron	265	T	134761	9.36412e-05	0.999679	0.000184013	4.32011e-05 0.000321 43
rVSVOmicron	266	A	137669	0.999895	8.59827e-06	4.29913e-05	5.36811e-05 0.000105 14
rVSVOmicron	267	C	138377	5.28292e-05	0.000171295	0.999767	8.46181e-06 0.000233 32
rVSVOmicron	268	T	138693	3.69401e-05	0.999778	0.000136467	4.84691e-05 0.000222 31
rVSVOmicron	269	T	132402	4.65647e-05	0.999431	0.000522532	0 0.000569 75
rVSVOmicron	270	C	133255	3.49106e-05	0.000191065	0.999722	5.23659e-05 0.000278 37
rVSVOmicron	271	G	133785	0.000281157	7.07045e-05	8.77875e-06	0.999639 0.000361 48
rVSVOmicron	272	C	134223	6.28819e-05	0.000213846	0.999715	8.71397e-06 0.000285 38
rVSVOmicron	273	C	134907	7.98638e-05	0.000234673	0.999634	5.1525e-05 0.000366 49
rVSVOmicron	274	A	134658	0.99975	4.35411e-05	3.67158e-05	0.000169693 0.00025 34
rVSVOmicron	275	G	135358	0.000456151	4.95715e-05	2.79276e-05	0.999466 0.000534 72
rVSVOmicron	276	C	136198	8.32884e-05	0.000128761	0.999779	8.58404e-06 0.000221 30
rVSVOmicron	277	A	136283	0.999833	8.5608e-06	2.40628e-05	0.000134659 0.000167 23
rVSVOmicron	278	T	136667	0	0.999176	0.000824149	0 0.000824 113
rVSVOmicron	279	A	136186	0.998993	8.61863e-06	0.000815509	0.000182622 0.001007 137
rVSVOmicron	280	G	136499	5.18883e-05	7.94686e-05	6.07701e-05	0.999808 0.000192 26
rVSVOmicron	281	A	136461	0.999879	2.21518e-05	8.53769e-06	9.06841e-05 0.000121 17
rVSVOmicron	282	G	137355	5.33205e-05	5.37821e-05	2.74681e-05	0.999865 0.000135 19
rVSVOmicron	283	A	138205	0.999932	1.71053e-05	8.55266e-06	4.27633e-05 6.8e-05 9
rVSVOmicron	284	A	135954	0.999869	2.66014e-05	1.53378e-05	8.89111e-05 0.000131 18
rVSVOmicron	285	G	136719	7.99757e-05	9.64344e-05	8.5771e-06	0.999815 0.000185 25
rVSVOmicron	286	T	137112	0	0.999957	4.28981e-05	0 4.3e-05 6
rVSVOmicron	287	C	137068	5.97809e-05	5.12408e-05	0.999869	1.96192e-05 0.000131 18
rVSVOmicron	288	T	137169	4.23771e-05	0.999552	0.000319088	8.65867e-05 0.000448 61
rVSVOmicron	289	A	138297	0.999788	4.48912e-05	6.13818e-05	0.000105586 0.000212 29
rVSVOmicron	290	A	138720	0.999875	1.90779e-05	1.70092e-05	8.91832e-05 0.000125 17
rVSVOmicron	291	C	139495	3.56128e-05	5.85229e-05	0.999881	2.51785e-05 0.000119 17
rVSVOmicron	292	A	137091	0.999922	0	2.32459e-05	5.47774e-05 7.8e-05 11
rVSVOmicron	293	T	137461	8.69585e-06	0.999896	6.08709e-05	3.47834e-05 0.000104 14
rVSVOmicron	294	T	137802	1.72095e-05	0.999914	4.30236e-05	2.58142e-05 8.6e-05 12
rVSVOmicron	295	A	138217	0.999834	2.58416e-05	2.58416e-05	0.000114076 0.000166 23
rVSVOmicron	296	T	138587	1.88284e-05	0.999945	3.58198e-05	0 5.5e-05 8
rVSVOmicron	297	C	138968	4.70376e-05	0.000109073	0.999844	0 0.000156 22
rVSVOmicron	298	C	139383	1.86929e-05	0.000149999	0.999795	3.579e-05 0.000205 29
rVSVOmicron	299	G	140067	0.00016157	7.13809e-05	6.70754e-05	0.9997 0.0003 42
rVSVOmicron	300	G	140713	6.91179e-05	5.23483e-05	2.51544e-05	0.999853 0.000147 21
rVSVOmicron	301	G	140671	0.000167864	4.23052e-05	1.67411e-05	0.999773 0.000227 32
rVSVOmicron	302	G	138592	0.000234045	7.53511e-05	1.68969e-05	0.999674 0.000326 45
rVSVOmicron	303	C	138549	2.76354e-05	0.00037469	0.999555	4.26046e-05 0.000445 62
rVSVOmicron	304	T	138521	2.53746e-05	0.999696	0.000225857	5.28066e-05 0.000304 42
rVSVOmicron	305	G	140009	0.000181607	4.83834e-05	1.66529e-05	0.999753 0.000247 35
rVSVOmicron	306	G	140457	0.000148336	0.000135673	3.55012e-05	0.999681 0.000319 45
rVSVOmicron	307	A	139190	0.999825	0	0	0.000174818 0.000175 24
rVSVOmicron	308	T	139468	0.000737245	0.999263	0	0 0.000737 103
rVSVOmicron	309	T	139827	8.21219e-06	0.99992	6.0907e-05	1.04933e-05 8e-05 11
rVSVOmicron	310	T	139974	0	0.999929	7.11951e-05	0 7.1e-05 10
rVSVOmicron	311	T	139479	8.37394e-06	0.999967	1.67479e-05	8.37394e-06 3.3e-05 5
rVSVOmicron	312	C	140167	5.35103e-05	0.000234553	0.999687	2.47485e-05 0.000313 44
rVSVOmicron	313	G	140662	0.000174372	0.000105476	4.35368e-05	0.999677 0.000323 45
rVSVOmicron	314	G	140137	0.000312587	5.21355e-05	1.67014e-05	0.999619 0.000381 53
rVSVOmicron	315	C	140480	5.959e-05	0.000351291	0.999573	1.65156e-05 0.000427 60
rVSVOmicron	316	A	139121	0.999828	1.65512e-05	0	0.000154999 0.000172 24
rVSVOmicron	317	C	139826	2.48205e-05	0.000133941	0.999841	0 0.000159 22
rVSVOmicron	318	C	140152	0.000103608	0.000101361	0.999747	4.76463e-05 0.000253 35
rVSVOmicron	319	A	140101	0.999849	1.62943e-05	1.4753e-05	0.000119565 0.000151 21
rVSVOmicron	320	C	140825	5.84361e-05	7.76935e-05	0.999774	8.98677e-05 0.000226 32
rVSVOmicron	321	A	140641	0.999854	1.65831e-05	8.65009e-05	4.32504e-05 0.000146 21
rVSVOmicron	322	C	140658	1.63346e-05	0.000150764	0.999817	1.63346e-05 0.000183 26
rVSVOmicron	323	T	140612	0.000522844	0.999428	4.94974e-05	0 0.000572 80
rVSVOmicron	324	C	141846	0.00010736	0.00066765	0.999168	5.68634e-05 0.000832 118
rVSVOmicron	325	G	141445	0.000218762	3.4798e-05	2.68188e-05	0.99972 0.00028 40
rVSVOmicron	326	A	140054	0.999965	0	0	3.47994e-05 3.5e-05 5
rVSVOmicron	327	C	139853	4.89354e-05	2.48029e-05	0.999926	0 7.4e-05 10
rVSVOmicron	328	T	140164	0	0.999914	7.7928e-05	8.23811e-06 8.6e-05 12
rVSVOmicron	329	C	138938	0.000118591	8.26341e-05	0.99978	1.85368e-05 0.00022 31
rVSVOmicron	330	T	139324	0	0.999836	0.00015599	8.32848e-06 0.000164 23
rVSVOmicron	331	A	140709	0.999935	0	8.29181e-06	5.66981e-05 6.5e-05 9
rVSVOmicron	332	A	139627	0.999808	1.69783e-05	1.67489e-05	0.000158082 0.000192 27
rVSVOmicron	333	G	140540	2.68369e-05	3.96916e-05	2.50328e-05	0.999908 9.2e-05 13
rVSVOmicron	334	A	141038	0.999911	2.46621e-05	0	6.42103e-05 8.9e-05 13
rVSVOmicron	335	C	141710	5.69232e-05	0.00135077	0.99858	1.25275e-05 0.00142 201
rVSVOmicron	336	A	141253	0.999872	1.65163e-05	8.25816e-06	0.000103115 0.000128 18
rVSVOmicron	337	C	141900	2.2786e-05	0.000160378	0.999817	0 0.000183 26
rVSVOmicron	338	A	141378	0.999434	8.37994e-05	6.74375e-05	0.000415017 0.000566 80
rVSVOmicron	339	G	142102	0.000509686	2.48028e-05	0	0.999466 0.000534 76
rVSVOmicron	340	T	142294	4.80013e-05	0.999812	0.000115379	2.51016e-05 0.000188 27
rVSVOmicron	341	C	142983	0.000118923	0.000101183	0.99978	0 0.00022 31
rVSVOmicron	342	C	143564	0.000202088	9.6401e-05	0.999659	4.2894e-05 0.000341 49
rVSVOmicron	343	C	139890	4.96706e-05	0.000121492	0.999812	1.65569e-05 0.000188 26
rVSVOmicron	344	T	140180	3.12366e-05	0.999799	0.0001615	8.19684e-06 0.000201 28
rVSVOmicron	345	C	142309	2.13132e-05	7.77821e-05	0.99985	5.07561e-05 0.00015 21
rVSVOmicron	346	C	141917	7.90759e-05	0.000136125	0.999732	5.26439e-05 0.000268 38
rVSVOmicron	347	T	142208	0	0.999839	0.000152644	8.16162e-06 0.000161 23
rVSVOmicron	348	G	143268	1.98557e-05	3.22928e-05	2.42196e-05	0.999924 7.6e-05 11
rVSVOmicron	349	A	142445	0.999841	0	3.2267e-05	0.000126888 0.000159 23
rVSVOmicron	350	T	142699	1.66583e-05	0.999913	5.40269e-05	1.66583e-05 8.7e-05 12
rVSVOmicron	351	T	142518	1.81688e-05	0.999921	6.04167e-05	0 7.9e-05 11
rVSVOmicron	352	G	139493	0.000124288	1.45825e-05	0	0.999861 0.000139 19
rVSVOmicron	353	T	139673	8.21986e-06	0.999942	4.93192e-05	0 5.8e-05 8
rVSVOmicron	354	G	140776	0.00013033	3.45773e-05	4.3e-05	0.999792 0.000208 29
rVSVOmicron	355	A	141112	0.99988	1.65e-05	0	0.000103459 0.00012 17
rVSVOmicron	356	A	141539	0.999904	8.18613e-06	7.74363e-06	7.96488e-05 9.6e-05 14
rVSVOmicron	357	C	142209	4.85549e-05	6.96466e-05	0.999882	0 0.000118 17
rVSVOmicron	358	A	139844	0.99997	0	3.36058e-06	2.68846e-05 3e-05 4
rVSVOmicron	359	A	140098	0.999851	0	1.26554e-05	0.000136271 0.000149 21
rVSVOmicron	360	C	140821	2.6204e-05	0.000403054	0.999519	5.12977e-05 0.000481 68
rVSVOmicron	361	G	140921	0.000431886	6.1794e-05	0	0.999506 0.000494 70
rVSVOmicron	362	C	140829	8.42681e-05	0.000144906	0.999763	8.24847e-06 0.000237 33
rVSVOmicron	363	C	141242	0.000116175	0.000305899	0.999545	3.26882e-05 0.000455 64
rVSVOmicron	364	A	141133	0.999905	2.64123e-05	0	6.83613e-05 9.5e-05 13
rVSVOmicron	365	C	141945	4.25072e-05	4.44792e-05	0.999905	8.10704e-06 9.5e-05 13
rVSVOmicron	366	A	142017	0.999904	8.20061e-06	1.64012e-05	7.15891e-05 9.6e-05 14
rVSVOmicron	367	A	142306	0.999872	0	3.38052e-05	9.41063e-05 0.000128 18
rVSVOmicron	368	A	141652	0.999923	1.92346e-05	4.10183e-05	1.71489e-05 7.7e-05 11
rVSVOmicron	369	C	142455	2.46065e-05	0.000198625	0.999777	0 0.000223 32
rVSVOmicron	370	G	142278	0.000179431	1.6352e-05	1.6352e-05	0.999788 0.000212 30
rVSVOmicron	371	T	141870	4.25811e-05	0.999783	0.000165721	8.51622e-06 0.000217 31
rVSVOmicron	372	G	142108	9.05814e-05	0.00020641	6.95417e-05	0.999633 0.000367 52
rVSVOmicron	373	G	141029	6.7067e-05	4.30828e-05	1.02155e-05	0.99988 0.00012 17
rVSVOmicron	374	T	141110	0.00257115	0.997419	1.03187e-05	0 0.002581 364
rVSVOmicron	375	G	142356	8.32735e-05	9.382e-05	0.00248568	0.997337 0.002663 379
rVSVOmicron	376	A	142448	0.999926	0	0	7.38122e-05 7.4e-05 11
rVSVOmicron	377	T	142677	4.92065e-06	0.999894	8.47694e-05	1.65513e-05 0.000106 15
rVSVOmicron	378	T	142997	1.85389e-05	0.999957	1.61398e-05	8.06988e-06 4.3e-05 6
rVSVOmicron	379	A	143724	0.999826	6.67844e-05	2.43051e-05	8.29878e-05 0.000174 25
rVSVOmicron	380	A	143803	0.999415	7.64845e-05	5.64373e-05	0.000451716 0.000585 84
rVSVOmicron	381	G	143837	0.000142039	6.69582e-05	1.62456e-05	0.999775 0.000225 32
rVSVOmicron	382	G	142381	6.13679e-05	4.89165e-05	8.22686e-06	0.999882 0.000118 17
rVSVOmicron	383	T	142208	0.000101477	0.999866	3.25076e-05	0 0.000134 19
rVSVOmicron	384	G	143465	4.8467e-05	3.42762e-05	8.07784e-06	0.999909 9.1e-05 13
rVSVOmicron	385	T	143484	1.6095e-05	0.999944	4.02374e-05	0 5.6e-05 8
rVSVOmicron	386	G	143443	0.000191866	4.21755e-05	8.08545e-06	0.999758 0.000242 35
rVSVOmicron	387	C	143991	5.65745e-05	0.000932821	0.998986	2.43402e-05 0.001014 146
rVSVOmicron	388	G	143691	0.000427392	0.00013882	2.82013e-05	0.999406 0.000594 85
rVSVOmicron	389	A	143153	0.999926	0	0	7.42001e-05 7.4e-05 11
rVSVOmicron	390	G	143939	0.000174877	4.41544e-05	0.000101359	0.99968 0.00032 46
rVSVOmicron	391	T	144173	8.62763e-05	0.999793	0.000103929	1.63285e-05 0.000207 30
rVSVOmicron	392	T	144449	0	0.99991	8.97672e-05	0 9e-05 13
rVSVOmicron	393	C	144542	4.87124e-05	0.000477689	0.999465	8.11873e-06 0.000535 77
rVSVOmicron	394	C	144981	0.000124413	0.000644072	0.999199	3.22472e-05 0.000801 116
rVSVOmicron	395	A	144593	0.999543	1.59953e-05	7.99765e-06	0.000432738 0.000457 66
rVSVOmicron	396	G	145233	0.000104266	5.00736e-05	0	0.999846 0.000154 22
rVSVOmicron	397	T	145667	0.00111593	0.998803	6.53958e-05	1.59071e-05 0.001197 174
rVSVOmicron	398	T	146099	8.01722e-06	0.998831	0.00111569	4.52865e-05 0.001169 171
rVSVOmicron	399	C	145170	4.01468e-05	0.000150171	0.999768	4.20999e-05 0.000232 34
rVSVOmicron	400	T	145632	0.000119026	0.99971	0.000162856	7.94942e-06 0.00029 42
rVSVOmicron	401	G	147110	0.0002347	6.50992e-05	7.92326e-06	0.999692 0.000308 45
rVSVOmicron	402	C	147426	2.86076e-05	0.000207298	0.999756	7.89912e-06 0.000244 36
rVSVOmicron	403	A	147287	0.999813	3.15041e-05	1.76678e-05	0.000137724 0.000187 28
rVSVOmicron	404	A	147740	0.999966	0	0	3.35875e-05 3.4e-05 5
rVSVOmicron	405	C	148131	1.56931e-05	0.000283537	0.999693	7.84657e-06 0.000307 45
rVSVOmicron	406	G	149010	0.000357636	3.1301e-05	1.41701e-05	0.999597 0.000403 60
rVSVOmicron	407	A	148837	0.999929	6.32868e-06	7.80537e-06	5.65362e-05 7.1e-05 11
rVSVOmicron	408	C	149726	3.13394e-05	0.00017152	0.999797	0 0.000203 30
rVSVOmicron	409	C	150671	5.60585e-05	0.000130166	0.999804	9.76777e-06 0.000196 30
rVSVOmicron	410	C	150343	0.00012402	0.000142339	0.999726	7.79072e-06 0.000274 41
rVSVOmicron	411	T	150191	7.91782e-06	0.999774	0.00018639	3.16713e-05 0.000226 34
rVSVOmicron	412	T	151128	2.43985e-05	0.999834	0.000111536	3.04982e-05 0.000166 25
rVSVOmicron	413	T	150948	1.54329e-05	0.99976	0.000208761	1.54329e-05 0.00024 36
rVSVOmicron	414	C	151768	5.41203e-05	0.000208332	0.999722	1.54629e-05 0.000278 42
rVSVOmicron	415	C	151369	7.12335e-05	0.000127054	0.999754	4.81139e-05 0.000246 37
rVSVOmicron	416	T	151220	1.55348e-05	0.999634	0.000343025	7.76741e-06 0.000366 55
rVSVOmicron	417	G	153152	0.000459868	3.85306e-05	4.04051e-05	0.999461 0.000539 83
rVSVOmicron	418	G	153524	0.000102929	3.82366e-05	2.48021e-05	0.999834 0.000166 25
rVSVOmicron	419	A	153135	0.999938	0	0	6.18888e-05 6.2e-05 9
rVSVOmicron	420	T	153422	1.69252e-05	0.999914	6.95361e-05	0 8.6e-05 13
rVSVOmicron	421	C	154374	6.91827e-05	0.000280801	0.99962	3.01148e-05 0.00038 59
rVSVOmicron	422	A	154157	0.999819	0.000126681	0	5.41476e-05 0.000181 28
rVSVOmicron	423	C	154070	2.40457e-05	0.000430581	0.999545	0 0.000455 70
rVSVOmicron	424	A	153816	0.999781	1.70398e-05	0	0.000202424 0.000219 34
rVSVOmicron	425	A	153206	0.999834	1.25586e-05	5.49696e-05	9.88217e-05 0.000166 25
rVSVOmicron	426	G	152403	6.65525e-05	9.4742e-05	9.74973e-06	0.999829 0.000171 26
rVSVOmicron	427	A	153240	0.99989	2.29986e-05	0	8.66075e-05 0.00011 17
rVSVOmicron	428	A	153480	0.999943	0	2.51277e-05	3.21305e-05 5.7e-05 9
rVSVOmicron	429	C	152983	4.71894e-05	0.000119204	0.999803	3.03653e-05 0.000197 30
rVSVOmicron	430	A	152424	0.999705	8.1602e-05	7.99535e-05	0.000133531 0.000295 45
rVSVOmicron	431	A	152648	0.999934	0	0	6.54891e-05 6.6e-05 10
rVSVOmicron	432	C	153417	2.44145e-05	9.21185e-05	0.999883	0 0.000117 18
rVSVOmicron	433	A	153312	0.999805	2.28735e-05	7.76441e-06	0.000164312 0.000195 30
rVSVOmicron	434	A	151314	0.999563	7.96018e-06	4.77611e-05	0.000381228 0.000437 66
rVSVOmicron	435	G	151987	0.000108811	3.68416e-05	1.58505e-05	0.999838 0.000162 25
rVSVOmicron	436	T	152157	5.44796e-05	0.999912	3.32813e-05	0 8.8e-05 13
rVSVOmicron	437	C	150848	4.96922e-05	4.88463e-05	0.999878	2.34716e-05 0.000122 18
rVSVOmicron	438	T	149741	2.38518e-05	0.999918	3.45959e-05	2.38518e-05 8.2e-05 12
rVSVOmicron	439	T	151068	7.77942e-06	0.999944	4.07894e-05	7.77942e-06 5.6e-05 8
rVSVOmicron	440	G	151863	5.39433e-05	7.70619e-05	5.56095e-05	0.999813 0.000187 28
rVSVOmicron	441	G	152125	0.000185626	8.02933e-05	3.06273e-05	0.999703 0.000297 45
rVSVOmicron	442	A	151930	0.999792	4.18019e-05	0	0.000166178 0.000208 32
rVSVOmicron	443	T	152184	0	0.999924	7.60638e-05	0 7.6e-05 12
rVSVOmicron	444	G	152932	8.57432e-05	0.000174379	7.99581e-05	0.99966 0.00034 52
rVSVOmicron	445	G	153164	8.81186e-05	3.98485e-05	3.03999e-05	0.999842 0.000158 24
rVSVOmicron	446	A	152489	0.999784	1.50969e-05	0	0.00020136 0.000216 33
rVSVOmicron	447	G	153226	9.94962e-05	4.52626e-05	0	0.999855 0.000145 22
rVSVOmicron	448	T	152851	2.4669e-05	0.999749	0.000225927	0 0.000251 38
rVSVOmicron	449	C	149336	4.1592e-05	0.000226655	0.999716	1.55445e-05 0.000284 42
rVSVOmicron	450	T	149230	0	0.999735	0.0002479	1.7276e-05 0.000265 40
rVSVOmicron	451	G	151237	6.74169e-05	7.98249e-05	3.03996e-05	0.999822 0.000178 27
rVSVOmicron	452	A	150934	0.999578	6.21567e-05	0.000107324	0.000252771 0.000422 64
rVSVOmicron	453	G	151700	9.52719e-05	7.0526e-05	0	0.999834 0.000166 25
rVSVOmicron	454	T	151986	0.000106814	0.999798	9.46901e-05	0 0.000202 31
rVSVOmicron	455	T	152077	0	0.999944	4.79509e-05	7.68045e-06 5.6e-05 9
rVSVOmicron	456	C	152758	7.20753e-05	6.03707e-05	0.999839	2.8748e-05 0.000161 25
rVSVOmicron	457	A	151819	0.999474	1.52491e-05	0.000120344	0.000390088 0.000526 80
rVSVOmicron	458	G	152486	0.000158731	6.08607e-05	1.70657e-05	0.999763 0.000237 36
rVSVOmicron	459	A	152166	0.999819	4.97035e-06	1.53252e-05	0.000160708 0.000181 28
rVSVOmicron	460	G	152413	7.7247e-05	9.29024e-05	7.62171e-06	0.999822 0.000178 27
rVSVOmicron	461	T	152837	7.57074e-06	0.999924	4.52198e-05	2.31215e-05 7.6e-05 12
rVSVOmicron	462	G	153471	8.30008e-05	0.000130925	2.26366e-05	0.999763 0.000237 36
rVSVOmicron	463	T	152033	0	0.999508	0.000468983	2.27921e-05 0.000492 75
rVSVOmicron	464	A	152133	0.999483	0	0	0.000516648 0.000517 79
rVSVOmicron	465	C	152344	0.000490488	0.000127271	0.999382	0 0.000618 94
rVSVOmicron	466	T	148930	1.55824e-05	0.999424	0.000552334	7.79121e-06 0.000576 86
rVSVOmicron	467	C	148948	5.42976e-05	3.10272e-05	0.99989	2.49475e-05 0.00011 16
rVSVOmicron	468	T	148820	7.20529e-06	0.999842	0.000103841	4.70463e-05 0.000158 24
rVSVOmicron	469	A	149666	0.999861	0	2.17984e-05	0.000116822 0.000139 21
rVSVOmicron	470	G	150226	0.000131889	0.000107812	7.88349e-06	0.999752 0.000248 37
rVSVOmicron	471	C	149261	6.66936e-05	0.000195016	0.99973	7.80907e-06 0.00027 40
rVSVOmicron	472	G	149505	0.000452029	0.00209069	4.07877e-05	0.997416 0.002584 386
rVSVOmicron	473	C	149864	5.28436e-05	6.42123e-05	0.999883	0 0.000117 18
rVSVOmicron	474	C	150411	4.03519e-05	6.53118e-05	0.999887	7.69598e-06 0.000113 17
rVSVOmicron	475	A	150115	0.999942	7.74032e-06	0	5.02075e-05 5.8e-05 9
rVSVOmicron	476	A	150301	0.999949	1.52149e-05	1.22969e-05	2.31349e-05 5.1e-05 8
rVSVOmicron	477	C	151006	1.52955e-05	9.54936e-05	0.999882	7.64776e-06 0.000118 18
rVSVOmicron	478	A	150946	0.99991	0	0	9.04254e-05 9e-05 14
rVSVOmicron	479	A	151258	0.999883	2.34097e-05	7.0229e-05	2.34097e-05 0.000117 18
rVSVOmicron	480	C	149082	6.27538e-05	0.000102498	0.999827	7.73964e-06 0.000173 26
rVSVOmicron	481	T	149772	3.51403e-05	0.999677	0.00027202	1.5665e-05 0.000323 48
rVSVOmicron	482	G	151962	0.000510847	3.83706e-05	1.51408e-05	0.999436 0.000564 86
rVSVOmicron	483	C	154031	4.50021e-05	0.000185279	0.999732	3.75018e-05 0.000268 41
rVSVOmicron	484	A	155900	0.999894	1.48146e-05	7.40728e-06	8.32819e-05 0.000106 17
rVSVOmicron	485	C	158123	3.10655e-05	0.000110411	0.999844	1.46423e-05 0.000156 25
rVSVOmicron	486	C	146561	3.16625e-05	0.00044242	0.999526	0 0.000474 69
rVSVOmicron	487	T	146773	9.35068e-05	0.999672	0.000161159	7.34696e-05 0.000328 48
rVSVOmicron	488	T	147585	0	0.999976	1.57138e-05	7.8569e-06 2.4e-05 4
rVSVOmicron	489	C	148116	3.1218e-05	0.000122552	0.999846	0 0.000154 23
rVSVOmicron	490	G	148775	5.63305e-05	0.000120438	5.44388e-05	0.999769 0.000231 34
rVSVOmicron	491	A	147627	0.999889	0	7.78378e-06	0.000103082 0.000111 16
rVSVOmicron	492	G	148200	9.99119e-05	7.84871e-06	0	0.999892 0.000108 16
rVSVOmicron	493	T	148464	0	0.99989	8.00814e-05	2.95815e-05 0.00011 16
rVSVOmicron	494	A	147786	0.999899	0	0	0.000101217 0.000101 15
rVSVOmicron	495	C	147589	3.13811e-05	0.000522029	0.99939	5.68252e-05 0.00061 90
rVSVOmicron	496	G	146102	0.000613768	1.19969e-05	7.9265e-06	0.999366 0.000634 93
rVSVOmicron	497	T	145594	1.59592e-05	0.999837	0.000131987	1.50965e-05 0.000163 24
rVSVOmicron	498	G	146401	0.000106278	6.16756e-05	7.89618e-06	0.999824 0.000176 26
rVSVOmicron	499	T	146389	4.89853e-05	0.999824	0.000111542	1.56922e-05 0.000176 26
rVSVOmicron	500	C	146892	0	9.8789e-05	0.999885	1.58234e-05 0.000115 17
rVSVOmicron	501	C	147794	0.000113408	0.000214958	0.999656	1.59548e-05 0.000344 51
rVSVOmicron	502	C	148289	5.19553e-05	0.000111757	0.999789	4.70779e-05 0.000211 31
rVSVOmicron	503	A	147884	0.99976	7.80952e-06	6.47979e-05	0.000167377 0.00024 35
rVSVOmicron	504	G	148747	7.45203e-05	4.90433e-05	0	0.999876 0.000124 18
rVSVOmicron	505	C	150240	2.52937e-05	0.000228908	0.999738	8.22046e-06 0.000262 39
rVSVOmicron	506	C	146446	0.000194157	0.000114514	0.999691	0 0.000309 45
rVSVOmicron	507	T	146549	3.97872e-05	0.999696	0.000200023	6.43553e-05 0.000304 45
rVSVOmicron	508	T	147181	1.65598e-05	0.999812	9.54491e-05	7.63592e-05 0.000188 28
rVSVOmicron	509	T	147294	0	0.999904	8.81142e-05	7.87494e-06 9.6e-05 14
rVSVOmicron	510	C	147964	6.25893e-05	0.000110915	0.999819	7.87689e-06 0.000181 27
rVSVOmicron	511	C	145859	8.25565e-05	0.00803737	0.991856	2.39889e-05 0.008144 1188
rVSVOmicron	512	T	146126	4.63466e-05	0.999684	0.000269926	0 0.000316 46
rVSVOmicron	513	C	147803	8.01354e-05	0.000129401	0.999768	2.19897e-05 0.000232 34
rVSVOmicron	514	A	148073	0.999781	1.63313e-05	8.16563e-06	0.00019421 0.000219 32
rVSVOmicron	515	T	149864	7.81437e-06	0.999863	0.000128832	0 0.000137 21
rVSVOmicron	516	G	152552	8.90397e-05	0.00257339	1.73075e-05	0.99732 0.00268 409
rVSVOmicron	517	G	154505	4.49748e-05	4.90266e-05	2.24874e-05	0.999884 0.000116 18
rVSVOmicron	518	A	156622	0.99991	5.74131e-06	0	8.41399e-05 9e-05 14
rVSVOmicron	519	C	158681	5.74925e-05	0.000134083	0.999794	1.47213e-05 0.000206 33
rVSVOmicron	520	C	127630	0.000125056	0.000181541	0.999666	2.73792e-05 0.000334 43
rVSVOmicron	521	T	128179	4.54021e-05	0.994281	0.00560655	6.74896e-05 0.005719 733
rVSVOmicron	522	G	123784	0.000160025	8.17851e-05	6.78588e-05	0.99969 0.00031 38
rVSVOmicron	523	G	124636	4.69227e-05	3.01108e-05	2.78525e-05	0.999895 0.000105 13
rVSVOmicron	524	A	124663	0.999067	0.000138905	3.01421e-05	0.000764355 0.000933 116
rVSVOmicron	525	G	120720	4.89838e-05	5.49765e-05	0	0.999896 0.000104 13
rVSVOmicron	526	G	120888	4.40562e-05	5.82171e-05	0	0.999898 0.000102 12
rVSVOmicron	527	G	120999	0.000361111	1.92801e-05	9.64004e-06	0.99961 0.00039 47
rVSVOmicron	528	C	120749	6.17556e-05	0.000339268	0.99958	1.9121e-05 0.00042 51
rVSVOmicron	529	A	120705	0.999578	2.87544e-05	0.000127452	0.000265784 0.000422 51
rVSVOmicron	530	A	120274	0.999681	2.30203e-05	4.40755e-05	0.000251539 0.000319 38
rVSVOmicron	531	G	120170	0.000212324	7.72087e-05	0	0.99971 0.00029 35
rVSVOmicron	532	C	120687	5.15133e-05	0.000428155	0.999501	1.91557e-05 0.000499 60
rVSVOmicron	533	A	120291	0.999789	6.01352e-05	0	0.000150994 0.000211 25
rVSVOmicron	534	G	120089	9.20116e-05	9.72694e-05	1.94539e-05	0.999791 0.000209 25
rVSVOmicron	535	G	120568	0.000141771	7.10178e-05	1.96094e-05	0.999768 0.000232 28
rVSVOmicron	536	G	120700	0.000289978	8.72292e-05	1.93843e-05	0.999603 0.000397 48
rVSVOmicron	537	C	120842	7.89417e-05	0.000222331	0.999699	0 0.000301 36
rVSVOmicron	538	A	120363	0.999857	9.69349e-06	1.9387e-05	0.000113702 0.000143 17
