rVSVOmicron	7	G	9354	0.000129049	0	0	0.999871 0.000129 1
rVSVOmicron	8	T	10008	0.00339822	0.996602	0	0 0.003398 34
rVSVOmicron	9	G	10838	0.000264273	0.000109866	0	0.999626 0.000374 4
rVSVOmicron	10	T	11312	0	0.999783	0.000216657	0 0.000217 2
rVSVOmicron	11	T	11830	0	0.99996	4.03522e-05	0 4e-05 0
rVSVOmicron	14	T	13620	0	0.998523	0.00147719	0 0.001477 20
rVSVOmicron	15	C	14499	0.000365704	0.000527998	0.999106	0 0.000894 13
rVSVOmicron	16	G	15472	0.000301553	0	0	0.999698 0.000302 5
rVSVOmicron	17	T	16163	0.000303084	0.999483	0.000214282	0 0.000517 8
rVSVOmicron	18	G	17101	0.000162643	0	0.000286909	0.99955 0.00045 8
rVSVOmicron	19	C	17737	0	0.00019437	0.999806	0 0.000194 3
rVSVOmicron	20	T	18524	0	0.999825	0.00017522	0 0.000175 3
rVSVOmicron	21	C	19517	0	0.000117896	0.999764	0.000117896 0.000236 5
rVSVOmicron	22	C	20175	0	0.00011366	0.999886	0 0.000114 2
rVSVOmicron	23	T	20958	0.000137329	0.99968	0.000128469	5.46363e-05 0.00032 7
rVSVOmicron	24	G	21902	0.000262138	5.24277e-05	0	0.999685 0.000315 7
rVSVOmicron	25	C	22692	0	0.000236223	0.999764	0 0.000236 5
rVSVOmicron	26	C	23158	0	0.000236656	0.999763	0 0.000237 5
rVSVOmicron	27	T	23875	6.24449e-05	0.999793	0.000144404	0 0.000207 5
rVSVOmicron	28	C	24501	0	0.000138403	0.999862	0 0.000138 3
rVSVOmicron	29	T	25216	0.000179336	0.998344	0.00147645	0 0.001656 42
rVSVOmicron	30	G	26775	0.000275215	0.000200051	4.27855e-05	0.999482 0.000518 14
rVSVOmicron	31	G	26800	0.000213983	0	0	0.999786 0.000214 6
rVSVOmicron	32	T	27503	0	0.999858	0.000100113	4.16201e-05 0.000142 4
rVSVOmicron	33	G	28104	4.06873e-05	0	4.06873e-05	0.999919 8.1e-05 2
rVSVOmicron	34	T	28691	0	0.999911	8.85755e-05	0 8.9e-05 3
rVSVOmicron	35	C	29375	0	0.00012204	0.999839	3.85937e-05 0.000161 5
rVSVOmicron	36	T	30150	3.17353e-05	0.999818	0.000150487	0 0.000182 5
rVSVOmicron	37	A	31316	0.999846	0	0	0.000154032 0.000154 5
rVSVOmicron	38	G	32161	3.67516e-05	0.000159919	0	0.999803 0.000197 6
rVSVOmicron	39	C	32860	0	0.000217022	0.999783	0 0.000217 7
rVSVOmicron	40	C	33800	3.37373e-05	0.000123096	0.999843	0 0.000157 5
rVSVOmicron	41	A	34690	0.999932	0	0	6.76088e-05 6.8e-05 2
rVSVOmicron	42	G	35401	0.000314217	0	0	0.999686 0.000314 11
rVSVOmicron	43	T	36053	2.24172e-05	0.999767	2.67282e-05	0.000183648 0.000233 8
rVSVOmicron	44	G	36753	6.22801e-05	9.34201e-05	3.7873e-05	0.999806 0.000194 7
rVSVOmicron	45	C	37500	4.94976e-05	0.000523849	0.999396	3.05235e-05 0.000604 23
rVSVOmicron	46	G	39633	0.000488782	0.000185535	0	0.999326 0.000674 27
rVSVOmicron	47	T	41446	2.7692e-05	0.999783	0.000189353	0 0.000217 9
rVSVOmicron	48	G	44024	0.000166712	0.000166014	2.5809e-05	0.999641 0.000359 16
rVSVOmicron	49	A	47006	0.999687	8.90301e-05	4.84429e-05	0.000175442 0.000313 15
rVSVOmicron	50	A	50187	0.998743	0	4.70045e-05	0.00121005 0.001257 63
rVSVOmicron	51	C	52789	4.28153e-05	0.000133075	0.999824	0 0.000176 9
rVSVOmicron	52	C	38433	5.7942e-05	2.49472e-05	0.999917	0 8.3e-05 3
rVSVOmicron	53	T	39180	3.62071e-05	0.999726	0.000208584	2.91231e-05 0.000274 11
rVSVOmicron	54	G	39944	0.000121319	3.57736e-05	2.87744e-05	0.999814 0.000186 7
rVSVOmicron	55	A	40530	0.999806	5.22e-05	0	0.000142015 0.000194 8
rVSVOmicron	56	C	41249	0	0.000133317	0.999867	0 0.000133 5
rVSVOmicron	57	C	42036	2.73178e-05	2.73178e-05	0.999945	0 5.5e-05 2
rVSVOmicron	58	A	42841	0.999971	0	0	2.92797e-05 2.9e-05 1
rVSVOmicron	59	C	43562	0	5.25227e-05	0.999947	0 5.3e-05 2
rVSVOmicron	60	A	44525	0.999628	3.12813e-05	2.57202e-05	0.000314899 0.000372 17
rVSVOmicron	61	C	45293	5.06083e-05	0.000629868	0.999294	2.53042e-05 0.000706 32
rVSVOmicron	62	G	46299	0.00021179	0.000105895	0	0.999682 0.000318 15
rVSVOmicron	63	G	46904	0.000147533	5.31651e-05	0	0.999799 0.000201 9
rVSVOmicron	64	A	47111	0.999927	0	0	7.31421e-05 7.3e-05 3
rVSVOmicron	65	C	47897	5.38316e-05	0.000407953	0.999538	0 0.000462 22
rVSVOmicron	66	C	48826	2.39808e-05	0.000129626	0.999818	2.85177e-05 0.000182 9
rVSVOmicron	67	C	49755	0.00021044	0.000145981	0.999644	0 0.000356 18
rVSVOmicron	68	A	50701	0.999747	2.28434e-05	0	0.000230287 0.000253 13
rVSVOmicron	69	G	51318	0.000347162	2.24956e-05	0.000179965	0.99945 0.00055 28
rVSVOmicron	70	C	51840	0.000151586	0.00010665	0.99972	2.21687e-05 0.00028 15
rVSVOmicron	71	T	52623	0.00123891	0.998478	0.000283315	0 0.001522 80
rVSVOmicron	72	C	53860	5.54466e-05	0.000347119	0.998406	0.00119095 0.001594 86
rVSVOmicron	73	C	55560	0.000183378	0.000172625	0.999644	0 0.000356 20
rVSVOmicron	74	C	55086	0.000266321	0.000143973	0.999569	2.10553e-05 0.000431 24
rVSVOmicron	75	T	55764	0	0.999719	0.000224593	5.62876e-05 0.000281 16
rVSVOmicron	76	C	56961	4.04297e-05	8.57766e-05	0.999874	0 0.000126 7
rVSVOmicron	77	C	57905	4.02802e-05	0.000233516	0.999651	7.5117e-05 0.000349 20
rVSVOmicron	78	C	58931	0.000133308	0.00030998	0.999557	0 0.000443 26
rVSVOmicron	79	G	60070	0.000796465	3.86481e-05	3.86481e-05	0.999126 0.000874 53
rVSVOmicron	80	C	61493	3.45707e-05	0.000189122	0.999776	0 0.000224 14
rVSVOmicron	81	C	61330	3.83104e-05	0.000377996	0.999565	1.88998e-05 0.000435 27
rVSVOmicron	82	T	62046	1.8704e-05	0.999623	0.000339704	1.8704e-05 0.000377 23
rVSVOmicron	83	A	63285	0.9987	1.8643e-05	0.00115788	0.000123951 0.0013 82
rVSVOmicron	84	C	64057	0	0.000214431	0.999786	0 0.000214 14
rVSVOmicron	85	A	64875	0.999982	0	0	1.79329e-05 1.8e-05 1
rVSVOmicron	86	C	65704	7.75162e-05	3.51914e-05	0.999887	0 0.000113 7
rVSVOmicron	87	A	66574	0.999861	0	1.76522e-05	0.00012118 0.000139 9
rVSVOmicron	88	A	67430	0.999873	1.77591e-05	3.83981e-05	7.10366e-05 0.000127 9
rVSVOmicron	89	A	66692	0.999869	0	0.000130998	0 0.000131 9
rVSVOmicron	90	C	67123	3.49981e-05	0.000243095	0.999722	0 0.000278 19
rVSVOmicron	91	T	67748	6.95807e-06	0.999925	6.77252e-05	0 7.5e-05 5
rVSVOmicron	92	C	68428	5.08136e-05	6.77515e-05	0.999865	1.69379e-05 0.000135 9
rVSVOmicron	93	T	69091	1.70098e-05	0.999748	0.000196762	3.81571e-05 0.000252 17
rVSVOmicron	94	T	70242	1.70592e-05	0.999906	7.65359e-05	0 9.4e-05 7
rVSVOmicron	95	T	71061	2.01061e-05	0.999852	0.000128232	0 0.000148 11
rVSVOmicron	96	C	72122	1.61772e-05	0.000165707	0.999804	1.44283e-05 0.000196 14
rVSVOmicron	97	A	73017	0.999855	4.81189e-05	0	9.66713e-05 0.000145 11
rVSVOmicron	98	C	73842	1.58227e-05	0.000224511	0.99976	0 0.00024 18
rVSVOmicron	99	C	74730	6.47288e-05	0.000261059	0.999642	3.17214e-05 0.000358 27
rVSVOmicron	100	C	75693	1.56541e-05	0.000187849	0.999718	7.82705e-05 0.000282 21
rVSVOmicron	101	G	76654	0.000284284	3.06662e-05	0.000435129	0.99925 0.00075 57
rVSVOmicron	102	G	77394	0.000187778	4.68408e-05	0	0.999765 0.000235 18
rVSVOmicron	103	G	78180	0.000199933	0	3.05052e-05	0.99977 0.00023 18
rVSVOmicron	104	G	78818	0.000125598	4.52644e-05	0	0.999829 0.000171 13
rVSVOmicron	105	C	79638	8.01175e-05	0.00043549	0.999377	0.000107088 0.000623 50
rVSVOmicron	106	G	80357	0.000578441	1.45396e-05	1.45396e-05	0.999392 0.000608 49
rVSVOmicron	107	T	81112	1.81688e-05	0.999887	9.43989e-05	0 0.000113 9
rVSVOmicron	108	G	82203	0.000220518	1.42394e-05	2.84787e-05	0.999737 0.000263 22
rVSVOmicron	109	T	82883	1.41271e-05	0.99958	0.000155016	0.00025047 0.00042 35
rVSVOmicron	110	A	83711	0.999643	1.41969e-05	0.000184176	0.000158852 0.000357 30
rVSVOmicron	111	C	83947	4.13283e-05	0.000172452	0.999772	1.39013e-05 0.000228 19
rVSVOmicron	112	T	85021	5.50662e-05	0.999816	0.000128736	0 0.000184 16
rVSVOmicron	113	A	86196	0.999886	1.37583e-05	1.37583e-05	8.66402e-05 0.000114 10
rVSVOmicron	114	C	86901	6.02959e-05	0.000110725	0.999813	1.64443e-05 0.000187 16
rVSVOmicron	115	C	87934	2.4407e-05	0.000111106	0.999851	1.34785e-05 0.000149 13
rVSVOmicron	116	C	88666	7.10037e-05	9.38263e-05	0.999835	0 0.000165 15
rVSVOmicron	117	C	89535	4.26333e-05	0.000163726	0.99978	1.32557e-05 0.00022 20
rVSVOmicron	118	G	90550	0.000340344	9.13205e-05	0	0.999568 0.000432 39
rVSVOmicron	119	A	92031	0.999908	1.27512e-05	3.82535e-05	4.10105e-05 9.2e-05 8
rVSVOmicron	120	C	93925	2.49268e-05	8.7244e-05	0.999888	0 0.000112 11
rVSVOmicron	121	A	96891	0.999628	1.53264e-05	1.23277e-05	0.000344843 0.000372 36
rVSVOmicron	122	A	100217	0.999827	0	2.39301e-05	0.000149401 0.000173 17
rVSVOmicron	123	G	102471	3.74273e-05	0.000162185	0	0.9998 0.0002 20
rVSVOmicron	124	G	92615	6.48035e-05	4.99022e-05	2.56442e-05	0.99986 0.00014 13
rVSVOmicron	125	T	93333	1.26383e-05	0.999845	0.000129799	1.26383e-05 0.000155 14
rVSVOmicron	126	G	94505	6.76005e-05	3.75183e-05	1.25061e-05	0.999882 0.000118 11
rVSVOmicron	127	T	95165	2.54201e-05	0.999841	0.000120574	1.27101e-05 0.000159 15
rVSVOmicron	128	T	95912	0	0.999954	4.62843e-05	0 4.6e-05 4
rVSVOmicron	129	C	97165	5.18218e-05	0.00017395	0.999762	1.22128e-05 0.000238 23
rVSVOmicron	130	C	98056	6.94775e-05	0.000173694	0.99972	3.63774e-05 0.00028 27
rVSVOmicron	131	G	99810	0.000131276	8.62306e-05	4.76199e-05	0.999735 0.000265 26
rVSVOmicron	132	G	99563	0.00012235	2.67944e-05	1.19445e-05	0.999839 0.000161 16
rVSVOmicron	133	T	98143	1.21502e-05	0.999843	0.000132667	1.21502e-05 0.000157 15
rVSVOmicron	134	C	98562	7.18409e-05	7.18409e-05	0.999844	1.19735e-05 0.000156 15
rVSVOmicron	135	T	99274	0	0.999925	7.50325e-05	0 7.5e-05 7
rVSVOmicron	136	A	101050	0.999747	0	2.38204e-05	0.000228869 0.000253 26
rVSVOmicron	137	G	100427	9.13865e-05	7.83313e-05	2.70896e-05	0.999803 0.000197 20
rVSVOmicron	138	C	101270	1.17485e-05	0.000208933	0.999768	1.17485e-05 0.000232 23
rVSVOmicron	139	G	101988	0.000128313	4.94968e-05	2.99503e-05	0.999792 0.000208 21
rVSVOmicron	140	T	102581	1.56615e-05	0.999159	0.000121533	0.000703514 0.000841 86
rVSVOmicron	141	G	103749	0.000139705	3.43841e-05	0.000711225	0.999115 0.000885 92
rVSVOmicron	142	C	104109	6.86764e-05	0.000289864	0.999641	0 0.000359 37
rVSVOmicron	143	T	104757	1.13666e-05	0.999847	0.000130562	1.13666e-05 0.000153 16
rVSVOmicron	144	C	106096	9.45258e-05	6.01804e-05	0.999798	4.74149e-05 0.000202 21
rVSVOmicron	145	C	106844	0.000400949	0.000167741	0.999431	0 0.000569 61
rVSVOmicron	146	A	106665	0.999619	1.11473e-05	0.00031122	5.8448e-05 0.000381 41
rVSVOmicron	147	C	106602	3.32752e-05	0.00010762	0.999859	0 0.000141 15
rVSVOmicron	148	T	106927	1.10842e-05	0.999907	8.23824e-05	0 9.3e-05 10
rVSVOmicron	149	C	106995	4.87803e-05	2.18772e-05	0.999907	2.18772e-05 9.3e-05 10
rVSVOmicron	150	T	107134	1.78448e-06	0.999731	0.000267672	0 0.000269 29
rVSVOmicron	151	A	107644	0.999928	2.01278e-05	1.80249e-06	4.9869e-05 7.2e-05 8
rVSVOmicron	152	C	108453	3.24956e-05	0.000138765	0.999794	3.51304e-05 0.000206 22
rVSVOmicron	153	A	108464	0.999012	1.09478e-05	0.000541179	0.000435843 0.000988 107
rVSVOmicron	154	C	109604	6.66918e-05	0.000219419	0.999714	0 0.000286 31
rVSVOmicron	155	A	110196	0.999457	1.07487e-05	4.09614e-05	0.000490955 0.000543 60
rVSVOmicron	156	G	111548	0.000149734	5.53304e-05	1.05527e-05	0.999784 0.000216 24
rVSVOmicron	157	G	113640	6.65839e-05	3.10538e-05	1.03513e-05	0.999892 0.000108 12
rVSVOmicron	158	A	115196	0.999873	2.27967e-05	8.23976e-06	9.58559e-05 0.000127 15
rVSVOmicron	159	C	117435	4.99522e-05	0.000228043	0.990337	0.00938505 0.009663 1135
rVSVOmicron	160	C	104569	0.000127005	0.000344252	0.999518	1.12421e-05 0.000482 50
rVSVOmicron	161	T	104844	0.000212442	0.999221	0.00052268	4.39328e-05 0.000779 82
rVSVOmicron	162	G	105806	0.000185904	2.22244e-05	1.50165e-05	0.999777 0.000223 24
rVSVOmicron	163	T	106084	3.82108e-05	0.989481	8.71991e-05	0.0103937 0.010519 1116
rVSVOmicron	164	T	106474	3.56601e-05	0.990207	0.000112162	0.0096456 0.009793 1043
rVSVOmicron	165	C	107560	4.42161e-05	0.00019718	0.99972	3.85397e-05 0.00028 30
rVSVOmicron	166	C	104851	0.000103745	0.000246622	0.999601	4.82324e-05 0.000399 42
rVSVOmicron	167	T	105083	3.97597e-05	0.999616	0.000344086	0 0.000384 40
rVSVOmicron	168	C	106263	7.99123e-05	0.000104661	0.99978	3.57816e-05 0.00022 23
rVSVOmicron	169	C	106859	8.1101e-05	0.000105613	0.999799	1.39203e-05 0.000201 21
rVSVOmicron	170	C	106893	8.55038e-05	0.00012706	0.999776	1.10617e-05 0.000224 24
rVSVOmicron	171	T	107083	1.10777e-05	0.99965	0.00027844	6.07777e-05 0.00035 37
rVSVOmicron	172	T	107703	3.44358e-05	0.999869	6.17362e-05	3.44358e-05 0.000131 14
rVSVOmicron	173	T	108139	0	0.99988	7.64565e-05	4.38588e-05 0.00012 13
rVSVOmicron	174	C	108058	4.31963e-05	0.000234661	0.999711	1.07991e-05 0.000289 31
rVSVOmicron	175	T	108073	3.27791e-05	0.999807	0.000138794	2.12621e-05 0.000193 21
rVSVOmicron	176	T	108977	0	0.999976	2.3827e-05	0 2.4e-05 3
rVSVOmicron	177	C	109612	5.79211e-05	0.000121577	0.99981	1.06093e-05 0.00019 21
rVSVOmicron	178	A	109193	0.999765	0	0	0.000235159 0.000235 26
rVSVOmicron	179	G	109868	0.000153002	1.03535e-05	1.06411e-05	0.999826 0.000174 19
rVSVOmicron	180	C	110739	5.53275e-05	0.000173398	0.99975	2.13895e-05 0.00025 28
rVSVOmicron	181	A	110940	0.999916	1.04623e-05	1.01795e-05	6.30565e-05 8.4e-05 9
rVSVOmicron	182	A	110981	0.999925	1.07293e-05	1.07293e-05	5.36464e-05 7.5e-05 8
rVSVOmicron	183	C	111693	1.04215e-05	0.000262228	0.999708	1.91531e-05 0.000292 33
rVSVOmicron	184	G	111481	0.000725215	4.19921e-05	2.09961e-05	0.999212 0.000788 88
rVSVOmicron	185	T	111919	2.1481e-05	0.99989	7.82924e-05	1.04578e-05 0.00011 12
rVSVOmicron	186	G	112932	5.40793e-05	8.44641e-05	6.69022e-05	0.999795 0.000205 23
rVSVOmicron	187	A	113119	0.999574	1.02847e-05	2.3071e-05	0.000392485 0.000426 48
rVSVOmicron	188	C	113947	4.09471e-05	0.000110391	0.999849	0 0.000151 17
rVSVOmicron	189	A	112291	0.999802	3.35979e-05	1.10111e-05	0.000153308 0.000198 22
rVSVOmicron	190	T	112301	2.33028e-05	0.999922	5.44668e-05	0 7.8e-05 9
rVSVOmicron	191	G	112918	7.77913e-05	5.70095e-05	3.11727e-05	0.999834 0.000166 19
rVSVOmicron	192	G	113169	0.000591067	7.41633e-05	1.03549e-05	0.999324 0.000676 77
rVSVOmicron	193	T	113152	1.0672e-05	0.999867	0.000109316	1.32679e-05 0.000133 15
rVSVOmicron	194	T	113464	6.09976e-06	0.99993	5.37888e-05	1.02587e-05 7e-05 8
rVSVOmicron	195	C	114152	6.37279e-05	0.000105012	0.999821	1.02519e-05 0.000179 20
rVSVOmicron	196	C	114528	3.05696e-05	0.000150094	0.999807	1.26685e-05 0.000193 22
rVSVOmicron	197	A	114624	0.999834	0	0	0.000165688 0.000166 19
rVSVOmicron	198	C	115301	2.37526e-05	0.000153163	0.999783	4.04067e-05 0.000217 25
rVSVOmicron	199	G	115759	0.0005424	3.02849e-05	1.0095e-05	0.999417 0.000583 67
rVSVOmicron	200	T	115924	0.000102758	0.999846	5.11029e-05	0 0.000154 18
rVSVOmicron	201	G	116589	0.000599895	7.98422e-05	4.23487e-05	0.999278 0.000722 84
rVSVOmicron	202	A	116374	0.999936	9.93884e-06	0	5.45293e-05 6.4e-05 7
rVSVOmicron	203	T	116205	1.00263e-05	0.998928	0.0010617	0 0.001072 125
rVSVOmicron	204	C	115655	2.48775e-05	0.000157648	0.999795	2.24439e-05 0.000205 24
rVSVOmicron	205	T	115875	3.24385e-05	0.999908	5.94706e-05	0 9.2e-05 11
rVSVOmicron	206	C	115859	0.000297612	9.25483e-05	0.99958	2.995e-05 0.00042 49
rVSVOmicron	207	T	116193	5.99445e-05	0.999718	0.000189554	3.24024e-05 0.000282 33
rVSVOmicron	208	G	117387	0.000163866	2.98672e-05	1.91042e-05	0.999787 0.000213 25
rVSVOmicron	209	G	117837	0.000333515	4.96782e-05	1.34265e-05	0.999603 0.000397 47
rVSVOmicron	210	C	118305	3.03038e-05	0.000245886	0.999706	1.78101e-05 0.000294 35
rVSVOmicron	211	A	118334	0.999879	3.92295e-05	0	8.19048e-05 0.000121 14
rVSVOmicron	212	C	119082	9.74075e-06	0.000104252	0.999886	0 0.000114 14
rVSVOmicron	213	A	118934	0.999834	5.33302e-05	1.95368e-05	9.31958e-05 0.000166 20
rVSVOmicron	214	A	119041	0.999846	8.03347e-06	5.40921e-05	9.18494e-05 0.000154 18
rVSVOmicron	215	A	119298	0.999777	3.06622e-05	9.64064e-05	9.64064e-05 0.000223 27
rVSVOmicron	216	C	119753	6.52148e-05	0.000462266	0.999463	9.69055e-06 0.000537 64
rVSVOmicron	217	G	119906	0.000338671	8.08886e-05	8.24798e-05	0.999498 0.000502 60
rVSVOmicron	218	G	119948	0.000601621	0.000168348	0	0.99923 0.00077 92
rVSVOmicron	219	C	120100	4.34457e-05	0.000292604	0.999664	0 0.000336 40
rVSVOmicron	220	A	119983	0.99986	0	1.93367e-05	0.000120724 0.00014 17
rVSVOmicron	221	C	120688	4.75337e-05	0.00020546	0.999747	0 0.000253 31
rVSVOmicron	222	A	120651	0.999892	9.69258e-06	2.90777e-05	6.96818e-05 0.000108 13
rVSVOmicron	223	A	120973	0.999865	2.17857e-05	1.96603e-05	9.32536e-05 0.000135 16
rVSVOmicron	224	A	120839	0.999882	1.22341e-05	0	0.000105319 0.000118 14
rVSVOmicron	225	G	121375	7.02136e-05	7.02136e-05	9.69367e-06	0.99985 0.00015 18
rVSVOmicron	226	C	122046	0.000126296	0.000369094	0.999486	1.90733e-05 0.000514 63
rVSVOmicron	227	G	122870	0.000217308	3.08239e-05	2.85121e-05	0.999723 0.000277 34
rVSVOmicron	228	G	122792	8.24861e-05	0	0	0.999918 8.2e-05 10
rVSVOmicron	229	T	122652	2.85488e-05	0.99921	0.000742525	1.90325e-05 0.00079 97
rVSVOmicron	230	T	122357	0.000722896	0.99921	5.71113e-05	9.51856e-06 0.00079 97
rVSVOmicron	231	C	122918	5.15103e-05	0.00106243	0.998877	9.38857e-06 0.001123 138
rVSVOmicron	232	G	123128	0.000253765	5.02429e-05	3.26451e-05	0.999663 0.000337 41
rVSVOmicron	233	A	122931	0.999856	0	0	0.000144303 0.000144 18
rVSVOmicron	234	C	123724	4.17801e-05	0.000106967	0.999851	0 0.000149 18
rVSVOmicron	235	A	123702	0.999852	2.11612e-05	1.88666e-05	0.000108356 0.000148 18
rVSVOmicron	236	A	123502	0.999962	0	1.9006e-05	1.9006e-05 3.8e-05 5
rVSVOmicron	237	C	123663	4.7066e-05	0.000164604	0.999788	0 0.000212 26
rVSVOmicron	238	C	125174	9.57731e-05	0.000165335	0.99973	9.32528e-06 0.00027 34
rVSVOmicron	239	C	125335	0.000144425	0.000602698	0.999253	0 0.000747 94
rVSVOmicron	240	C	125677	0.000104085	0.000166034	0.999612	0.00011813 0.000388 49
rVSVOmicron	241	G	125609	0.000372334	8.00879e-05	9.20265e-06	0.999538 0.000462 58
rVSVOmicron	242	T	125594	0.000178964	0.999658	0.000135487	2.80579e-05 0.000342 43
rVSVOmicron	243	G	126332	0.000280274	4.5563e-05	6.40345e-06	0.999668 0.000332 42
rVSVOmicron	244	C	126077	3.67763e-05	0.000205355	0.99973	2.73971e-05 0.00027 34
rVSVOmicron	245	T	126150	7.24603e-05	0.999638	0.000280294	9.05754e-06 0.000362 46
rVSVOmicron	246	C	127156	4.98121e-05	7.48409e-05	0.999548	0.000327091 0.000452 57
rVSVOmicron	247	C	127602	0.000109642	8.22319e-05	0.999758	4.98824e-05 0.000242 31
rVSVOmicron	248	C	127138	7.27586e-05	0.000102355	0.999777	4.7848e-05 0.000223 28
rVSVOmicron	249	T	126964	9.12757e-06	0.999651	0.000330319	9.12757e-06 0.000349 44
rVSVOmicron	250	T	127445	9.24066e-06	0.99982	0.000150348	2.07291e-05 0.00018 23
rVSVOmicron	251	T	127622	1.8344e-05	0.999936	2.7516e-05	1.8344e-05 6.4e-05 8
rVSVOmicron	252	C	128152	1.79521e-05	8.07845e-05	0.999883	1.79521e-05 0.000117 15
rVSVOmicron	253	A	127691	0.999029	0	1.82224e-05	0.000952983 0.000971 124
rVSVOmicron	254	A	127938	0.999931	0	0	6.86184e-05 6.9e-05 9
rVSVOmicron	255	C	128738	5.76423e-05	0.000364828	0.998967	0.000610048 0.001033 133
rVSVOmicron	256	G	129097	0.000262747	1.79366e-05	4.02362e-05	0.999679 0.000321 41
rVSVOmicron	257	A	128587	0.999956	7.75313e-06	1.79291e-05	1.79291e-05 4.4e-05 6
rVSVOmicron	258	C	129207	1.07565e-05	0.000329148	0.999651	8.84421e-06 0.000349 45
rVSVOmicron	259	G	129443	0.000156219	7.36427e-05	4.68416e-05	0.999723 0.000277 36
rVSVOmicron	260	G	129613	0.000121474	6.21773e-05	8.88248e-06	0.999807 0.000193 25
rVSVOmicron	261	C	129826	8.82167e-06	0.000426778	0.999564	0 0.000436 57
rVSVOmicron	262	G	130098	0.00293066	1.75901e-05	1.75901e-05	0.997034 0.002966 386
rVSVOmicron	263	T	129963	1.80668e-05	0.999885	8.78927e-05	9.03342e-06 0.000115 15
rVSVOmicron	264	G	130129	0.000177345	8.80776e-06	9.28386e-06	0.999805 0.000195 25
rVSVOmicron	265	T	130120	0.000234402	0.999633	0.000126563	5.68822e-06 0.000367 48
rVSVOmicron	266	A	129676	0.999654	1.79586e-05	0.000186866	0.000141242 0.000346 45
rVSVOmicron	267	C	129701	0	7.30351e-05	0.999927	0 7.3e-05 9
rVSVOmicron	268	T	129959	2.05079e-05	0.999795	0.000124283	5.97942e-05 0.000205 27
rVSVOmicron	269	T	126791	6.81934e-05	0.999914	9.10887e-06	9.10887e-06 8.6e-05 11
rVSVOmicron	270	C	127434	8.78886e-05	0.000232036	0.999662	1.78675e-05 0.000338 43
rVSVOmicron	271	G	127891	0.00027731	9.89179e-05	2.01724e-05	0.999604 0.000396 51
rVSVOmicron	272	C	128216	5.5759e-05	0.00016076	0.999775	8.9311e-06 0.000225 29
rVSVOmicron	273	C	128845	7.1797e-05	0.000130867	0.99972	7.73198e-05 0.00028 36
rVSVOmicron	274	A	128413	0.9998	0	8.9581e-06	0.000191268 0.0002 26
rVSVOmicron	275	G	129039	0.000299997	5.11548e-05	8.84453e-06	0.99964 0.00036 46
rVSVOmicron	276	C	129861	6.04661e-05	0.000288999	0.999642	8.80806e-06 0.000358 46
rVSVOmicron	277	A	129722	0.999865	0	6.3911e-05	7.05883e-05 0.000135 18
rVSVOmicron	278	T	130102	1.90238e-05	0.999812	0.000142917	2.63956e-05 0.000188 24
rVSVOmicron	279	A	129455	0.999717	4.46453e-05	5.33331e-05	0.000184614 0.000283 37
rVSVOmicron	280	G	130072	8.01984e-05	5.53923e-05	5.61148e-05	0.999808 0.000192 25
rVSVOmicron	281	A	129913	0.999867	8.79299e-06	0	0.000123815 0.000133 17
rVSVOmicron	282	G	130175	0.000121712	2.72062e-05	1.76602e-05	0.999833 0.000167 22
rVSVOmicron	283	A	131458	0.999892	8.81258e-06	0	9.93201e-05 0.000108 14
rVSVOmicron	284	A	130264	0.999756	3.47996e-05	3.65272e-05	0.00017227 0.000244 32
rVSVOmicron	285	G	130955	0.000247222	5.61222e-05	8.7617e-06	0.999688 0.000312 41
rVSVOmicron	286	T	131464	8.80626e-06	0.999936	4.61734e-05	8.80626e-06 6.4e-05 8
rVSVOmicron	287	C	131470	8.95159e-05	4.36951e-05	0.999858	8.73902e-06 0.000142 19
rVSVOmicron	288	T	131606	1.73888e-05	0.999455	0.000508269	1.95036e-05 0.000545 72
rVSVOmicron	289	A	132522	0.999691	0	0.000246284	6.29209e-05 0.000309 41
rVSVOmicron	290	A	132841	0.999655	0.000218781	3.85528e-05	8.79856e-05 0.000345 46
rVSVOmicron	291	C	133258	3.4491e-05	8.17996e-05	0.999884	0 0.000116 15
rVSVOmicron	292	A	131204	0.999919	1.74961e-05	8.74803e-06	5.43796e-05 8.1e-05 11
rVSVOmicron	293	T	131534	8.95277e-06	0.999897	6.70248e-05	2.68583e-05 0.000103 14
rVSVOmicron	294	T	131739	8.84874e-06	0.999922	5.30925e-05	1.57842e-05 7.8e-05 10
rVSVOmicron	295	A	132045	0.999918	0	1.78453e-05	6.4629e-05 8.2e-05 11
rVSVOmicron	296	T	132338	8.76568e-06	0.999734	0.000234067	2.29803e-05 0.000266 35
rVSVOmicron	297	C	132979	6.21354e-05	0.000255756	0.999665	1.7221e-05 0.000335 45
rVSVOmicron	298	C	133301	4.32237e-05	0.000168923	0.999771	1.72895e-05 0.000229 31
rVSVOmicron	299	G	133938	0.000196444	8.82138e-05	0.000103343	0.999612 0.000388 52
rVSVOmicron	300	G	134411	0.0001056	7.31974e-05	0	0.999821 0.000179 24
rVSVOmicron	301	G	134628	0.000114611	4.94172e-05	0	0.999836 0.000164 22
rVSVOmicron	302	G	134379	0.000150143	6.18099e-05	2.76761e-05	0.99976 0.00024 32
rVSVOmicron	303	C	133817	4.33044e-05	0.000426256	0.999461	6.92871e-05 0.000539 72
rVSVOmicron	304	T	134275	8.56099e-06	0.999618	0.000302642	7.08017e-05 0.000382 51
rVSVOmicron	305	G	135896	0.00019541	5.26103e-05	2.71023e-05	0.999725 0.000275 37
rVSVOmicron	306	G	136264	0.000144619	9.08446e-05	6.636e-06	0.999758 0.000242 33
rVSVOmicron	307	A	135537	0.999923	7.06035e-06	8.42687e-06	6.10379e-05 7.7e-05 10
rVSVOmicron	308	T	135827	8.54334e-06	0.999938	5.31073e-05	0 6.2e-05 8
rVSVOmicron	309	T	135784	8.56439e-06	0.999974	8.56439e-06	8.56439e-06 2.6e-05 4
rVSVOmicron	310	T	136166	8.49451e-06	0.999958	3.39781e-05	0 4.2e-05 6
rVSVOmicron	311	T	136110	8.44571e-06	0.999916	6.75657e-05	8.44571e-06 8.4e-05 11
rVSVOmicron	312	C	136142	0.000112498	0.000320359	0.99955	1.6683e-05 0.00045 61
rVSVOmicron	313	G	136323	0.00019959	0.000125541	5.90112e-05	0.999616 0.000384 52
rVSVOmicron	314	G	136529	0.000323031	7.24427e-05	0	0.999605 0.000395 54
rVSVOmicron	315	C	136686	4.16753e-05	0.000301189	0.999657	0 0.000343 47
rVSVOmicron	316	A	135322	0.999742	3.259e-05	2.6932e-05	0.000198708 0.000258 35
rVSVOmicron	317	C	135834	4.4316e-05	0.000165959	0.999778	1.13051e-05 0.000222 30
rVSVOmicron	318	C	136033	0.000199631	0.000189172	0.999592	1.88717e-05 0.000408 56
rVSVOmicron	319	A	135849	0.999825	1.63121e-05	2.18984e-05	0.00013653 0.000175 24
rVSVOmicron	320	C	136530	0.000105595	8.81082e-05	0.999723	8.34001e-05 0.000277 38
rVSVOmicron	321	A	135886	0.99981	0	0.000154055	3.58851e-05 0.00019 26
rVSVOmicron	322	C	134958	8.35865e-06	5.85105e-05	0.999925	8.35865e-06 7.5e-05 10
rVSVOmicron	323	T	135176	0.000853638	0.998875	0.000263097	8.44282e-06 0.001125 152
rVSVOmicron	324	C	136636	9.31829e-05	0.00107989	0.998802	2.48637e-05 0.001198 164
rVSVOmicron	325	G	136871	0.000235271	4.12005e-05	2.49905e-05	0.999699 0.000301 41
rVSVOmicron	326	A	136053	0.999888	8.31419e-06	8.31419e-06	9.55008e-05 0.000112 15
rVSVOmicron	327	C	136231	2.51e-05	7.53e-05	0.999891	8.36667e-06 0.000109 15
rVSVOmicron	328	T	135770	2.49141e-05	0.999831	9.80711e-05	4.59779e-05 0.000169 23
rVSVOmicron	329	C	135935	5.81276e-05	3.72556e-05	0.999896	8.30395e-06 0.000104 14
rVSVOmicron	330	T	135792	5.69922e-06	0.999783	0.00019423	1.68697e-05 0.000217 29
rVSVOmicron	331	A	136927	0.99902	1.68954e-05	3.08227e-05	0.000932674 0.00098 134
rVSVOmicron	332	A	136159	0.999454	0.000406257	2.5334e-05	0.000114345 0.000546 74
rVSVOmicron	333	G	136742	0.000111947	5.91722e-05	3.38127e-05	0.999795 0.000205 28
rVSVOmicron	334	A	137233	0.99989	3.35602e-05	0	7.62934e-05 0.00011 15
rVSVOmicron	335	C	137661	3.47268e-05	0.000117314	0.999848	0 0.000152 21
rVSVOmicron	336	A	137318	0.999054	8.39116e-06	3.56057e-05	0.000901483 0.000946 130
rVSVOmicron	337	C	137958	3.78922e-05	0.000219597	0.999743	0 0.000257 35
rVSVOmicron	338	A	137227	0.999545	1.86708e-05	6.07363e-05	0.000376115 0.000455 62
rVSVOmicron	339	G	137932	0.000107441	1.68803e-05	3.37607e-05	0.999842 0.000158 22
rVSVOmicron	340	T	137995	2.19143e-05	0.99987	0.000101074	6.70845e-06 0.00013 18
rVSVOmicron	341	C	138570	5.72269e-05	6.16804e-05	0.999881	0 0.000119 16
rVSVOmicron	342	C	138830	0.000116954	0.000123276	0.999743	1.67077e-05 0.000257 36
rVSVOmicron	343	C	137980	3.30428e-05	0.000101807	0.999832	3.30428e-05 0.000168 23
rVSVOmicron	344	T	138184	2.54311e-05	0.999697	0.000269791	8.18219e-06 0.000303 42
rVSVOmicron	345	C	139707	6.10634e-05	6.52519e-05	0.999856	1.80765e-05 0.000144 20
rVSVOmicron	346	C	138874	0.000130471	0.000134894	0.999702	3.27284e-05 0.000298 41
rVSVOmicron	347	T	138697	8.24321e-06	0.999794	0.0001789	1.84915e-05 0.000206 29
rVSVOmicron	348	G	139644	9.7497e-05	4.88586e-05	2.44293e-05	0.999829 0.000171 24
rVSVOmicron	349	A	136249	0.99994	2.48938e-05	8.29794e-06	2.69123e-05 6e-05 8
rVSVOmicron	350	T	136416	0	0.999961	2.13848e-05	1.72008e-05 3.9e-05 5
rVSVOmicron	351	T	136202	3.33959e-05	0.999851	7.49151e-05	4.0391e-05 0.000149 20
rVSVOmicron	352	G	134665	0.000172729	1.69074e-05	8.45369e-06	0.999802 0.000198 27
rVSVOmicron	353	T	134443	2.43047e-05	0.999904	6.08754e-05	1.04488e-05 9.6e-05 13
rVSVOmicron	354	G	134879	0.000128395	0.000105443	1.68163e-05	0.999749 0.000251 34
rVSVOmicron	355	A	134743	0.99983	5.31504e-05	1.70265e-05	0.000100318 0.00017 23
rVSVOmicron	356	A	134634	0.999921	2.28985e-06	8.47245e-06	6.77796e-05 7.9e-05 11
rVSVOmicron	357	C	134922	6.09421e-05	0.000140758	0.99979	8.41365e-06 0.00021 28
rVSVOmicron	358	A	134220	0.999915	8.47899e-06	0	7.63109e-05 8.5e-05 11
rVSVOmicron	359	A	134416	0.999955	0	1.71544e-05	2.7818e-05 4.5e-05 6
rVSVOmicron	360	C	135017	1.68111e-05	0.000256256	0.99971	1.68111e-05 0.00029 39
rVSVOmicron	361	G	135395	0.000370594	3.58713e-05	1.05101e-05	0.999583 0.000417 56
rVSVOmicron	362	C	135200	9.12967e-05	0.000282792	0.999626	0 0.000374 51
rVSVOmicron	363	C	135520	5.0139e-05	0.000142061	0.999799	8.3565e-06 0.000201 27
rVSVOmicron	364	A	135189	0.999904	2.53036e-05	8.43452e-06	6.20052e-05 9.6e-05 13
rVSVOmicron	365	C	135824	4.3355e-05	6.64927e-05	0.999882	8.31158e-06 0.000118 16
rVSVOmicron	366	A	135828	0.999777	8.45129e-06	8.61118e-05	0.000128597 0.000223 30
rVSVOmicron	367	A	136022	0.999184	1.74053e-05	0.000715734	8.25575e-05 0.000816 111
rVSVOmicron	368	A	135400	0.999929	1.76646e-05	3.58067e-05	1.76646e-05 7.1e-05 10
rVSVOmicron	369	C	135793	6.87729e-05	0.000118125	0.999735	7.76837e-05 0.000265 36
rVSVOmicron	370	G	134994	0.000181483	1.68928e-05	0	0.999802 0.000198 27
rVSVOmicron	371	T	134450	6.98889e-05	0.999834	5.24167e-05	4.32083e-05 0.000166 22
rVSVOmicron	372	G	134618	0.000148149	8.04959e-05	2.5456e-05	0.999746 0.000254 34
rVSVOmicron	373	G	133772	0.000113334	2.54657e-05	8.48856e-06	0.999853 0.000147 20
rVSVOmicron	374	T	133601	0.00229429	0.997628	6.92122e-05	8.65152e-06 0.002372 317
rVSVOmicron	375	G	134353	8.7257e-05	6.74362e-05	0.00218051	0.997665 0.002335 314
rVSVOmicron	376	A	134111	0.999939	0	2.33547e-05	3.77796e-05 6.1e-05 8
rVSVOmicron	377	T	134308	1.40911e-05	0.999896	5.63645e-05	3.31142e-05 0.000104 14
rVSVOmicron	378	T	134484	8.41673e-06	0.999839	0.000132393	2.02457e-05 0.000161 22
rVSVOmicron	379	A	134640	0.999665	2.75731e-05	8.27194e-06	0.000299398 0.000335 45
rVSVOmicron	380	A	133959	0.999572	0.000102226	8.68688e-05	0.000239061 0.000428 57
rVSVOmicron	381	G	134543	5.10713e-05	0.000150223	0	0.999799 0.000201 27
rVSVOmicron	382	G	134440	3.90167e-05	4.06328e-05	0	0.99992 8e-05 11
rVSVOmicron	383	T	134189	8.44954e-06	0.999932	5.64064e-05	2.96876e-06 6.8e-05 9
rVSVOmicron	384	G	135230	6.70973e-05	7.75245e-05	0	0.999855 0.000145 20
rVSVOmicron	385	T	135138	1.04165e-05	0.999956	2.51356e-05	8.37852e-06 4.4e-05 6
rVSVOmicron	386	G	135793	5.84712e-05	8.35303e-05	0	0.999858 0.000142 19
rVSVOmicron	387	C	135955	6.93224e-05	0.000972786	0.998941	1.68192e-05 0.001059 144
rVSVOmicron	388	G	136029	0.000117682	0.000106185	2.70534e-05	0.999749 0.000251 34
rVSVOmicron	389	A	135137	0.999906	2.69757e-05	0	6.65401e-05 9.4e-05 13
rVSVOmicron	390	G	135704	7.54853e-05	1.66744e-05	8.56251e-05	0.999822 0.000178 24
rVSVOmicron	391	T	135915	9.12907e-05	0.999856	5.2756e-05	0 0.000144 20
rVSVOmicron	392	T	136131	0	0.999835	0.000165207	0 0.000165 22
rVSVOmicron	393	C	136548	1.90834e-05	0.000132902	0.999823	2.52174e-05 0.000177 24
rVSVOmicron	394	C	136859	0.000109362	0.000273067	0.999574	4.37449e-05 0.000426 58
rVSVOmicron	395	A	136220	0.999338	8.30186e-06	5.34012e-05	0.000600202 0.000662 90
rVSVOmicron	396	G	136924	0.000127744	6.21884e-05	0	0.99981 0.00019 26
rVSVOmicron	397	T	137057	0.000306532	0.999605	8.04132e-05	8.47661e-06 0.000395 54
rVSVOmicron	398	T	137367	9.45382e-06	0.999512	0.000478994	0 0.000488 67
rVSVOmicron	399	C	136573	9.43123e-05	0.000197628	0.999673	3.51139e-05 0.000327 45
rVSVOmicron	400	T	136849	2.67443e-05	0.999745	0.000203925	2.47385e-05 0.000255 35
rVSVOmicron	401	G	138003	0.000185453	3.29101e-05	4.31389e-05	0.999739 0.000261 36
rVSVOmicron	402	C	138056	3.75858e-05	0.000271552	0.999662	2.86897e-05 0.000338 47
rVSVOmicron	403	A	137760	0.999852	8.23311e-06	0	0.000139963 0.000148 20
rVSVOmicron	404	A	137999	0.999815	8.32264e-06	4.16132e-05	0.000134962 0.000185 26
rVSVOmicron	405	C	138781	4.34976e-05	0.000183706	0.999773	0 0.000227 32
rVSVOmicron	406	G	139259	0.000277194	9.74701e-05	2.44778e-05	0.999601 0.000399 56
rVSVOmicron	407	A	139068	0.999903	6.53753e-05	0	3.13625e-05 9.7e-05 13
rVSVOmicron	408	C	139931	6.26414e-05	0.000102263	0.999825	1.0182e-05 0.000175 24
rVSVOmicron	409	C	140204	6.7788e-05	0.000138029	0.999761	3.30021e-05 0.000239 34
rVSVOmicron	410	C	139822	0.000272733	0.000145752	0.999582	0 0.000418 58
rVSVOmicron	411	T	139357	3.34133e-05	0.99976	0.000167067	3.92832e-05 0.00024 33
rVSVOmicron	412	T	140145	8.61185e-06	0.999882	7.51791e-05	3.44474e-05 0.000118 17
rVSVOmicron	413	T	140158	3.11992e-05	0.99965	0.000318804	0 0.00035 49
rVSVOmicron	414	C	140810	2.4441e-05	0.000523389	0.999434	1.82757e-05 0.000566 80
rVSVOmicron	415	C	140455	0.000164145	0.000356341	0.999447	3.24345e-05 0.000553 78
rVSVOmicron	416	T	140206	2.15126e-05	0.999506	0.000439346	3.28234e-05 0.000494 69
rVSVOmicron	417	G	141615	0.000201039	9.95306e-05	2.63657e-05	0.999673 0.000327 46
rVSVOmicron	418	G	141934	0.000184868	1.61133e-05	2.61297e-05	0.999773 0.000227 32
rVSVOmicron	419	A	141569	0.999941	0	2.57515e-05	3.36916e-05 5.9e-05 8
rVSVOmicron	420	T	141791	7.96819e-06	0.999942	4.97474e-05	0 5.8e-05 8
rVSVOmicron	421	C	142506	3.17758e-05	0.000101983	0.999866	0 0.000134 19
rVSVOmicron	422	A	142097	0.999697	0.000154633	1.58269e-05	0.00013239 0.000303 43
rVSVOmicron	423	C	142469	1.76039e-05	0.000108843	0.999874	0 0.000126 18
rVSVOmicron	424	A	142192	0.999531	2.23027e-05	2.57672e-05	0.000420937 0.000469 67
rVSVOmicron	425	A	141464	0.999587	8.02518e-06	8.02518e-06	0.000396487 0.000413 58
rVSVOmicron	426	G	141469	0.000108171	0.000233001	8.21835e-06	0.999651 0.000349 49
rVSVOmicron	427	A	142088	0.999898	1.35148e-05	8.06527e-06	8.04347e-05 0.000102 14
rVSVOmicron	428	A	142256	0.99981	8.00127e-06	8.00127e-06	0.000174298 0.00019 27
rVSVOmicron	429	C	142609	4.76367e-05	0.000190332	0.999754	7.93945e-06 0.000246 35
rVSVOmicron	430	A	142378	0.999911	2.34613e-05	3.18557e-05	3.37929e-05 8.9e-05 13
rVSVOmicron	431	A	142578	0.999829	8.07839e-06	1.61568e-05	0.000147158 0.000171 24
rVSVOmicron	432	C	143477	2.37638e-05	7.12914e-05	0.999881	2.37638e-05 0.000119 17
rVSVOmicron	433	A	143157	0.999846	8.18623e-06	1.63725e-05	0.000128988 0.000154 22
rVSVOmicron	434	A	142014	0.999772	8.36847e-06	3.34739e-05	0.000185689 0.000228 32
rVSVOmicron	435	G	142507	0.000110185	6.63359e-05	8.3201e-06	0.999815 0.000185 26
rVSVOmicron	436	T	142695	3.87443e-05	0.99988	8.1451e-05	0 0.00012 17
rVSVOmicron	437	C	141885	4.7855e-05	5.85623e-05	0.999894	0 0.000106 15
rVSVOmicron	438	T	141639	4.45675e-05	0.999928	1.09772e-05	1.62463e-05 7.2e-05 10
rVSVOmicron	439	T	142904	2.43571e-05	0.99991	6.57425e-05	0 9e-05 13
rVSVOmicron	440	G	143662	5.55901e-05	0.000119122	1.78146e-05	0.999807 0.000193 28
rVSVOmicron	441	G	143638	6.92729e-05	8.8943e-05	1.77458e-05	0.999824 0.000176 25
rVSVOmicron	442	A	143349	0.999741	0.000121967	0	0.000137293 0.000259 37
rVSVOmicron	443	T	143518	0	0.999945	5.52197e-05	0 5.5e-05 8
rVSVOmicron	444	G	144083	0.000136412	6.52126e-05	8.10347e-05	0.999717 0.000283 41
rVSVOmicron	445	G	143732	8.91834e-05	0.000100278	3.94711e-05	0.999771 0.000229 33
rVSVOmicron	446	A	142885	0.999765	0	0	0.000235414 0.000235 34
rVSVOmicron	447	G	143422	0.000261204	4.71058e-05	0	0.999692 0.000308 44
rVSVOmicron	448	T	143144	7.93164e-06	0.999919	6.53825e-05	7.93164e-06 8.1e-05 12
rVSVOmicron	449	C	140412	3.33596e-05	7.6749e-05	0.99989	0 0.00011 15
rVSVOmicron	450	T	140448	2.39454e-05	0.999455	0.000391756	0.00012965 0.000545 77
rVSVOmicron	451	G	142189	6.53639e-05	0.000114869	4.90765e-05	0.999771 0.000229 33
rVSVOmicron	452	A	141938	0.999697	1.98383e-05	1.59569e-05	0.000266738 0.000303 43
rVSVOmicron	453	G	141530	8.1619e-05	5.96529e-05	1.59362e-05	0.999843 0.000157 22
rVSVOmicron	454	T	141877	3.82798e-05	0.999895	6.69897e-05	0 0.000105 15
rVSVOmicron	455	T	142257	0	0.999889	0.000110756	0 0.000111 16
rVSVOmicron	456	C	142929	8.57732e-05	0.000125131	0.999765	2.37427e-05 0.000235 34
rVSVOmicron	457	A	141964	0.999647	2.38872e-05	1.59248e-05	0.000312685 0.000353 50
rVSVOmicron	458	G	142449	7.15235e-05	5.34815e-05	3.97353e-05	0.999835 0.000165 24
rVSVOmicron	459	A	142289	0.999726	0	1.60428e-05	0.00025842 0.000274 39
rVSVOmicron	460	G	142867	0.00148984	3.17672e-05	7.94179e-06	0.99847 0.00153 219
rVSVOmicron	461	T	143091	2.55971e-05	0.998399	8.87364e-05	0.00148655 0.001601 229
rVSVOmicron	462	G	143388	0.000196903	3.15386e-05	1.57693e-05	0.999756 0.000244 35
rVSVOmicron	463	T	141671	3.9773e-05	0.999112	0.00010255	0.000745797 0.000888 126
rVSVOmicron	464	A	141686	0.999083	7.9737e-06	0.000723883	0.00018555 0.000917 130
rVSVOmicron	465	C	141547	0.000112809	0.000182446	0.999705	0 0.000295 42
rVSVOmicron	466	T	139377	0	0.999772	0.000177356	5.08303e-05 0.000228 32
rVSVOmicron	467	C	139331	4.89883e-05	0.000166648	0.999747	3.78347e-05 0.000253 35
rVSVOmicron	468	T	139168	2.3976e-05	0.99983	0.000137862	8.214e-06 0.00017 24
rVSVOmicron	469	A	139906	0.999766	0	4.10933e-05	0.000192583 0.000234 33
rVSVOmicron	470	G	140362	6.00799e-05	5.98566e-05	2.47913e-05	0.999855 0.000145 20
rVSVOmicron	471	C	140044	5.69032e-05	0.000209597	0.999676	5.75623e-05 0.000324 45
rVSVOmicron	472	G	140135	0.000462164	7.60774e-05	8.11199e-06	0.999454 0.000546 77
rVSVOmicron	473	C	140425	6.23435e-05	4.06111e-05	0.999889	8.12222e-06 0.000111 16
rVSVOmicron	474	C	140747	5.9894e-05	0.000118269	0.999781	4.07974e-05 0.000219 31
rVSVOmicron	475	A	140378	0.999794	8.08852e-06	0.000147561	5.04986e-05 0.000206 29
rVSVOmicron	476	A	140511	0.99986	8.05853e-06	8.05853e-06	0.000123927 0.00014 20
rVSVOmicron	477	C	141145	5.46679e-05	0.000137858	0.999799	7.99491e-06 0.000201 28
rVSVOmicron	478	A	141027	0.999594	0	3.23459e-05	0.000373726 0.000406 57
rVSVOmicron	479	A	141079	0.99977	1.37466e-05	1.06425e-05	0.000205533 0.00023 32
rVSVOmicron	480	C	140230	4.01937e-05	0.000174463	0.999785	0 0.000215 30
rVSVOmicron	481	T	140962	3.4435e-05	0.999667	0.00026665	3.22276e-05 0.000333 47
rVSVOmicron	482	G	142928	0.000651507	8.78316e-05	2.39541e-05	0.999237 0.000763 109
rVSVOmicron	483	C	145268	4.51448e-05	0.000156852	0.999798	0 0.000202 29
rVSVOmicron	484	A	146842	0.999858	3.08117e-05	2.68561e-05	8.38994e-05 0.000142 21
rVSVOmicron	485	C	148753	3.21491e-05	8.44945e-05	0.999876	7.62511e-06 0.000124 18
rVSVOmicron	486	C	140251	7.48215e-05	0.00026997	0.999655	0 0.000345 48
rVSVOmicron	487	T	140394	6.55288e-05	0.999679	0.000206549	4.87038e-05 0.000321 45
rVSVOmicron	488	T	140767	1.61249e-05	0.999952	2.41873e-05	8.06244e-06 4.8e-05 7
rVSVOmicron	489	C	140854	4.81866e-05	0.000184498	0.999767	0 0.000233 33
rVSVOmicron	490	G	140934	0.000168347	7.19003e-05	4.56165e-05	0.999714 0.000286 40
rVSVOmicron	491	A	139717	0.99995	0	0	5.01231e-05 5e-05 7
rVSVOmicron	492	G	140326	4.06444e-05	6.87659e-05	0	0.999891 0.000109 15
rVSVOmicron	493	T	140380	0	0.999873	0.00011879	8.10927e-06 0.000127 18
rVSVOmicron	494	A	140653	0.99979	8.01462e-06	0	0.000201882 0.00021 30
rVSVOmicron	495	C	140531	2.2454e-05	0.000259638	0.9997	1.8094e-05 0.0003 42
rVSVOmicron	496	G	138391	0.000749837	4.91624e-05	1.39515e-05	0.999187 0.000813 113
rVSVOmicron	497	T	138553	8.23557e-06	0.999927	5.96522e-05	5.34199e-06 7.3e-05 10
rVSVOmicron	498	G	139606	0.000131693	4.00994e-05	2.58565e-05	0.999802 0.000198 28
rVSVOmicron	499	T	139693	4.22039e-05	0.999876	6.72217e-05	1.4358e-05 0.000124 17
rVSVOmicron	500	C	140262	4.06071e-05	0.000115236	0.999844	0 0.000156 22
rVSVOmicron	501	C	141033	6.55207e-05	0.00019944	0.99971	2.45703e-05 0.00029 41
rVSVOmicron	502	C	141348	0.000152952	0.000112484	0.999684	5.02587e-05 0.000316 45
rVSVOmicron	503	A	140518	0.999702	7.37708e-05	3.2112e-05	0.000192455 0.000298 42
rVSVOmicron	504	G	141161	9.89381e-05	5.04519e-05	1.37596e-05	0.999837 0.000163 23
rVSVOmicron	505	C	142313	5.02446e-05	0.00023317	0.999694	2.21859e-05 0.000306 44
rVSVOmicron	506	C	138469	0.000126878	0.000135559	0.999727	1.02393e-05 0.000273 38
rVSVOmicron	507	T	138586	6.03801e-05	0.999692	0.000230706	1.66721e-05 0.000308 43
rVSVOmicron	508	T	138859	4.50216e-05	0.999748	0.000130928	7.61716e-05 0.000252 35
rVSVOmicron	509	T	138735	3.82372e-05	0.999805	0.000142782	1.43666e-05 0.000195 27
rVSVOmicron	510	C	140269	3.22735e-05	0.000148195	0.999811	8.12327e-06 0.000189 27
rVSVOmicron	511	C	138286	0.000119189	0.000273801	0.999583	2.45062e-05 0.000417 58
rVSVOmicron	512	T	138256	2.46122e-05	0.999761	0.000214636	0 0.000239 33
rVSVOmicron	513	C	139194	8.92965e-05	0.000407209	0.999453	5.09012e-05 0.000547 76
rVSVOmicron	514	A	139011	0.999693	1.70929e-05	7.78419e-05	0.000212275 0.000307 43
rVSVOmicron	515	T	140382	8.17915e-06	0.99982	0.000108318	6.38858e-05 0.00018 25
rVSVOmicron	516	G	142400	0.000183164	0.00188072	1.44603e-05	0.997922 0.002078 296
rVSVOmicron	517	G	144366	7.86943e-05	4.69627e-05	2.03082e-05	0.999854 0.000146 21
rVSVOmicron	518	A	146891	0.999908	0	0	9.16735e-05 9.2e-05 14
rVSVOmicron	519	C	149001	1.53243e-05	0.000273767	0.999703	7.66216e-06 0.000297 44
rVSVOmicron	520	C	127223	0.000115912	0.000155915	0.999708	2.00015e-05 0.000292 37
rVSVOmicron	521	T	127348	5.34532e-05	0.999427	0.000483968	3.51539e-05 0.000573 73
rVSVOmicron	522	G	128069	0.000125917	0.000144076	3.75123e-05	0.999692 0.000308 39
rVSVOmicron	523	G	128621	8.32934e-05	5.26813e-05	3.51208e-05	0.999829 0.000171 22
rVSVOmicron	524	A	128455	0.999497	7.11196e-05	3.73437e-05	0.000394607 0.000503 65
rVSVOmicron	525	G	125255	0.000466358	8.55725e-05	0	0.999448 0.000552 69
rVSVOmicron	526	G	125542	0.000129799	8.20172e-05	9.11303e-06	0.999779 0.000221 28
rVSVOmicron	527	G	125429	0.000306561	5.6562e-05	2.00783e-05	0.999617 0.000383 48
rVSVOmicron	528	C	125534	2.6918e-05	0.000186486	0.999767	1.98854e-05 0.000233 29
rVSVOmicron	529	A	125037	0.999818	3.61141e-05	1.12247e-05	0.000134696 0.000182 23
rVSVOmicron	530	A	124817	0.999657	1.96002e-05	8.07846e-05	0.000242354 0.000343 43
