rVSVOmicron	7	G	10882	0.000112377	0	0	0.999888 0.000112 1
rVSVOmicron	8	T	11630	0	0.999896	0	0.000103815 0.000104 1
rVSVOmicron	9	G	12589	0	0	9.57661e-05	0.999904 9.6e-05 1
rVSVOmicron	12	C	14692	0	3.28959e-05	0.999967	0 3.3e-05 0
rVSVOmicron	13	C	15543	0	0.000335143	0.999665	0 0.000335 5
rVSVOmicron	14	T	16129	0	0.99969	0.000309843	0 0.00031 5
rVSVOmicron	15	C	17245	0	6.80932e-05	0.999932	0 6.8e-05 1
rVSVOmicron	16	G	18433	0.000365888	6.38578e-05	0	0.99957 0.00043 8
rVSVOmicron	17	T	19266	0	0.999635	0.000192937	0.000171682 0.000365 7
rVSVOmicron	18	G	20438	0.000114383	0.000114383	0	0.999771 0.000229 5
rVSVOmicron	19	C	21186	7.7076e-05	9.48627e-05	0.999828	0 0.000172 4
rVSVOmicron	20	T	22076	4.38866e-05	0.999819	0.000137323	0 0.000181 4
rVSVOmicron	21	C	23255	0.000140663	0.000312434	0.999547	0 0.000453 11
rVSVOmicron	22	C	24055	8.06645e-05	0.000360388	0.999511	4.81385e-05 0.000489 12
rVSVOmicron	23	T	24931	8.25722e-05	0.999095	0.000821968	0 0.000905 23
rVSVOmicron	24	G	26206	0.000179129	0.000118225	8.83703e-05	0.999614 0.000386 10
rVSVOmicron	25	C	27463	4.22826e-05	0.000253695	0.999704	0 0.000296 8
rVSVOmicron	26	C	27728	4.19023e-05	0	0.999958	0 4.2e-05 1
rVSVOmicron	28	C	29353	2.64695e-05	0.000117524	0.999817	3.91748e-05 0.000183 5
rVSVOmicron	29	T	30153	3.82836e-05	0.999847	0.000114851	0 0.000153 5
rVSVOmicron	30	G	31939	0.000766528	3.62679e-05	3.62679e-05	0.999161 0.000839 27
rVSVOmicron	31	G	32088	3.6154e-05	0	0	0.999964 3.6e-05 1
rVSVOmicron	32	T	32842	0	0.999929	3.53193e-05	3.53193e-05 7.1e-05 2
rVSVOmicron	33	G	33885	6.8246e-05	0	0	0.999932 6.8e-05 2
rVSVOmicron	34	T	34568	3.35332e-05	0.999832	0.000134133	0 0.000168 6
rVSVOmicron	35	C	35201	3.2628e-05	4.05646e-05	0.999927	0 7.3e-05 3
rVSVOmicron	36	T	36085	6.41026e-05	0.999904	3.20513e-05	0 9.6e-05 3
rVSVOmicron	37	A	37624	0.999871	3.72542e-05	0	9.18937e-05 0.000129 5
rVSVOmicron	38	G	38672	9.92586e-05	9.25858e-05	0	0.999808 0.000192 7
rVSVOmicron	39	C	39657	2.9176e-05	0.000153766	0.999817	0 0.000183 7
rVSVOmicron	40	C	40717	8.50052e-05	8.50052e-05	0.99983	0 0.00017 7
rVSVOmicron	41	A	41855	0.999882	0	8.25696e-05	3.51685e-05 0.000118 5
rVSVOmicron	42	G	42718	0.00029173	5.41053e-05	5.41053e-05	0.9996 0.0004 17
rVSVOmicron	43	T	43494	0	0.99987	0.000129733	0 0.00013 6
rVSVOmicron	44	G	44536	0.000115485	0.000104218	2.46461e-05	0.999756 0.000244 11
rVSVOmicron	45	C	45578	0	0.000609633	0.999365	2.54587e-05 0.000635 29
rVSVOmicron	46	G	47426	0.000414291	0.00021968	7.32266e-05	0.999293 0.000707 34
rVSVOmicron	47	T	48747	0	0.99973	0.000270074	0 0.00027 13
rVSVOmicron	48	G	51050	0.000141454	0.000159825	4.34774e-05	0.999655 0.000345 18
rVSVOmicron	49	A	53338	0.999935	2.17491e-05	0	4.34983e-05 6.5e-05 3
rVSVOmicron	50	A	55926	0.999899	0	0	0.00010108 0.000101 6
rVSVOmicron	51	C	58066	0	9.94168e-05	0.999901	0 9.9e-05 6
rVSVOmicron	52	C	46218	2.51109e-05	0.000100444	0.999874	0 0.000126 6
rVSVOmicron	53	T	47136	0	0.99964	0.000335536	2.45352e-05 0.00036 17
rVSVOmicron	54	G	48229	0.000130917	4.81981e-05	0	0.999821 0.000179 9
rVSVOmicron	55	A	49056	0.999857	2.24871e-05	0	0.000120145 0.000143 7
rVSVOmicron	56	C	49917	0	7.48604e-05	0.999902	2.32759e-05 9.8e-05 5
rVSVOmicron	57	C	50878	0	0.000114194	0.999817	6.85162e-05 0.000183 9
rVSVOmicron	58	A	51913	0.99991	2.25372e-05	0	6.76115e-05 9e-05 5
rVSVOmicron	59	C	52881	2.18884e-05	6.56652e-05	0.999912	0 8.8e-05 5
rVSVOmicron	60	A	53989	0.999677	0	1.44902e-05	0.000308352 0.000323 17
rVSVOmicron	61	C	54998	2.10398e-05	0.000649961	0.999308	2.10398e-05 0.000692 38
rVSVOmicron	62	G	56155	0.000277239	4.6675e-05	4.6675e-05	0.999629 0.000371 21
rVSVOmicron	63	G	56817	0.000131298	2.0498e-05	2.0498e-05	0.999828 0.000172 10
rVSVOmicron	64	A	56134	0.999913	4.14171e-05	0	4.53349e-05 8.7e-05 5
rVSVOmicron	65	C	57050	2.03817e-05	0.000187842	0.999792	0 0.000208 12
rVSVOmicron	66	C	58175	0.00056751	0.000142289	0.999265	2.52715e-05 0.000735 43
rVSVOmicron	67	C	59321	8.03141e-06	0.000253792	0.999699	3.96216e-05 0.000301 18
rVSVOmicron	68	A	60542	0.999875	0	0	0.000124816 0.000125 8
rVSVOmicron	69	G	61363	0.000439882	0	0.000194989	0.999365 0.000635 39
rVSVOmicron	70	C	62022	0.000149914	0.000168147	0.999682	0 0.000318 20
rVSVOmicron	71	T	62934	5.54461e-05	0.999775	0.000150853	1.8482e-05 0.000225 14
rVSVOmicron	72	C	64261	0	0.000108789	0.999819	7.25261e-05 0.000181 12
rVSVOmicron	73	C	65749	5.03691e-05	0.000129797	0.999802	1.79198e-05 0.000198 13
rVSVOmicron	74	C	65900	0.000196223	0.000150534	0.999653	0 0.000347 23
rVSVOmicron	75	T	66654	1.74593e-05	0.999654	0.000311436	1.74593e-05 0.000346 23
rVSVOmicron	76	C	67994	5.13998e-05	3.42666e-05	0.999914	0 8.6e-05 6
rVSVOmicron	77	C	69177	0.00294518	0.000265061	0.996759	3.08854e-05 0.003241 224
rVSVOmicron	78	C	70410	0.000109941	0.000326656	0.996801	0.0027621 0.003199 225
rVSVOmicron	79	G	71506	0.000544771	0.000118004	6.92054e-05	0.999268 0.000732 52
rVSVOmicron	80	C	73196	0	0.000111898	0.999888	0 0.000112 8
rVSVOmicron	81	C	72186	7.80534e-05	0.000234599	0.999655	3.24492e-05 0.000345 25
rVSVOmicron	82	T	73118	3.21502e-05	0.9996	0.000351914	1.60751e-05 0.0004 29
rVSVOmicron	83	A	74474	0.9999	1.59848e-05	1.59848e-05	6.78274e-05 0.0001 7
rVSVOmicron	84	C	75500	1.55021e-05	0.000138262	0.999846	0 0.000154 12
rVSVOmicron	85	A	76571	0.999793	0	0	0.000206856 0.000207 16
rVSVOmicron	86	C	77577	3.01942e-05	3.38665e-05	0.999924	1.22409e-05 7.6e-05 6
rVSVOmicron	87	A	78692	0.9998	1.87973e-05	5.47574e-05	0.000126269 0.0002 16
rVSVOmicron	88	A	79540	0.999969	0	1.52389e-05	1.60627e-05 3.1e-05 2
rVSVOmicron	89	A	78356	0.999905	0	5.79532e-05	3.67613e-05 9.5e-05 7
rVSVOmicron	90	C	78850	1.58584e-05	0.000123207	0.999861	0 0.000139 11
rVSVOmicron	91	T	79001	0	0.999969	3.06213e-05	0 3.1e-05 2
rVSVOmicron	92	C	79628	0	3.30642e-05	0.999967	0 3.3e-05 3
rVSVOmicron	93	T	80401	0	0.999767	0.00014619	8.70474e-05 0.000233 19
rVSVOmicron	94	T	84127	0	0.999864	0.000135634	0 0.000136 11
rVSVOmicron	95	T	82427	0	0.999864	0.000135913	0 0.000136 11
rVSVOmicron	96	C	83473	0	0.000314507	0.999685	0 0.000315 26
rVSVOmicron	97	A	84668	0.999868	0	0	0.000132272 0.000132 11
rVSVOmicron	98	C	85804	2.75491e-05	0.000123971	0.999835	1.37746e-05 0.000165 14
rVSVOmicron	99	C	86565	0.000114869	0.00026416	0.999621	0 0.000379 33
rVSVOmicron	100	C	87297	5.82461e-05	0.00017177	0.999726	4.37773e-05 0.000274 24
rVSVOmicron	101	G	88604	0.000245353	4.02872e-05	0.000536437	0.999178 0.000822 73
rVSVOmicron	102	G	89248	0.000164698	7.92588e-05	0	0.999756 0.000244 22
rVSVOmicron	103	G	90166	0.000153274	2.67507e-05	1.66288e-05	0.999803 0.000197 18
rVSVOmicron	104	G	90877	4.76089e-05	1.61083e-05	0	0.999936 6.4e-05 6
rVSVOmicron	105	C	91929	2.88918e-05	0.000470971	0.999441	5.88279e-05 0.000559 51
rVSVOmicron	106	G	92806	0.000586053	1.27628e-05	0	0.999401 0.000599 56
rVSVOmicron	107	T	93577	0	0.999894	9.27279e-05	1.2802e-05 0.000106 10
rVSVOmicron	108	G	94998	4.99571e-05	1.24893e-05	4.05057e-05	0.999897 0.000103 10
rVSVOmicron	109	T	95750	4.78571e-05	0.999807	0.00012048	2.47652e-05 0.000193 18
rVSVOmicron	110	A	96378	0.999822	0	2.32619e-05	0.000154742 0.000178 17
rVSVOmicron	111	C	96583	0	0.000128363	0.999859	1.22408e-05 0.000141 14
rVSVOmicron	112	T	97944	6.06736e-05	0.999674	0.000250565	1.50864e-05 0.000326 32
rVSVOmicron	113	A	99458	0.999868	0	1.17116e-05	0.000120369 0.000132 13
rVSVOmicron	114	C	100374	0.000102067	9.47081e-05	0.999803	0 0.000197 20
rVSVOmicron	115	C	101509	3.83128e-05	0.000123878	0.999838	0 0.000162 16
rVSVOmicron	116	C	102378	6.15607e-05	0.000222126	0.999705	1.1741e-05 0.000295 30
rVSVOmicron	117	C	103466	6.77878e-05	0.000231294	0.999678	2.32236e-05 0.000322 33
rVSVOmicron	118	G	104692	0.000261878	5.68631e-05	4.24168e-05	0.999639 0.000361 38
rVSVOmicron	119	A	105828	0.999896	1.12274e-05	0	9.255e-05 0.000104 11
rVSVOmicron	120	C	107218	3.58859e-05	0.000173448	0.999772	1.91391e-05 0.000228 24
rVSVOmicron	121	A	110930	0.999853	0	2.98784e-05	0.000116851 0.000147 16
rVSVOmicron	122	A	113364	0.999834	4.56081e-05	4.56081e-05	7.52388e-05 0.000166 19
rVSVOmicron	123	G	114529	0.000103992	5.24211e-05	1.04842e-05	0.999833 0.000167 19
rVSVOmicron	124	G	107796	0.000105408	6.3245e-06	2.49969e-05	0.999863 0.000137 15
rVSVOmicron	125	T	108574	1.09948e-05	0.999989	0	0 1.1e-05 1
rVSVOmicron	126	G	110180	9.47598e-05	7.01164e-05	1.08548e-05	0.999824 0.000176 19
rVSVOmicron	127	T	110959	0	0.999893	9.56311e-05	1.10574e-05 0.000107 12
rVSVOmicron	128	T	111986	2.1375e-05	0.999901	7.71234e-05	0 9.9e-05 11
rVSVOmicron	129	C	113340	1.68751e-05	0.000733923	0.999236	1.31568e-05 0.000764 87
rVSVOmicron	130	C	114472	7.6766e-05	0.000218072	0.99966	4.52066e-05 0.00034 39
rVSVOmicron	131	G	115903	0.000194364	0.00018006	3.33756e-05	0.999592 0.000408 47
rVSVOmicron	132	G	116565	0.000108186	1.03167e-05	0	0.999882 0.000118 14
rVSVOmicron	133	T	111896	2.15998e-05	0.999871	9.36963e-05	1.34269e-05 0.000129 14
rVSVOmicron	134	C	112555	1.06446e-05	6.84706e-05	0.99991	1.06446e-05 9e-05 10
rVSVOmicron	135	T	113394	0	0.9999	0.000100509	0 0.0001 11
rVSVOmicron	136	A	115462	0.999862	0	8.29299e-06	0.000129542 0.000138 16
rVSVOmicron	137	G	114202	0.00136694	5.89775e-05	0	0.998574 0.001426 163
rVSVOmicron	138	C	114978	0.000151749	0.000345195	0.999495	8.22567e-06 0.000505 58
rVSVOmicron	139	G	115558	0.000206079	7.33981e-05	1.04451e-05	0.99971 0.00029 34
rVSVOmicron	140	T	116173	1.03872e-05	0.998643	6.54113e-05	0.00128099 0.001357 158
rVSVOmicron	141	G	117511	9.9922e-05	2.30376e-05	0.00131564	0.998561 0.001439 169
rVSVOmicron	142	C	117667	2.05603e-05	0.000530401	0.999439	1.02802e-05 0.000561 66
rVSVOmicron	143	T	118358	1.02269e-05	0.99977	0.00020979	1.02269e-05 0.00023 27
rVSVOmicron	144	C	119221	6.0948e-05	0.000285247	0.999654	0 0.000346 41
rVSVOmicron	145	C	119725	0.000177902	9.83788e-05	0.999683	4.04446e-05 0.000317 38
rVSVOmicron	146	A	119417	0.999885	0	8.2222e-05	3.28888e-05 0.000115 14
rVSVOmicron	147	C	119319	3.61488e-05	5.02822e-05	0.999904	1.00564e-05 9.6e-05 11
rVSVOmicron	148	T	119722	3.02256e-05	0.999864	0.000105381	0 0.000136 16
rVSVOmicron	149	C	120195	3.20739e-05	6.17422e-05	0.999896	9.88945e-06 0.000104 13
rVSVOmicron	150	T	120339	1.99234e-05	0.99971	0.000269773	0 0.00029 35
rVSVOmicron	151	A	121136	0.999968	0	0	3.24305e-05 3.2e-05 4
rVSVOmicron	152	C	122046	4.40933e-05	8.26419e-05	0.999864	9.76917e-06 0.000136 17
rVSVOmicron	153	A	122056	0.999864	9.87506e-06	1.97501e-05	0.000105957 0.000136 17
rVSVOmicron	154	C	119302	8.18672e-05	0.000180108	0.997923	0.00181504 0.002077 248
rVSVOmicron	155	A	119102	0.999407	2.23079e-05	0.000254636	0.000315575 0.000593 71
rVSVOmicron	156	G	120539	0.000147553	0.000124297	1.97806e-05	0.999708 0.000292 35
rVSVOmicron	157	G	121813	0.0020706	5.1103e-05	2.93908e-05	0.997849 0.002151 262
rVSVOmicron	158	A	122461	0.999856	2.49832e-05	9.73032e-06	0.000109137 0.000144 18
rVSVOmicron	159	C	124341	0.000194708	0.00017957	0.996678	0.00294776 0.003322 413
rVSVOmicron	160	C	115296	7.69488e-05	0.000283261	0.999629	1.03156e-05 0.000371 43
rVSVOmicron	161	T	115555	9.92809e-05	0.999358	0.000532356	1.02323e-05 0.000642 74
rVSVOmicron	162	G	116847	8.40546e-05	4.69717e-05	2.03269e-05	0.999849 0.000151 18
rVSVOmicron	163	T	117265	2.03071e-05	0.996521	0.000247929	0.00321125 0.003479 408
rVSVOmicron	164	T	117989	3.64776e-05	0.996839	0.000109994	0.00301473 0.003161 373
rVSVOmicron	165	C	120143	2.96753e-05	0.0001446	0.999813	1.24097e-05 0.000187 22
rVSVOmicron	166	C	118536	3.01452e-05	0.000155614	0.999782	3.23178e-05 0.000218 26
rVSVOmicron	167	T	118491	2.23086e-05	0.999678	0.000295388	4.56924e-06 0.000322 38
rVSVOmicron	168	C	119583	5.20637e-05	9.39293e-05	0.999844	9.92967e-06 0.000156 19
rVSVOmicron	169	C	119984	3.0199e-05	0.000201326	0.999756	1.25149e-05 0.000244 29
rVSVOmicron	170	C	120134	0.000104653	8.66744e-05	0.999789	1.98573e-05 0.000211 25
rVSVOmicron	171	T	120204	1.2371e-05	0.999737	0.000240696	9.95057e-06 0.000263 32
rVSVOmicron	172	T	120952	2.23399e-05	0.999741	0.000216228	2.04093e-05 0.000259 31
rVSVOmicron	173	T	121548	0	0.999882	0.000105985	1.22189e-05 0.000118 14
rVSVOmicron	174	C	121426	2.17637e-05	0.000250151	0.999709	1.94038e-05 0.000291 35
rVSVOmicron	175	T	121563	2.93726e-05	0.999825	0.000145805	0 0.000175 21
rVSVOmicron	176	T	122778	1.92888e-05	0.999901	6.98566e-05	9.38372e-06 9.9e-05 12
rVSVOmicron	177	C	123623	5.19313e-05	0.000142683	0.999784	2.13381e-05 0.000216 27
rVSVOmicron	178	A	123345	0.999839	0	2.15657e-05	0.000139268 0.000161 20
rVSVOmicron	179	G	124155	0.000126262	1.15955e-05	1.90682e-05	0.999843 0.000157 19
rVSVOmicron	180	C	125168	3.77897e-05	8.19627e-05	0.999871	9.44742e-06 0.000129 16
rVSVOmicron	181	A	125517	0.999931	2.09834e-05	0	4.854e-05 6.9e-05 9
rVSVOmicron	182	A	126026	0.999979	0	0	2.13712e-05 2.1e-05 3
rVSVOmicron	183	C	127073	5.13841e-05	0.000262936	0.999658	2.78226e-05 0.000342 43
rVSVOmicron	184	G	125352	0.000114795	7.98461e-05	0	0.999805 0.000195 24
rVSVOmicron	185	T	125923	0	0.999911	7.74463e-05	1.16804e-05 8.9e-05 11
rVSVOmicron	186	G	127488	4.14963e-05	2.69976e-05	3.92465e-05	0.999892 0.000108 14
rVSVOmicron	187	A	128126	0.999846	4.81847e-05	0	0.000105559 0.000154 20
rVSVOmicron	188	C	129215	7.35188e-05	0.000111265	0.999815	0 0.000185 24
rVSVOmicron	189	A	126696	0.999595	9.36691e-05	0.000201515	0.000110124 0.000405 51
rVSVOmicron	190	T	126307	1.87062e-05	0.999742	0.000230035	9.35308e-06 0.000258 33
rVSVOmicron	191	G	127402	1.86389e-05	7.68224e-05	1.86389e-05	0.999886 0.000114 15
rVSVOmicron	192	G	127141	0.000147249	2.31968e-05	0	0.99983 0.00017 22
rVSVOmicron	193	T	127434	9.57297e-06	0.99981	0.000115911	6.46822e-05 0.00019 24
rVSVOmicron	194	T	128217	1.83526e-05	0.999826	0.000146573	9.17631e-06 0.000174 22
rVSVOmicron	195	C	128906	9.20167e-06	3.68067e-05	0.999933	2.06416e-05 6.7e-05 9
rVSVOmicron	196	C	129649	2.96693e-05	0.000112001	0.999838	2.05212e-05 0.000162 21
rVSVOmicron	197	A	129847	0.99901	2.03913e-05	0.000649819	0.000319873 0.00099 129
rVSVOmicron	198	C	130768	9.0455e-06	0.000174554	0.999791	2.56697e-05 0.000209 27
rVSVOmicron	199	G	131305	0.000495646	9.04285e-06	1.53973e-05	0.99948 0.00052 68
rVSVOmicron	200	T	131512	2.95849e-05	0.999875	9.56579e-05	0 0.000125 16
rVSVOmicron	201	G	132339	0.000182624	2.85049e-05	8.93796e-06	0.99978 0.00022 29
rVSVOmicron	202	A	132128	0.999747	0	0.000220019	3.27022e-05 0.000253 33
rVSVOmicron	203	T	130744	0	0.996966	0.00303434	0 0.003034 397
rVSVOmicron	204	C	129225	1.64712e-05	8.85018e-05	0.999856	3.85966e-05 0.000144 19
rVSVOmicron	205	T	129581	3.84844e-05	0.999839	0.000113247	9.06958e-06 0.000161 21
rVSVOmicron	206	C	129328	5.52927e-05	0.000154082	0.999763	2.72777e-05 0.000237 31
rVSVOmicron	207	T	129499	9.10817e-06	0.999767	0.000180933	4.30792e-05 0.000233 30
rVSVOmicron	208	G	130952	0.000137947	2.89126e-05	2.71974e-05	0.999806 0.000194 25
rVSVOmicron	209	G	131633	0.000414235	7.23384e-05	0	0.999513 0.000487 64
rVSVOmicron	210	C	132024	3.95169e-05	0.000216494	0.999726	1.79402e-05 0.000274 36
rVSVOmicron	211	A	131705	0.999844	1.79213e-05	0	0.0001378 0.000156 21
rVSVOmicron	212	C	132616	1.78093e-05	9.81919e-05	0.999884	0 0.000116 15
rVSVOmicron	213	A	132656	0.999857	7.46674e-06	1.99916e-05	0.000115855 0.000143 19
rVSVOmicron	214	A	132391	0.999765	1.12339e-05	2.85732e-05	0.000195617 0.000235 31
rVSVOmicron	215	A	132710	0.999914	9.30701e-06	7.54622e-06	6.94253e-05 8.6e-05 11
rVSVOmicron	216	C	133481	2.89235e-05	0.00033274	0.999638	0 0.000362 48
rVSVOmicron	217	G	133971	0.000158351	8.47277e-05	0	0.999757 0.000243 33
rVSVOmicron	218	G	133979	0.000693661	5.96698e-05	2.6707e-05	0.99922 0.00078 105
rVSVOmicron	219	C	134261	3.73841e-05	0.000799353	0.999143	1.97636e-05 0.000857 115
rVSVOmicron	220	A	134321	0.999916	8.79376e-06	8.79376e-06	6.63097e-05 8.4e-05 11
rVSVOmicron	221	C	135083	0	0.000372374	0.999628	0 0.000372 50
rVSVOmicron	222	A	135239	0.99991	0	1.75736e-05	7.24317e-05 9e-05 12
rVSVOmicron	223	A	135711	0.999841	8.8924e-06	8.8924e-06	0.000140836 0.000159 22
rVSVOmicron	224	A	135747	0.999825	1.78175e-05	3.51535e-05	0.000121833 0.000175 24
rVSVOmicron	225	G	136471	0.000142016	4.33872e-05	8.77228e-06	0.999806 0.000194 26
rVSVOmicron	226	C	137238	3.45363e-05	0.000508243	0.999457	0 0.000543 75
rVSVOmicron	227	G	138281	0.00033124	3.85324e-05	1.71771e-05	0.999613 0.000387 54
rVSVOmicron	228	G	138221	0.000111173	3.65151e-05	0	0.999852 0.000148 20
rVSVOmicron	229	T	138102	0	0.998653	0.00128468	6.22145e-05 0.001347 186
rVSVOmicron	230	T	136952	0.00126786	0.998724	0	8.64554e-06 0.001276 175
rVSVOmicron	231	C	137690	1.70874e-05	0.00153809	0.998436	8.54369e-06 0.001564 215
rVSVOmicron	232	G	137940	0.000318391	9.92509e-05	3.43204e-05	0.999548 0.000452 62
rVSVOmicron	233	A	137898	0.999894	1.05523e-05	0	9.54293e-05 0.000106 15
rVSVOmicron	234	C	138782	3.38657e-05	9.93089e-05	0.999848	1.87634e-05 0.000152 21
rVSVOmicron	235	A	138877	0.999868	8.54263e-06	0	0.000123291 0.000132 18
rVSVOmicron	236	A	138400	0.999967	0	8.65144e-06	2.43176e-05 3.3e-05 5
rVSVOmicron	237	C	138166	2.57069e-05	0.000126219	0.999848	0 0.000152 21
rVSVOmicron	238	C	139933	7.64174e-05	0.000220302	0.999695	8.49082e-06 0.000305 43
rVSVOmicron	239	C	140242	0.000104039	0.000150203	0.99972	2.54931e-05 0.00028 39
rVSVOmicron	240	C	140457	9.72616e-05	0.000247845	0.999632	2.28851e-05 0.000368 52
rVSVOmicron	241	G	140348	0.000219799	5.69934e-05	1.68028e-05	0.999706 0.000294 41
rVSVOmicron	242	T	140378	0	0.999895	9.45212e-05	1.08618e-05 0.000105 15
rVSVOmicron	243	G	141306	0.000414934	2.91891e-05	1.95342e-05	0.999536 0.000464 66
rVSVOmicron	244	C	139828	3.36627e-05	0.000109176	0.999849	8.41568e-06 0.000151 21
rVSVOmicron	245	T	140048	0	0.999824	0.000176509	0 0.000176 25
rVSVOmicron	246	C	141824	4.30657e-05	0.000152749	0.999779	2.48974e-05 0.000221 31
rVSVOmicron	247	C	142619	4.37364e-05	4.73435e-05	0.999909	0 9.1e-05 13
rVSVOmicron	248	C	142105	0.000141583	0.000196003	0.999654	8.35495e-06 0.000346 49
rVSVOmicron	249	T	142085	2.49775e-05	0.999738	0.000195769	4.16291e-05 0.000262 37
rVSVOmicron	250	T	142653	1.68154e-05	0.999861	9.02125e-05	3.1813e-05 0.000139 20
rVSVOmicron	251	T	142705	0	0.999958	4.15951e-05	0 4.2e-05 6
rVSVOmicron	252	C	143150	2.46779e-05	5.80263e-05	0.999891	2.66788e-05 0.000109 16
rVSVOmicron	253	A	142792	0.99987	8.31145e-06	7.41291e-06	0.000114114 0.00013 19
rVSVOmicron	254	A	143078	0.999886	0	7.91343e-06	0.000106492 0.000114 16
rVSVOmicron	255	C	143921	1.66958e-05	0.000392571	0.999591	0 0.000409 59
rVSVOmicron	256	G	144453	0.000172635	2.45358e-05	0	0.999803 0.000197 28
rVSVOmicron	257	A	143879	0.999922	0	0	7.77152e-05 7.8e-05 11
rVSVOmicron	258	C	144711	2.62167e-05	0.000361135	0.999596	1.61669e-05 0.000404 58
rVSVOmicron	259	G	144680	0.000169212	2.44883e-05	2.64739e-05	0.99978 0.00022 32
rVSVOmicron	260	G	144943	0.000107298	4.05933e-05	8.11867e-06	0.999844 0.000156 23
rVSVOmicron	261	C	145338	6.45357e-05	0.000395717	0.999516	2.42009e-05 0.000484 70
rVSVOmicron	262	G	145971	0.000557622	8.02178e-06	8.02178e-06	0.999426 0.000574 84
rVSVOmicron	263	T	145813	2.54112e-05	0.999822	0.000102982	4.94849e-05 0.000178 26
rVSVOmicron	264	G	146572	0.000196851	1.59901e-05	7.99504e-06	0.999779 0.000221 32
rVSVOmicron	265	T	146517	3.12469e-05	0.999876	6.37868e-05	2.8661e-05 0.000124 18
rVSVOmicron	266	A	146656	0.999836	1.81559e-05	4.19993e-05	0.000103467 0.000164 24
rVSVOmicron	267	C	146990	0.000119428	0.000167932	0.999705	7.97625e-06 0.000295 43
rVSVOmicron	268	T	146889	5.31803e-05	0.999758	0.000171112	1.75784e-05 0.000242 36
rVSVOmicron	269	T	143315	2.46598e-05	0.999924	4.28769e-05	8.21993e-06 7.6e-05 11
rVSVOmicron	270	C	143840	4.04578e-05	0.000120717	0.999839	0 0.000161 23
rVSVOmicron	271	G	143787	0.000190357	3.26831e-05	1.63415e-05	0.999761 0.000239 34
rVSVOmicron	272	C	144215	6.58876e-05	0.00024049	0.999667	2.61354e-05 0.000333 48
rVSVOmicron	273	C	144895	3.22927e-05	8.22591e-05	0.999823	6.24035e-05 0.000177 26
rVSVOmicron	274	A	144512	0.999736	2.59011e-05	8.12153e-06	0.000229817 0.000264 38
rVSVOmicron	275	G	145143	0.000729853	8.23748e-05	8.04186e-06	0.99918 0.00082 119
rVSVOmicron	276	C	146111	0.000119308	0.000180152	0.999701	0 0.000299 44
rVSVOmicron	277	A	145622	0.999892	3.40216e-05	7.58442e-06	6.60928e-05 0.000108 16
rVSVOmicron	278	T	146025	1.88281e-05	0.999909	4.8044e-05	2.4022e-05 9.1e-05 13
rVSVOmicron	279	A	145388	0.999784	8.0892e-06	8.0892e-06	0.000199825 0.000216 31
rVSVOmicron	280	G	145904	3.23972e-05	8.05551e-05	4.44366e-05	0.999843 0.000157 23
rVSVOmicron	281	A	145817	0.999857	1.59752e-05	0	0.000126938 0.000143 21
rVSVOmicron	282	G	146048	6.5023e-05	0.000213119	1.80499e-05	0.999704 0.000296 43
rVSVOmicron	283	A	147455	0.999873	2.39666e-05	0	0.000102992 0.000127 19
rVSVOmicron	284	A	146777	0.999781	2.30014e-05	5.83882e-05	0.000137345 0.000219 32
rVSVOmicron	285	G	147922	5.71341e-05	3.14558e-05	0	0.999911 8.9e-05 13
rVSVOmicron	286	T	148440	0	0.999949	4.84122e-05	2.78477e-06 5.1e-05 8
rVSVOmicron	287	C	148429	0.000101901	5.90512e-05	0.999831	7.88771e-06 0.000169 25
rVSVOmicron	288	T	148680	2.34846e-05	0.999833	0.000125463	1.84069e-05 0.000167 25
rVSVOmicron	289	A	149804	0.999766	1.0575e-05	0.000147204	7.61401e-05 0.000234 35
rVSVOmicron	290	A	150241	0.999817	5.33472e-05	1.57279e-05	0.000114346 0.000183 27
rVSVOmicron	291	C	150291	4.53391e-05	6.24204e-05	0.999877	1.47616e-05 0.000123 18
rVSVOmicron	292	A	148572	0.999932	0	0	6.81622e-05 6.8e-05 10
rVSVOmicron	293	T	148997	8.05055e-06	0.99991	5.52659e-05	2.63275e-05 9e-05 13
rVSVOmicron	294	T	149281	2.39009e-05	0.999818	0.000138238	1.98098e-05 0.000182 27
rVSVOmicron	295	A	149688	0.999889	0	4.47429e-05	6.668e-05 0.000111 17
rVSVOmicron	296	T	149969	0	0.9999	9.2605e-05	7.8949e-06 0.0001 15
rVSVOmicron	297	C	150293	7.76209e-06	0.000114124	0.99987	7.76209e-06 0.00013 20
rVSVOmicron	298	C	150769	6.1825e-05	0.00020356	0.999711	2.33421e-05 0.000289 44
rVSVOmicron	299	G	151560	0.000216459	2.32144e-05	0.000127784	0.999633 0.000367 56
rVSVOmicron	300	G	152139	0.0001348	4.92658e-05	7.75674e-06	0.999808 0.000192 29
rVSVOmicron	301	G	152240	0.0001564	0.000908539	1.5452e-05	0.99892 0.00108 164
rVSVOmicron	302	G	151575	0.000132998	2.50153e-05	1.54261e-05	0.999827 0.000173 26
rVSVOmicron	303	C	151443	3.89866e-05	0.000351511	0.999547	6.23785e-05 0.000453 69
rVSVOmicron	304	T	151488	3.22157e-05	0.999646	0.000273833	4.83235e-05 0.000354 54
rVSVOmicron	305	G	153496	0.000155344	3.98107e-05	0	0.999805 0.000195 30
rVSVOmicron	306	G	153903	0.000102912	6.20772e-05	1.85613e-05	0.999816 0.000184 28
rVSVOmicron	307	A	153707	0.999917	1.51351e-05	1.51351e-05	5.27682e-05 8.3e-05 13
rVSVOmicron	308	T	154004	1.53204e-05	0.999935	3.43673e-05	1.53204e-05 6.5e-05 10
rVSVOmicron	309	T	154476	0	0.999931	3.85793e-05	3.05334e-05 6.9e-05 11
rVSVOmicron	310	T	154956	0	0.999938	5.26669e-05	9.42676e-06 6.2e-05 10
rVSVOmicron	311	T	154705	0	0.99991	9.01735e-05	0 9e-05 14
rVSVOmicron	312	C	152111	5.87503e-05	0.000219747	0.999646	7.586e-05 0.000354 54
rVSVOmicron	313	G	152596	0.000179935	7.42984e-05	2.30367e-05	0.999723 0.000277 42
rVSVOmicron	314	G	152312	0.000372107	3.85657e-05	1.73025e-05	0.999572 0.000428 65
rVSVOmicron	315	C	152640	6.26714e-05	0.001065	0.998865	7.62777e-06 0.001135 173
rVSVOmicron	316	A	152346	0.999939	1.52376e-05	0	4.57129e-05 6.1e-05 9
rVSVOmicron	317	C	153078	0	0.000119918	0.999873	7.58453e-06 0.000127 19
rVSVOmicron	318	C	153444	8.10083e-05	0.000120073	0.999776	2.28221e-05 0.000224 34
rVSVOmicron	319	A	153241	0.997606	1.49708e-05	0.00233463	4.45077e-05 0.002394 367
rVSVOmicron	320	C	153965	0.00239648	9.73632e-05	0.997492	1.42284e-05 0.002508 386
rVSVOmicron	321	A	152163	0.99737	7.49047e-05	0.00247415	8.09555e-05 0.00263 400
rVSVOmicron	322	C	151725	1.51755e-05	6.25478e-05	0.999922	0 7.8e-05 12
rVSVOmicron	323	T	151836	0.00191348	0.998023	6.32024e-05	0 0.001977 300
rVSVOmicron	324	C	153104	6.35856e-05	0.00373586	0.996184	1.69154e-05 0.003816 584
rVSVOmicron	325	G	153171	0.000293575	7.85739e-05	2.27721e-05	0.999605 0.000395 61
rVSVOmicron	326	A	151800	0.999884	3.03708e-05	2.27781e-05	6.25885e-05 0.000116 18
rVSVOmicron	327	C	151294	3.10341e-05	4.94476e-05	0.99992	0 8e-05 12
rVSVOmicron	328	T	151156	1.52962e-05	0.999889	9.5498e-05	0 0.000111 17
rVSVOmicron	329	C	151656	4.73834e-05	9.45618e-05	0.999843	1.51791e-05 0.000157 24
rVSVOmicron	330	T	151622	1.59102e-05	0.999637	0.000347545	0 0.000363 55
rVSVOmicron	331	A	152280	0.99989	3.75484e-05	7.05328e-06	6.49317e-05 0.00011 17
rVSVOmicron	332	A	151500	0.999822	8.23505e-05	2.24592e-05	7.29925e-05 0.000178 27
rVSVOmicron	333	G	151903	3.85216e-05	8.41228e-05	0	0.999877 0.000123 19
rVSVOmicron	334	A	151339	0.999859	9.48352e-06	0	0.00013112 0.000141 21
rVSVOmicron	335	C	151975	0	6.99684e-05	0.99993	0 7e-05 11
rVSVOmicron	336	A	151577	0.999938	7.71711e-06	1.41828e-05	4.02541e-05 6.2e-05 9
rVSVOmicron	337	C	151929	3.02461e-05	0.000176981	0.999778	1.51231e-05 0.000222 34
rVSVOmicron	338	A	151492	0.999657	6.27669e-05	6.29733e-05	0.000216793 0.000343 52
rVSVOmicron	339	G	152495	8.50027e-05	3.86376e-05	1.5455e-05	0.999861 0.000139 21
rVSVOmicron	340	T	152550	1.70596e-05	0.999896	8.71479e-05	0 0.000104 16
rVSVOmicron	341	C	153466	6.03873e-05	9.60893e-05	0.999828	1.50968e-05 0.000172 26
rVSVOmicron	342	C	153819	5.69323e-05	0.000339531	0.999604	0 0.000396 61
rVSVOmicron	343	C	150611	2.30155e-05	0.000136019	0.999826	1.53436e-05 0.000174 26
rVSVOmicron	344	T	150741	2.28309e-05	0.999254	0.000709199	1.37808e-05 0.000746 112
rVSVOmicron	345	C	152254	1.51945e-05	9.48629e-05	0.999869	2.13544e-05 0.000131 20
rVSVOmicron	346	C	152081	7.6938e-05	0.000227942	0.999678	1.70289e-05 0.000322 49
rVSVOmicron	347	T	152261	0.000405583	0.999422	0.000157532	1.52583e-05 0.000578 88
rVSVOmicron	348	G	153311	0.000124236	3.01919e-05	0.000422075	0.999424 0.000576 88
rVSVOmicron	349	A	147668	0.999946	0	0	5.41661e-05 5.4e-05 8
rVSVOmicron	350	T	147928	2.32342e-05	0.999927	1.60685e-05	3.3657e-05 7.3e-05 11
rVSVOmicron	351	T	148902	7.77095e-06	0.999892	4.85159e-05	5.20864e-05 0.000108 16
rVSVOmicron	352	G	145762	0.000152592	8.31541e-05	7.92964e-06	0.999756 0.000244 36
rVSVOmicron	353	T	145812	7.86187e-06	0.999878	5.50331e-05	5.88578e-05 0.000122 18
rVSVOmicron	354	G	146596	5.49704e-05	3.14117e-05	3.14117e-05	0.999882 0.000118 17
rVSVOmicron	355	A	146677	0.999791	9.2034e-06	0	0.000199478 0.000209 31
rVSVOmicron	356	A	146870	0.999876	4.26024e-05	3.08867e-05	5.06968e-05 0.000124 18
rVSVOmicron	357	C	147462	4.6845e-05	0.00013526	0.999807	1.13947e-05 0.000193 28
rVSVOmicron	358	A	146172	0.999971	1.5817e-05	5.12985e-06	7.90852e-06 2.9e-05 4
rVSVOmicron	359	A	146431	0.999874	7.9811e-06	0	0.000117559 0.000126 18
rVSVOmicron	360	C	146751	3.14182e-05	0.000514579	0.999419	3.50271e-05 0.000581 85
rVSVOmicron	361	G	147032	0.000447384	4.15077e-05	0	0.999511 0.000489 72
rVSVOmicron	362	C	146448	3.01746e-05	0.000110854	0.999843	1.58363e-05 0.000157 23
rVSVOmicron	363	C	147186	5.66659e-05	0.000300667	0.999617	2.53728e-05 0.000383 56
rVSVOmicron	364	A	147229	0.999938	0	7.87287e-06	5.36206e-05 6.2e-05 9
rVSVOmicron	365	C	148266	3.09917e-05	6.0727e-05	0.999893	1.54958e-05 0.000107 16
rVSVOmicron	366	A	148409	0.999828	1.56744e-05	4.70231e-05	0.000109297 0.000172 26
rVSVOmicron	367	A	148706	0.999924	0	1.93349e-05	5.62667e-05 7.6e-05 11
rVSVOmicron	368	A	146992	0.999852	1.00183e-05	4.94238e-05	8.83839e-05 0.000148 22
rVSVOmicron	369	C	147771	3.21965e-05	0.000155652	0.999773	3.94461e-05 0.000227 34
rVSVOmicron	370	G	146035	0.000168898	1.37525e-05	1.59013e-05	0.999801 0.000199 29
rVSVOmicron	371	T	145059	2.68388e-05	0.999683	0.000184517	0.000105119 0.000317 46
rVSVOmicron	372	G	146209	0.000199637	9.11151e-05	2.38533e-05	0.999685 0.000315 46
rVSVOmicron	373	G	144491	4.00348e-05	6.98986e-05	8.00696e-06	0.999882 0.000118 17
rVSVOmicron	374	T	144378	0.0023994	0.997519	5.69976e-05	2.44275e-05 0.002481 358
rVSVOmicron	375	G	145419	5.75332e-05	5.43131e-05	0.00229296	0.997595 0.002405 350
rVSVOmicron	376	A	145440	0.999944	7.97705e-06	0	4.78623e-05 5.6e-05 8
rVSVOmicron	377	T	145689	1.01459e-05	0.999878	0.000110061	1.32338e-06 0.000122 18
rVSVOmicron	378	T	146040	7.9098e-06	0.999945	3.9549e-05	7.9098e-06 5.5e-05 8
rVSVOmicron	379	A	147357	0.999785	2.37636e-05	2.35495e-05	0.000168058 0.000215 32
rVSVOmicron	380	A	148611	0.999524	0.000127903	7.40823e-05	0.000273957 0.000476 71
rVSVOmicron	381	G	150303	0.000511507	0.000112502	9.65503e-06	0.999366 0.000634 95
rVSVOmicron	382	G	147423	0.00014298	2.383e-05	0	0.999833 0.000167 25
rVSVOmicron	383	T	147465	0	0.999941	3.53029e-05	2.36062e-05 5.9e-05 9
rVSVOmicron	384	G	148462	7.49702e-05	1.56276e-05	7.8138e-06	0.999902 9.8e-05 15
rVSVOmicron	385	T	148448	3.87606e-05	0.999887	6.61459e-05	7.79426e-06 0.000113 17
rVSVOmicron	386	G	147416	0.00018399	4.42427e-05	7.8701e-06	0.999764 0.000236 35
rVSVOmicron	387	C	147882	6.3457e-05	0.000709351	0.999206	2.11523e-05 0.000794 117
rVSVOmicron	388	G	148581	0.000262844	6.44433e-05	1.7537e-05	0.999655 0.000345 51
rVSVOmicron	389	A	146774	0.999899	1.2719e-05	4.13368e-05	4.72723e-05 0.000101 15
rVSVOmicron	390	G	147479	0.0001767	1.57161e-05	6.01035e-05	0.999747 0.000253 37
rVSVOmicron	391	T	147390	5.79509e-05	0.999827	0.000106604	8.00069e-06 0.000173 25
rVSVOmicron	392	T	147735	2.51437e-05	0.999788	0.000108181	7.9023e-05 0.000212 31
rVSVOmicron	393	C	148510	3.16536e-05	9.36776e-05	0.999875	0 0.000125 19
rVSVOmicron	394	C	148938	8.21742e-05	0.000145238	0.999755	1.76239e-05 0.000245 36
rVSVOmicron	395	A	148586	0.999476	7.33582e-05	4.08951e-05	0.000410216 0.000524 78
rVSVOmicron	396	G	149089	5.66997e-05	1.73484e-05	1.03667e-05	0.999916 8.4e-05 13
rVSVOmicron	397	T	149501	0.00268596	0.997251	6.34903e-05	0 0.002749 411
rVSVOmicron	398	T	149955	7.82385e-06	0.997254	0.00273792	0 0.002746 412
rVSVOmicron	399	C	148178	6.31691e-05	0.000115916	0.999813	7.86955e-06 0.000187 28
rVSVOmicron	400	T	148250	1.5626e-05	0.999706	0.000270921	7.813e-06 0.000294 44
rVSVOmicron	401	G	150336	0.000268432	6.2075e-05	1.55187e-05	0.999654 0.000346 52
rVSVOmicron	402	C	150908	4.19989e-05	0.000171757	0.999755	3.09246e-05 0.000245 37
rVSVOmicron	403	A	150972	0.99986	2.49366e-06	4.03141e-05	9.72527e-05 0.00014 21
rVSVOmicron	404	A	151821	0.999689	3.14816e-06	7.34572e-06	0.000300335 0.000311 47
rVSVOmicron	405	C	151930	1.53363e-05	0.000636248	0.999293	5.55422e-05 0.000707 107
rVSVOmicron	406	G	152978	0.000321756	5.96457e-05	0.000181826	0.999437 0.000563 86
rVSVOmicron	407	A	152910	0.999763	0.000175893	7.62961e-06	5.34073e-05 0.000237 36
rVSVOmicron	408	C	154056	7.63721e-06	0.000356472	0.999628	7.63721e-06 0.000372 57
rVSVOmicron	409	C	154867	5.57524e-05	6.48718e-05	0.999872	7.66855e-06 0.000128 20
rVSVOmicron	410	C	154186	0.000218247	0.000174845	0.999599	7.61088e-06 0.000401 62
rVSVOmicron	411	T	154044	0.000387178	0.99954	6.62058e-05	6.28536e-06 0.00046 71
rVSVOmicron	412	T	155045	0.000339754	0.999534	0.000103802	2.21671e-05 0.000466 72
rVSVOmicron	413	T	155254	0.000245972	0.999068	0.000348715	0.000337525 0.000932 145
rVSVOmicron	414	C	156009	4.52972e-05	7.97802e-05	0.999858	1.69354e-05 0.000142 22
rVSVOmicron	415	C	154208	3.03718e-05	9.27571e-05	0.999862	1.51859e-05 0.000138 21
rVSVOmicron	416	T	154474	5.72033e-05	0.999644	0.000291386	7.22786e-06 0.000356 55
rVSVOmicron	417	G	156377	0.000139378	3.77524e-05	1.5101e-05	0.999808 0.000192 30
rVSVOmicron	418	G	157199	0.000115842	5.72135e-05	1.49604e-05	0.999812 0.000188 30
rVSVOmicron	419	A	157161	0.999969	0	0	3.1293e-05 3.1e-05 5
rVSVOmicron	420	T	157419	2.21617e-05	0.999908	5.53043e-05	1.43751e-05 9.2e-05 14
rVSVOmicron	421	C	158373	4.0607e-05	0.000143518	0.999808	7.36499e-06 0.000192 30
rVSVOmicron	422	A	158153	0.998703	0.000127257	4.74989e-06	0.00116451 0.001297 205
rVSVOmicron	423	C	158356	4.85349e-05	0.000117359	0.999827	7.3598e-06 0.000173 27
rVSVOmicron	424	A	158156	0.999832	1.48214e-05	7.41072e-06	0.00014541 0.000168 27
rVSVOmicron	425	A	157509	0.999777	9.23619e-06	4.45747e-05	0.000169665 0.000223 35
rVSVOmicron	426	G	157000	0.000144934	4.56389e-05	3.04259e-05	0.999779 0.000221 35
rVSVOmicron	427	A	157934	0.99992	3.32837e-05	7.46361e-06	3.89318e-05 8e-05 13
rVSVOmicron	428	A	157886	0.999851	7.42927e-06	1.10435e-05	0.000130916 0.000149 24
rVSVOmicron	429	C	157673	3.57794e-05	9.09475e-05	0.999873	0 0.000127 20
rVSVOmicron	430	A	157507	0.999846	2.96725e-05	3.8895e-05	8.52081e-05 0.000154 24
rVSVOmicron	431	A	157774	0.999592	3.22694e-05	0	0.000375867 0.000408 64
rVSVOmicron	432	C	158439	2.95082e-05	6.81879e-05	0.999902	0 9.8e-05 16
rVSVOmicron	433	A	158347	0.999887	0	2.26977e-05	8.9973e-05 0.000113 18
rVSVOmicron	434	A	157351	0.999915	0	3.08888e-05	5.38467e-05 8.5e-05 13
rVSVOmicron	435	G	157762	4.22398e-05	4.45287e-05	1.53978e-05	0.999898 0.000102 16
rVSVOmicron	436	T	158029	1.51877e-05	0.999936	4.16635e-05	7.59383e-06 6.4e-05 10
rVSVOmicron	437	C	156550	2.27587e-05	6.06899e-05	0.999917	0 8.3e-05 13
rVSVOmicron	438	T	156306	7.67027e-06	0.999944	4.20828e-05	6.42644e-06 5.6e-05 9
rVSVOmicron	439	T	157261	3.00891e-05	0.999835	0.000127472	7.52227e-06 0.000165 26
rVSVOmicron	440	G	158037	0.00041507	8.3014e-05	2.23113e-05	0.99948 0.00052 82
rVSVOmicron	441	G	158393	8.46799e-05	3.69476e-05	3.13555e-05	0.999847 0.000153 24
rVSVOmicron	442	A	157927	0.999839	1.47726e-05	0	0.000145929 0.000161 25
rVSVOmicron	443	T	158170	7.39406e-06	0.999961	1.47881e-05	1.65867e-05 3.9e-05 6
rVSVOmicron	444	G	158902	3.87378e-05	4.61259e-05	4.19326e-05	0.999873 0.000127 20
rVSVOmicron	445	G	159131	7.18941e-05	8.22214e-05	0	0.999846 0.000154 25
rVSVOmicron	446	A	158410	0.999778	1.45972e-05	7.29859e-06	0.000200021 0.000222 35
rVSVOmicron	447	G	159234	8.5936e-05	6.18897e-05	2.52289e-05	0.999827 0.000173 28
rVSVOmicron	448	T	159430	2.20535e-05	0.999917	5.32463e-05	7.35116e-06 8.3e-05 13
rVSVOmicron	449	C	154802	6.12853e-05	0.00013779	0.999793	7.50846e-06 0.000207 32
rVSVOmicron	450	T	154902	3.88442e-05	0.999629	0.000332087	0 0.000371 57
rVSVOmicron	451	G	156906	0.000134474	2.95285e-05	3.69106e-05	0.999799 0.000201 32
rVSVOmicron	452	A	156746	0.999695	1.66336e-05	3.70748e-05	0.000251307 0.000305 48
rVSVOmicron	453	G	156337	6.8573e-05	2.96748e-05	7.41871e-06	0.999894 0.000106 17
rVSVOmicron	454	T	156775	7.79906e-05	0.999875	4.71995e-05	0 0.000125 20
rVSVOmicron	455	T	157112	7.46226e-06	0.999848	0.00012827	1.67397e-05 0.000152 24
rVSVOmicron	456	C	157908	5.15489e-05	0.000148079	0.999765	3.58255e-05 0.000235 37
rVSVOmicron	457	A	157004	0.999665	1.47789e-05	9.98573e-06	0.000309957 0.000335 53
rVSVOmicron	458	G	157776	9.18469e-05	8.58698e-05	0	0.999822 0.000178 28
rVSVOmicron	459	A	158454	0.999872	0	0	0.000128246 0.000128 20
rVSVOmicron	460	G	158579	0.00105865	1.4687e-05	0	0.998927 0.001073 170
rVSVOmicron	461	T	159023	2.19056e-05	0.999009	3.80881e-05	0.000930495 0.000991 158
rVSVOmicron	462	G	159378	0.000125015	5.10707e-05	9.07047e-06	0.999815 0.000185 29
rVSVOmicron	463	T	157109	7.38492e-06	0.999388	0.000596781	7.38492e-06 0.000612 96
rVSVOmicron	464	A	156828	0.999068	2.22175e-05	1.48117e-05	0.000894904 0.000932 146
rVSVOmicron	465	C	157040	0.000856692	0.000118393	0.998993	3.15581e-05 0.001007 158
rVSVOmicron	466	T	152784	1.52365e-05	0.999042	0.000927164	1.52365e-05 0.000958 146
rVSVOmicron	467	C	152659	2.27571e-05	2.46023e-05	0.999922	3.03428e-05 7.8e-05 12
rVSVOmicron	468	T	152484	7.72028e-06	0.999831	0.000112257	4.86169e-05 0.000169 26
rVSVOmicron	469	A	153218	0.999864	0	2.30678e-05	0.000113053 0.000136 21
rVSVOmicron	470	G	153457	4.06153e-05	9.54668e-05	7.74621e-06	0.999856 0.000144 22
rVSVOmicron	471	C	152992	5.34716e-05	0.000218222	0.999704	2.47745e-05 0.000296 45
rVSVOmicron	472	G	153221	0.000350108	3.04621e-05	3.19029e-05	0.999588 0.000412 63
rVSVOmicron	473	C	153565	7.81424e-05	7.97918e-05	0.999842	0 0.000158 24
rVSVOmicron	474	C	153963	3.01641e-05	0.000111892	0.999818	3.95394e-05 0.000182 28
rVSVOmicron	475	A	153632	0.999852	7.58005e-06	6.06404e-05	7.98978e-05 0.000148 23
rVSVOmicron	476	A	153903	0.999697	1.69517e-05	0	0.000286137 0.000303 47
rVSVOmicron	477	C	154623	7.10626e-05	6.72159e-05	0.999854	7.49093e-06 0.000146 23
rVSVOmicron	478	A	154533	0.999919	7.56597e-06	2.43338e-05	4.90766e-05 8.1e-05 13
rVSVOmicron	479	A	154743	0.999897	7.68109e-06	3.01016e-05	6.51855e-05 0.000103 16
rVSVOmicron	480	C	154002	2.72135e-05	0.000253451	0.999704	1.50283e-05 0.000296 46
rVSVOmicron	481	T	154943	7.61358e-06	0.999564	0.000388293	3.99199e-05 0.000436 68
rVSVOmicron	482	G	157720	0.000519095	5.19296e-05	7.41851e-06	0.999422 0.000578 91
rVSVOmicron	483	C	160005	8.85877e-05	0.000105992	0.999784	2.17069e-05 0.000216 35
rVSVOmicron	484	A	162148	0.999769	1.43163e-05	5.1848e-05	0.000164443 0.000231 37
rVSVOmicron	485	C	164397	4.22128e-05	8.80548e-05	0.999855	1.45166e-05 0.000145 24
rVSVOmicron	486	C	153584	6.22169e-05	0.000166185	0.999764	7.57245e-06 0.000236 36
rVSVOmicron	487	T	153809	3.06252e-05	0.999801	0.000115672	5.31802e-05 0.000199 31
rVSVOmicron	488	T	154423	1.50855e-05	0.999897	6.52344e-05	2.26282e-05 0.000103 16
rVSVOmicron	489	C	154983	2.99602e-05	0.000164579	0.99979	1.49801e-05 0.00021 33
rVSVOmicron	490	G	155456	5.58875e-05	5.40717e-05	4.47907e-05	0.999845 0.000155 24
rVSVOmicron	491	A	154694	0.999901	0	0	9.85713e-05 9.9e-05 15
rVSVOmicron	492	G	155134	0.000159143	7.72281e-05	2.26183e-05	0.999741 0.000259 40
rVSVOmicron	493	T	155366	1.5056e-05	0.999942	3.76399e-05	5.69685e-06 5.8e-05 9
rVSVOmicron	494	A	154687	0.9998	1.49526e-05	0	0.000185291 0.0002 31
rVSVOmicron	495	C	153711	3.78051e-05	0.000515784	0.999429	1.69612e-05 0.000571 88
rVSVOmicron	496	G	153780	0.000565512	4.71601e-05	1.24535e-05	0.999375 0.000625 96
rVSVOmicron	497	T	153606	1.51609e-05	0.999851	0.000126614	7.58046e-06 0.000149 23
rVSVOmicron	498	G	154081	0.000142036	4.51103e-05	2.25551e-05	0.99979 0.00021 32
rVSVOmicron	499	T	153730	5.99785e-05	0.999502	0.000385402	5.24812e-05 0.000498 77
rVSVOmicron	500	C	152883	2.29116e-05	0.000135819	0.999824	1.71321e-05 0.000176 27
rVSVOmicron	501	C	153165	5.58638e-05	0.000180724	0.999748	1.54251e-05 0.000252 39
rVSVOmicron	502	C	153579	0.000181745	0.000351797	0.999459	7.58979e-06 0.000541 83
rVSVOmicron	503	A	153090	0.999685	3.51033e-05	9.38808e-06	0.000270418 0.000315 48
rVSVOmicron	504	G	153835	0.000170171	4.63357e-05	4.9206e-06	0.999779 0.000221 34
rVSVOmicron	505	C	154649	0.000495451	0.000196295	0.999301	7.58134e-06 0.000699 108
rVSVOmicron	506	C	148544	0.000499656	0.000689305	0.998811	0 0.001189 177
rVSVOmicron	507	T	148947	2.56172e-05	0.999418	0.000178039	0.00037828 0.000582 87
rVSVOmicron	508	T	150163	8.33268e-06	0.999775	0.000153817	6.26077e-05 0.000225 34
rVSVOmicron	509	T	150117	1.96689e-05	0.999849	0.000123245	7.74202e-06 0.000151 23
rVSVOmicron	510	C	151620	4.80516e-05	0.000174733	0.999754	2.30897e-05 0.000246 37
rVSVOmicron	511	C	148388	6.65215e-05	0.000125604	0.9998	7.86356e-06 0.0002 30
rVSVOmicron	512	T	148560	6.833e-05	0.999586	0.000337419	7.82727e-06 0.000414 62
rVSVOmicron	513	C	150268	8.55967e-05	8.35141e-05	0.999483	0.000347802 0.000517 78
rVSVOmicron	514	A	150262	0.999348	0.000347401	3.24592e-05	0.000272175 0.000652 98
rVSVOmicron	515	T	152403	4.6312e-05	0.999777	0.000151661	2.50335e-05 0.000223 34
rVSVOmicron	516	G	155186	7.96059e-05	0.00183483	0.000382231	0.997703 0.002297 356
rVSVOmicron	517	G	157273	0.000508198	3.65553e-05	8.94016e-06	0.999446 0.000554 87
rVSVOmicron	518	A	159746	0.999905	1.43539e-05	0	8.06919e-05 9.5e-05 15
rVSVOmicron	519	C	162244	0.0001615	0.000121174	0.99964	7.75512e-05 0.00036 58
rVSVOmicron	520	C	127387	7.29748e-05	0.000453874	0.999473	0 0.000527 67
rVSVOmicron	521	T	127580	3.86779e-05	0.999488	0.000464135	9.11518e-06 0.000512 65
rVSVOmicron	522	G	126945	0.000164691	3.74185e-05	1.82169e-05	0.99978 0.00022 28
rVSVOmicron	523	G	127556	0.00142687	4.1012e-05	0.00011083	0.998421 0.001579 201
rVSVOmicron	524	A	127262	0.999384	4.75769e-05	3.62958e-05	0.000532174 0.000616 78
rVSVOmicron	525	G	122930	0.000146871	8.49099e-05	2.14187e-05	0.999747 0.000253 31
rVSVOmicron	526	G	122930	0.000151375	4.74649e-05	2.10385e-05	0.99978 0.00022 27
rVSVOmicron	527	G	122187	0.000278217	2.84628e-05	2.82064e-05	0.999665 0.000335 41
rVSVOmicron	528	C	122421	5.63294e-05	0.000272259	0.999662	9.38823e-06 0.000338 41
rVSVOmicron	529	A	121769	0.999685	7.71221e-05	1.89602e-05	0.000218811 0.000315 38
rVSVOmicron	530	A	121074	0.999777	1.02779e-05	5.13893e-05	0.000161668 0.000223 27
rVSVOmicron	531	G	121050	0.000166467	7.84737e-05	0	0.999755 0.000245 30
