rVSVOmicron	9	G	12848	0	0.000188943	0	0.999811 0.000189 2
rVSVOmicron	10	T	13458	0	0.999814	0.000185871	0 0.000186 3
rVSVOmicron	12	C	15157	0	0.000974009	0.999026	0 0.000974 15
rVSVOmicron	13	C	15989	0	0.000142466	0.999783	7.42431e-05 0.000217 3
rVSVOmicron	14	T	16559	0.000131142	0.99984	2.89284e-05	0 0.00016 3
rVSVOmicron	15	C	17767	4.48997e-05	0.000413077	0.999542	0 0.000458 8
rVSVOmicron	16	G	19062	0.000123923	0.000195933	5.19139e-05	0.999628 0.000372 7
rVSVOmicron	17	T	19912	0	0.999941	5.88611e-05	0 5.9e-05 1
rVSVOmicron	18	G	21164	0.000300463	0	0	0.9997 0.0003 6
rVSVOmicron	19	C	21932	0	0.000171105	0.999829	0 0.000171 4
rVSVOmicron	20	T	22848	0	0.999746	0.000254389	0 0.000254 6
rVSVOmicron	21	C	24221	0	0.000310952	0.999689	0 0.000311 8
rVSVOmicron	22	C	25084	4.64922e-05	4.64922e-05	0.999907	0 9.3e-05 2
rVSVOmicron	23	T	26052	8.94033e-05	0.999364	0.000491718	5.43669e-05 0.000636 17
rVSVOmicron	24	G	27551	0.000243476	9.18776e-05	0	0.999665 0.000335 9
rVSVOmicron	25	C	28623	0	0.000123092	0.999877	0 0.000123 4
rVSVOmicron	26	C	28657	8.17188e-05	0.000173376	0.999745	0 0.000255 7
rVSVOmicron	27	T	29488	0	0.999527	0.000203836	0.000269279 0.000473 14
rVSVOmicron	28	C	30421	0	0.000169434	0.999831	0 0.000169 5
rVSVOmicron	29	T	31306	0.00339103	0.996519	8.97685e-05	0 0.003481 109
rVSVOmicron	30	G	33043	0.000182235	0	0	0.999818 0.000182 6
rVSVOmicron	31	G	33298	0.000123722	3.5213e-05	0	0.999841 0.000159 5
rVSVOmicron	32	T	34113	0	0.999728	0.000160009	0.000111634 0.000272 9
rVSVOmicron	33	G	35269	0.000140659	0	3.31488e-05	0.999826 0.000174 6
rVSVOmicron	34	T	35955	0	0.999967	3.25311e-05	0 3.3e-05 1
rVSVOmicron	35	C	36602	0	0.000102976	0.999865	3.17509e-05 0.000135 5
rVSVOmicron	36	T	37543	0	0.999906	9.36804e-05	0 9.4e-05 4
rVSVOmicron	37	A	39145	0.999982	0	0	1.77261e-05 1.8e-05 1
rVSVOmicron	38	G	40175	0.000150554	0.000120443	0	0.999729 0.000271 11
rVSVOmicron	39	C	41182	0.000113789	0.000149156	0.999737	0 0.000263 11
rVSVOmicron	40	C	42309	4.63849e-05	0.000110725	0.999843	0 0.000157 7
rVSVOmicron	41	A	43050	0.999911	2.79823e-05	0	6.12585e-05 8.9e-05 4
rVSVOmicron	42	G	44013	0.000198262	8.00259e-05	2.66753e-05	0.999695 0.000305 13
rVSVOmicron	43	T	44794	0	0.998837	7.91103e-05	0.00108403 0.001163 52
rVSVOmicron	44	G	45796	4.72346e-05	0.000138231	0	0.999815 0.000185 8
rVSVOmicron	45	C	46881	0	0.000666576	0.999329	4.08108e-06 0.000671 31
rVSVOmicron	46	G	49032	0.00056028	0.000169056	0	0.999271 0.000729 36
rVSVOmicron	47	T	50754	2.34108e-05	0.999683	0.000270173	2.34108e-05 0.000317 16
rVSVOmicron	48	G	53325	0.000114813	0.000177276	2.20108e-05	0.999686 0.000314 17
rVSVOmicron	49	A	56143	0.999937	0	0	6.27474e-05 6.3e-05 4
rVSVOmicron	50	A	59184	0.99819	0	2.04918e-05	0.00178943 0.00181 107
rVSVOmicron	51	C	61858	3.7766e-05	0.000121974	0.99984	0 0.00016 10
rVSVOmicron	52	C	45985	0.000106589	7.68269e-05	0.99979	2.69932e-05 0.00021 10
rVSVOmicron	53	T	46941	5.00122e-05	0.99948	0.000445379	2.50061e-05 0.00052 24
rVSVOmicron	54	G	48181	0.000384489	0.000124843	0.000120194	0.99937 0.00063 30
rVSVOmicron	55	A	48853	0.999946	0	0	5.43506e-05 5.4e-05 3
rVSVOmicron	56	C	49862	2.37407e-05	0.000291305	0.999685	0 0.000315 16
rVSVOmicron	57	C	51049	2.31974e-05	0.00026583	0.999711	0 0.000289 15
rVSVOmicron	58	A	52112	0.999907	5.12375e-05	1.23464e-05	2.96313e-05 9.3e-05 5
rVSVOmicron	59	C	53080	0	6.24562e-05	0.999911	2.70243e-05 8.9e-05 5
rVSVOmicron	60	A	54153	0.99975	0	2.17846e-05	0.000227856 0.00025 14
rVSVOmicron	61	C	55147	0	0.0013769	0.998623	0 0.001377 76
rVSVOmicron	62	G	56472	0.00015207	6.32203e-05	0	0.999785 0.000215 12
rVSVOmicron	63	G	56406	0.000136621	5.92025e-05	0	0.999804 0.000196 11
rVSVOmicron	64	A	55322	0.999914	0	0	8.55173e-05 8.6e-05 5
rVSVOmicron	65	C	56172	0	0.000159879	0.999816	2.39819e-05 0.000184 10
rVSVOmicron	66	C	57282	5.56719e-05	0.00019826	0.999746	0 0.000254 15
rVSVOmicron	67	C	57982	6.19966e-05	6.19966e-05	0.99985	2.56923e-05 0.00015 9
rVSVOmicron	68	A	59131	0.99985	0	2.40474e-05	0.000126249 0.00015 9
rVSVOmicron	69	G	60044	0.000658888	5.9509e-05	5.9509e-05	0.999222 0.000778 47
rVSVOmicron	70	C	60585	4.71072e-05	0.000252474	0.9997	0 0.0003 18
rVSVOmicron	71	T	61491	0	0.999904	9.64908e-05	0 9.6e-05 6
rVSVOmicron	72	C	62666	0	0.000196754	0.999765	3.79162e-05 0.000235 15
rVSVOmicron	73	C	64000	7.56893e-05	0.00017627	0.999748	0 0.000252 16
rVSVOmicron	74	C	64403	0.000179712	0.000240955	0.999579	0 0.000421 27
rVSVOmicron	75	T	65161	4.03749e-05	0.999453	0.000491884	1.42789e-05 0.000547 36
rVSVOmicron	76	C	66650	7.23097e-06	0.00013546	0.999857	0 0.000143 10
rVSVOmicron	77	C	67684	3.21745e-05	0.000106608	0.999847	1.39263e-05 0.000153 10
rVSVOmicron	78	C	68843	8.81916e-05	0.000186287	0.999711	1.41484e-05 0.000289 20
rVSVOmicron	79	G	70058	0.000384136	0.000119263	0	0.999497 0.000503 35
rVSVOmicron	80	C	71980	8.06657e-06	0.000103073	0.999889	0 0.000111 8
rVSVOmicron	81	C	71519	6.68595e-05	0.000359596	0.999574	0 0.000426 30
rVSVOmicron	82	T	72315	7.18803e-05	0.999537	0.000340982	4.9867e-05 0.000463 33
rVSVOmicron	83	A	73861	0.999947	0	1.64434e-05	3.68865e-05 5.3e-05 4
rVSVOmicron	84	C	74881	1.98139e-05	7.40869e-05	0.999906	0 9.4e-05 7
rVSVOmicron	85	A	75916	0.999917	5.11385e-05	0	3.18004e-05 8.3e-05 6
rVSVOmicron	86	C	76954	3.48038e-05	5.03187e-05	0.999915	0 8.5e-05 7
rVSVOmicron	87	A	78053	0.999842	0	3.2884e-05	0.00012479 0.000158 12
rVSVOmicron	88	A	78929	0.999886	4.71834e-05	1.06269e-05	5.6535e-05 0.000114 9
rVSVOmicron	89	A	76275	0.999846	0	2.05754e-05	0.00013374 0.000154 12
rVSVOmicron	90	C	76792	0.000148361	0.000135645	0.999716	0 0.000284 22
rVSVOmicron	91	T	77408	3.09307e-05	0.999876	9.27922e-05	0 0.000124 10
rVSVOmicron	92	C	78101	1.53147e-05	9.89249e-05	0.999886	0 0.000114 9
rVSVOmicron	93	T	78861	3.44908e-05	0.99975	0.000215672	0 0.00025 20
rVSVOmicron	94	T	80370	0	0.999808	0.000176542	1.53335e-05 0.000192 15
rVSVOmicron	95	T	81149	1.4927e-05	0.999922	6.29353e-05	0 7.8e-05 6
rVSVOmicron	96	C	82319	8.01267e-05	0.000127098	0.999775	1.77621e-05 0.000225 19
rVSVOmicron	97	A	83346	0.999877	3.25111e-05	0	9.0091e-05 0.000123 10
rVSVOmicron	98	C	84297	1.42708e-05	0.000112623	0.999859	1.42708e-05 0.000141 12
rVSVOmicron	99	C	85272	3.12925e-05	0.000244545	0.999724	0 0.000276 24
rVSVOmicron	100	C	86363	0.000113236	0.000263073	0.999592	3.1645e-05 0.000408 35
rVSVOmicron	101	G	87550	0.000235342	7.58324e-05	0.00123611	0.998453 0.001547 135
rVSVOmicron	102	G	88531	0.000172243	7.2327e-05	5.51773e-05	0.9997 0.0003 27
rVSVOmicron	103	G	89436	5.85524e-05	0	1.37116e-05	0.999928 7.2e-05 6
rVSVOmicron	104	G	90248	0.000143049	5.68526e-05	0	0.9998 0.0002 18
rVSVOmicron	105	C	91256	2.64176e-05	0.000253466	0.99962	0.000100316 0.00038 35
rVSVOmicron	106	G	92364	0.000553115	2.92971e-05	0	0.999418 0.000582 54
rVSVOmicron	107	T	93122	0	0.99995	5.02698e-05	0 5e-05 5
rVSVOmicron	108	G	94372	0.000148416	3.84013e-05	2.56009e-05	0.999788 0.000212 20
rVSVOmicron	109	T	95182	0	0.999924	7.59956e-05	0 7.6e-05 7
rVSVOmicron	110	A	95900	0.999799	1.27447e-05	1.27447e-05	0.000175326 0.000201 19
rVSVOmicron	111	C	95883	4.04099e-05	0.000243818	0.999703	1.32436e-05 0.000297 28
rVSVOmicron	112	T	97077	0	0.999759	0.000228483	1.24505e-05 0.000241 23
rVSVOmicron	113	A	98349	0.999845	0	0	0.000154705 0.000155 15
rVSVOmicron	114	C	99315	1.21811e-05	0.000106009	0.999855	2.66668e-05 0.000145 14
rVSVOmicron	115	C	100456	2.78225e-05	0.000172172	0.9998	0 0.0002 20
rVSVOmicron	116	C	101488	6.35759e-05	0.000137532	0.999772	2.65981e-05 0.000228 23
rVSVOmicron	117	C	102577	4.78192e-05	0.000112648	0.999804	3.56237e-05 0.000196 20
rVSVOmicron	118	G	103973	0.000230069	1.1661e-05	1.29217e-05	0.999745 0.000255 27
rVSVOmicron	119	A	105226	0.99997	0	6.5164e-06	2.29626e-05 3e-05 3
rVSVOmicron	120	C	106945	5.25118e-05	8.39578e-05	0.999838	2.534e-05 0.000162 17
rVSVOmicron	121	A	108833	0.999854	2.54008e-05	1.13232e-05	0.00010956 0.000146 16
rVSVOmicron	122	A	111776	0.999477	0.000264642	2.15059e-05	0.000237162 0.000523 58
rVSVOmicron	123	G	112680	5.8756e-05	0.000326227	2.16316e-05	0.999593 0.000407 46
rVSVOmicron	124	G	104579	0.000252266	9.78756e-06	0	0.999738 0.000262 27
rVSVOmicron	125	T	105331	0	0.999748	3.45629e-05	0.00021703 0.000252 27
rVSVOmicron	126	G	106658	9.12426e-05	1.14053e-05	0	0.999897 0.000103 11
rVSVOmicron	127	T	107391	0	0.999899	0.000101289	0 0.000101 11
rVSVOmicron	128	T	108468	0	0.999941	5.87089e-05	0 5.9e-05 6
rVSVOmicron	129	C	109976	2.48931e-05	0.000105571	0.99987	0 0.00013 14
rVSVOmicron	130	C	111055	6.39935e-05	0.000192576	0.9997	4.37537e-05 0.0003 33
rVSVOmicron	131	G	112568	0.000189661	0.000109386	6.67489e-05	0.999634 0.000366 41
rVSVOmicron	132	G	113200	6.72977e-05	1.08262e-05	0	0.999922 7.8e-05 9
rVSVOmicron	133	T	106936	0	0.999854	0.000134354	1.14541e-05 0.000146 16
rVSVOmicron	134	C	107170	5.46461e-05	8.22762e-05	0.999841	2.2104e-05 0.000159 17
rVSVOmicron	135	T	107993	0	0.999849	0.000139313	1.12792e-05 0.000151 16
rVSVOmicron	136	A	110055	0.999923	0	0	7.69808e-05 7.7e-05 8
rVSVOmicron	137	G	108092	0.000222183	7.27088e-05	1.1546e-05	0.999694 0.000306 33
rVSVOmicron	138	C	108752	2.25828e-05	0.000380856	0.999585	1.19018e-05 0.000415 45
rVSVOmicron	139	G	109683	9.46192e-05	2.237e-05	0	0.999883 0.000117 13
rVSVOmicron	140	T	110336	1.35059e-05	0.999787	4.44194e-05	0.000155168 0.000213 24
rVSVOmicron	141	G	111655	0.000163557	7.36153e-05	0.000142481	0.99962 0.00038 42
rVSVOmicron	142	C	112293	7.11391e-05	0.000898538	0.999006	2.45002e-05 0.000994 112
rVSVOmicron	143	T	113117	1.14116e-05	0.999791	0.000197216	0 0.000209 24
rVSVOmicron	144	C	114547	4.7514e-05	8.19906e-05	0.999847	2.3757e-05 0.000153 18
rVSVOmicron	145	C	115438	0.000318248	0.000103208	0.999546	3.24861e-05 0.000454 52
rVSVOmicron	146	A	115359	0.999655	2.11871e-05	0.000291752	3.17807e-05 0.000345 40
rVSVOmicron	147	C	115615	0.000111043	9.11119e-05	0.999789	8.54175e-06 0.000211 24
rVSVOmicron	148	T	116036	3.15263e-05	0.999859	0.000109064	0 0.000141 16
rVSVOmicron	149	C	115976	7.34554e-05	8.83716e-05	0.999817	2.08264e-05 0.000183 21
rVSVOmicron	150	T	116257	2.08872e-05	0.999877	0.000100202	1.97582e-06 0.000123 14
rVSVOmicron	151	A	117478	0.999898	0	2.96252e-05	7.1947e-05 0.000102 12
rVSVOmicron	152	C	118428	4.56285e-05	7.9919e-05	0.999874	0 0.000126 15
rVSVOmicron	153	A	118473	0.999902	1.03065e-05	1.03065e-05	7.6881e-05 9.8e-05 12
rVSVOmicron	154	C	119964	1.19853e-05	0.000130749	0.999857	0 0.000143 17
rVSVOmicron	155	A	121162	0.999307	0.000130155	5.26045e-05	0.000510046 0.000693 84
rVSVOmicron	156	G	122772	0.0010561	6.92483e-05	9.89262e-06	0.998865 0.001135 139
rVSVOmicron	157	G	124305	0.000277067	3.90532e-05	9.7633e-06	0.999674 0.000326 41
rVSVOmicron	158	A	125381	0.999878	0	1.8691e-05	0.00010332 0.000122 15
rVSVOmicron	159	C	126852	9.56921e-06	8.09503e-05	0.988942	0.0109673 0.011058 1403
rVSVOmicron	160	C	114175	0.000111546	0.000189629	0.999699	0 0.000301 34
rVSVOmicron	161	T	114003	6.57584e-05	0.999248	0.000654738	3.15982e-05 0.000752 86
rVSVOmicron	162	G	115045	0.00013392	2.38838e-05	1.05203e-05	0.999832 0.000168 19
rVSVOmicron	163	T	115377	0	0.987822	0.00012276	0.0120548 0.012178 1405
rVSVOmicron	164	T	115695	1.40077e-05	0.988657	0.000100341	0.0112287 0.011343 1312
rVSVOmicron	165	C	117757	6.08274e-05	0.000140628	0.999799	0 0.000201 24
rVSVOmicron	166	C	113315	6.66086e-05	0.000123125	0.99981	0 0.00019 22
rVSVOmicron	167	T	113651	6.82858e-05	0.999711	0.00020002	2.04857e-05 0.000289 33
rVSVOmicron	168	C	115013	3.40068e-05	6.54631e-05	0.999901	0 9.9e-05 11
rVSVOmicron	169	C	115968	5.48255e-05	8.96625e-05	0.999845	1.05653e-05 0.000155 18
rVSVOmicron	170	C	116051	0.000120681	0.00018625	0.999657	3.64586e-05 0.000343 40
rVSVOmicron	171	T	116433	2.99257e-05	0.999684	0.000244487	4.17831e-05 0.000316 37
rVSVOmicron	172	T	117205	1.07078e-05	0.999945	2.45991e-05	1.93899e-05 5.5e-05 6
rVSVOmicron	173	T	117814	2.06485e-05	0.999925	5.46906e-05	0 7.5e-05 9
rVSVOmicron	174	C	117636	3.06236e-05	0.000156153	0.999803	1.02079e-05 0.000197 23
rVSVOmicron	175	T	117955	3.33611e-05	0.999789	0.00017737	0 0.000211 25
rVSVOmicron	176	T	119316	0	0.999907	9.31276e-05	0 9.3e-05 11
rVSVOmicron	177	C	120268	4.34456e-05	9.9844e-05	0.999834	2.23974e-05 0.000166 20
rVSVOmicron	178	A	120077	0.999675	2.19955e-05	5.15943e-06	0.000297889 0.000325 39
rVSVOmicron	179	G	120712	0.000229013	7.73289e-05	2.00082e-05	0.999674 0.000326 39
rVSVOmicron	180	C	121885	5.40691e-05	0.00014347	0.999802	0 0.000198 24
rVSVOmicron	181	A	122234	0.999948	0	2.24733e-05	2.93475e-05 5.2e-05 6
rVSVOmicron	182	A	122171	0.99992	0	1.35311e-05	6.60318e-05 8e-05 10
rVSVOmicron	183	C	122738	5.9241e-05	0.000241989	0.99965	4.89267e-05 0.00035 43
rVSVOmicron	184	G	122293	0.000136373	9.87433e-06	0	0.999854 0.000146 18
rVSVOmicron	185	T	122809	9.82935e-06	0.99987	0.000109982	9.82935e-06 0.00013 16
rVSVOmicron	186	G	123980	6.26447e-05	4.84907e-05	2.80459e-05	0.999861 0.000139 17
rVSVOmicron	187	A	124343	0.999773	2.89038e-05	3.87988e-05	0.000159101 0.000227 28
rVSVOmicron	188	C	125328	9.61413e-06	0.000121086	0.99985	1.92283e-05 0.00015 19
rVSVOmicron	189	A	123489	0.998784	9.54021e-05	1.69604e-05	0.00110401 0.001216 150
rVSVOmicron	190	T	123184	0.000253509	0.99884	0.00090671	0 0.00116 143
rVSVOmicron	191	G	124400	0.000537059	2.18189e-05	2.91794e-05	0.999412 0.000588 73
rVSVOmicron	192	G	124269	5.10644e-05	4.13253e-05	0	0.999908 9.2e-05 11
rVSVOmicron	193	T	124569	2.15766e-05	0.999899	5.71781e-05	2.23858e-05 0.000101 13
rVSVOmicron	194	T	124992	1.92207e-05	0.999882	9.16878e-05	7.53243e-06 0.000118 15
rVSVOmicron	195	C	126311	8.61763e-05	9.29047e-05	0.999792	2.87254e-05 0.000208 26
rVSVOmicron	196	C	127057	1.90376e-05	0.000181115	0.9998	0 0.0002 25
rVSVOmicron	197	A	126570	0.999759	0	0	0.000240736 0.000241 31
rVSVOmicron	198	C	127422	0.000697054	0.000105568	0.99836	0.000837385 0.00164 209
rVSVOmicron	199	G	127839	0.000373278	8.97402e-05	9.45979e-06	0.999528 0.000472 60
rVSVOmicron	200	T	128071	1.28139e-06	0.999873	0.000125576	0 0.000127 16
rVSVOmicron	201	G	128902	6.87816e-05	7.10575e-05	2.93333e-05	0.999831 0.000169 22
rVSVOmicron	202	A	128841	0.999972	0	0	2.7846e-05 2.8e-05 4
rVSVOmicron	203	T	128009	9.4094e-06	0.999889	0.000101469	0 0.000111 14
rVSVOmicron	204	C	126900	4.84645e-05	0.000190032	0.999752	9.43783e-06 0.000248 31
rVSVOmicron	205	T	127251	1.88102e-05	0.999796	0.000173867	1.16928e-05 0.000204 26
rVSVOmicron	206	C	126321	2.12473e-05	2.84151e-05	0.999922	2.84151e-05 7.8e-05 10
rVSVOmicron	207	T	126747	3.04351e-05	0.999793	0.000167265	9.46301e-06 0.000207 26
rVSVOmicron	208	G	128229	0.000101041	7.73714e-05	0	0.999822 0.000178 23
rVSVOmicron	209	G	128844	0.000478514	6.58179e-05	0	0.999456 0.000544 70
rVSVOmicron	210	C	129602	3.01423e-05	0.000222048	0.999739	9.29387e-06 0.000261 34
rVSVOmicron	211	A	129600	0.999587	9.2522e-06	0.000323077	8.02691e-05 0.000413 54
rVSVOmicron	212	C	130451	3.90209e-05	7.35681e-05	0.999876	1.14329e-05 0.000124 16
rVSVOmicron	213	A	130512	0.999902	2.06147e-05	1.83794e-05	5.9112e-05 9.8e-05 13
rVSVOmicron	214	A	130826	0.999949	0	9.28263e-06	4.13955e-05 5.1e-05 7
rVSVOmicron	215	A	130701	0.99973	1.9099e-05	5.72969e-05	0.000193571 0.00027 35
rVSVOmicron	216	C	131549	1.8245e-05	0.000303755	0.999678	0 0.000322 42
rVSVOmicron	217	G	132015	0.000290187	0.000188559	2.06743e-05	0.999501 0.000499 66
rVSVOmicron	218	G	131916	0.00078503	7.90499e-05	2.75929e-05	0.999108 0.000892 118
rVSVOmicron	219	C	132328	4.54484e-05	0.000287185	0.999649	1.81793e-05 0.000351 46
rVSVOmicron	220	A	132465	0.999905	2.88563e-05	9.04815e-06	5.69789e-05 9.5e-05 13
rVSVOmicron	221	C	133288	2.02035e-05	9.66358e-05	0.999872	1.11971e-05 0.000128 17
rVSVOmicron	222	A	133553	0.999908	0	2.70547e-05	6.53213e-05 9.2e-05 12
rVSVOmicron	223	A	134159	0.999865	1.82213e-05	9.11064e-06	0.000108097 0.000135 18
rVSVOmicron	224	A	134244	0.999643	2.95809e-05	3.79621e-05	0.000289646 0.000357 48
rVSVOmicron	225	G	134201	8.76116e-05	1.81604e-05	5.54628e-05	0.999839 0.000161 22
rVSVOmicron	226	C	135021	0.000110331	0.000387005	0.99949	1.25541e-05 0.00051 69
rVSVOmicron	227	G	136016	0.000234627	8.77446e-05	1.77893e-05	0.99966 0.00034 46
rVSVOmicron	228	G	135758	4.30806e-05	8.90493e-06	1.78099e-05	0.99993 7e-05 10
rVSVOmicron	229	T	135628	1.78009e-05	0.999905	7.69769e-05	0 9.5e-05 13
rVSVOmicron	230	T	134233	1.79211e-05	0.999971	1.11402e-05	0 2.9e-05 4
rVSVOmicron	231	C	134880	5.53905e-05	0.000446241	0.999481	1.77441e-05 0.000519 70
rVSVOmicron	232	G	135381	0.000241733	3.55631e-05	1.77816e-05	0.999705 0.000295 40
rVSVOmicron	233	A	134821	0.999809	8.82262e-06	8.82262e-06	0.000173829 0.000191 26
rVSVOmicron	234	C	135541	4.62191e-05	7.00433e-05	0.999884	0 0.000116 16
rVSVOmicron	235	A	135704	0.999845	3.50891e-05	8.89244e-06	0.000111276 0.000155 21
rVSVOmicron	236	A	135293	0.999844	2.68778e-05	4.16485e-05	8.74134e-05 0.000156 21
rVSVOmicron	237	C	135357	1.73214e-05	0.00017538	0.999807	0 0.000193 26
rVSVOmicron	238	C	137261	8.80808e-06	6.76079e-05	0.999895	2.90428e-05 0.000105 14
rVSVOmicron	239	C	137487	0.000113213	0.000319379	0.999541	2.64561e-05 0.000459 63
rVSVOmicron	240	C	138017	9.19014e-05	0.000362631	0.999425	0.000120088 0.000575 79
rVSVOmicron	241	G	137465	0.000313827	2.70947e-05	0	0.999659 0.000341 47
rVSVOmicron	242	T	137484	4.43214e-05	0.999881	6.61227e-05	8.86428e-06 0.000119 16
rVSVOmicron	243	G	138454	0.000463686	6.64741e-05	4.87477e-05	0.999421 0.000579 80
rVSVOmicron	244	C	138445	9.17799e-05	0.000197572	0.999691	2.00841e-05 0.000309 43
rVSVOmicron	245	T	138200	8.57958e-06	0.999712	0.000270836	8.57958e-06 0.000288 40
rVSVOmicron	246	C	139487	2.75801e-05	0.000121213	0.999806	4.49625e-05 0.000194 27
rVSVOmicron	247	C	140143	2.58361e-05	0.000128482	0.999828	1.72241e-05 0.000172 24
rVSVOmicron	248	C	139585	8.83533e-05	7.08691e-05	0.999841	0 0.000159 22
rVSVOmicron	249	T	139429	1.92859e-05	0.999729	0.000203315	4.87957e-05 0.000271 38
rVSVOmicron	250	T	139799	1.64672e-05	0.999838	0.000136913	8.70409e-06 0.000162 23
rVSVOmicron	251	T	139934	0	0.9999	9.22802e-05	7.24224e-06 0.0001 14
rVSVOmicron	252	C	140611	8.49666e-06	9.8745e-05	0.999857	3.60534e-05 0.000143 20
rVSVOmicron	253	A	139812	0.999858	1.90885e-05	8.61309e-06	0.000114298 0.000142 20
rVSVOmicron	254	A	139961	0.999868	0	8.69508e-06	0.000123611 0.000132 18
rVSVOmicron	255	C	140753	2.53214e-05	0.000411758	0.999563	0 0.000437 62
rVSVOmicron	256	G	141243	0.000935438	4.52335e-05	1.05621e-05	0.999009 0.000991 140
rVSVOmicron	257	A	140772	0.999968	0	2.9808e-06	2.91201e-05 3.2e-05 5
rVSVOmicron	258	C	141565	4.32833e-05	0.000345586	0.999597	1.40501e-05 0.000403 57
rVSVOmicron	259	G	142047	7.84509e-05	0.000105133	1.98408e-05	0.999797 0.000203 29
rVSVOmicron	260	G	142194	0.000229391	3.35804e-05	8.39511e-06	0.999729 0.000271 39
rVSVOmicron	261	C	142092	6.90328e-05	0.000463764	0.999412	5.52262e-05 0.000588 84
rVSVOmicron	262	G	140369	0.000716458	6.12865e-05	0	0.999222 0.000778 109
rVSVOmicron	263	T	140599	1.7273e-05	0.999879	9.50015e-05	8.6365e-06 0.000121 17
rVSVOmicron	264	G	141638	0.000194381	2.3644e-05	0	0.999782 0.000218 31
rVSVOmicron	265	T	141873	9.76975e-05	0.999615	0.00020037	8.70684e-05 0.000385 55
rVSVOmicron	266	A	142315	0.999783	1.70082e-05	0.000104807	9.56137e-05 0.000217 31
rVSVOmicron	267	C	142070	2.52841e-05	8.08637e-05	0.999885	8.42804e-06 0.000115 16
rVSVOmicron	268	T	141835	5.59569e-05	0.999697	0.000175159	7.17094e-05 0.000303 43
rVSVOmicron	269	T	136448	1.76043e-05	0.999923	5.89981e-05	0 7.7e-05 11
rVSVOmicron	270	C	136973	4.53544e-05	0.000189407	0.999757	8.69488e-06 0.000243 33
rVSVOmicron	271	G	137493	0.000287451	0.000253174	8.74645e-06	0.999451 0.000549 75
rVSVOmicron	272	C	137998	0.000203174	0.000215609	0.999581	0 0.000419 58
rVSVOmicron	273	C	138719	0.000241259	0.000176861	0.999533	4.89985e-05 0.000467 65
rVSVOmicron	274	A	138449	0.999547	5.85727e-06	1.73375e-05	0.000430158 0.000453 63
rVSVOmicron	275	G	138967	0.000740028	3.44091e-05	3.02242e-05	0.999195 0.000805 112
rVSVOmicron	276	C	139821	6.20434e-05	0.000190529	0.999747	0 0.000253 35
rVSVOmicron	277	A	139837	0.999891	6.92834e-06	3.41798e-05	6.83596e-05 0.000109 15
rVSVOmicron	278	T	140251	1.15285e-05	0.999939	4.2425e-05	7.37826e-06 6.1e-05 9
rVSVOmicron	279	A	139969	0.999765	0	3.37831e-05	0.000201534 0.000235 33
rVSVOmicron	280	G	140669	5.56119e-05	5.98002e-05	6.25925e-05	0.999822 0.000178 25
rVSVOmicron	281	A	140712	0.999848	1.69443e-05	7.32726e-06	0.000127311 0.000152 21
rVSVOmicron	282	G	141494	0.00044923	2.53152e-05	3.61317e-05	0.999489 0.000511 72
rVSVOmicron	283	A	142410	0.999937	1.89932e-05	6.86502e-06	3.75288e-05 6.3e-05 9
rVSVOmicron	284	A	140937	0.997835	0	5.09401e-05	0.00211366 0.002165 305
rVSVOmicron	285	G	141523	5.27564e-05	3.62413e-05	0	0.999911 8.9e-05 13
rVSVOmicron	286	T	141991	8.49592e-06	0.999866	0.000101721	2.38804e-05 0.000134 19
rVSVOmicron	287	C	142087	7.31288e-05	0.00029023	0.999617	1.96534e-05 0.000383 54
rVSVOmicron	288	T	142353	0	0.999795	0.000178197	2.62988e-05 0.000205 29
rVSVOmicron	289	A	143490	0.998691	1.96641e-05	0.00109712	0.000192121 0.001309 188
rVSVOmicron	290	A	143853	0.998757	0.00106259	3.36321e-05	0.0001468 0.001243 179
rVSVOmicron	291	C	144386	4.98628e-05	6.82805e-05	0.999874	8.31046e-06 0.000126 18
rVSVOmicron	292	A	142403	0.999956	8.42709e-06	1.04769e-05	2.52813e-05 4.4e-05 6
rVSVOmicron	293	T	142762	8.59648e-06	0.999902	8.0621e-05	8.59648e-06 9.8e-05 14
rVSVOmicron	294	T	143029	1.70525e-05	0.999801	0.000156237	2.55787e-05 0.000199 28
rVSVOmicron	295	A	143388	0.999612	7.21051e-06	4.51238e-05	0.000335638 0.000388 56
rVSVOmicron	296	T	143707	1.89226e-05	0.999897	7.59185e-05	8.43538e-06 0.000103 15
rVSVOmicron	297	C	144128	4.14814e-05	8.27385e-05	0.999859	1.65926e-05 0.000141 20
rVSVOmicron	298	C	144501	6.89555e-05	0.000208669	0.9997	2.20838e-05 0.0003 43
rVSVOmicron	299	G	144946	0.000208308	3.52038e-05	0.000138573	0.999618 0.000382 55
rVSVOmicron	300	G	145325	0.00013501	2.02854e-05	8.33954e-06	0.999836 0.000164 24
rVSVOmicron	301	G	145345	0.000106175	8.50746e-05	1.66109e-05	0.999792 0.000208 30
rVSVOmicron	302	G	145215	6.18223e-05	6.58396e-05	0	0.999872 0.000128 19
rVSVOmicron	303	C	144578	3.05073e-05	0.000144175	0.999801	2.46318e-05 0.000199 29
rVSVOmicron	304	T	144408	8.30773e-06	0.999767	0.000196916	2.76176e-05 0.000233 34
rVSVOmicron	305	G	144935	0.00112881	1.4452e-05	0	0.998857 0.001143 166
rVSVOmicron	306	G	145213	0.000177848	0.000164202	0.000895952	0.998762 0.001238 180
rVSVOmicron	307	A	143471	0.999871	3.50679e-05	0	9.38121e-05 0.000129 19
rVSVOmicron	308	T	143798	6.75998e-06	0.999871	0.000105906	1.66746e-05 0.000129 19
rVSVOmicron	309	T	143999	8.34761e-06	0.999977	8.34761e-06	6.76834e-06 2.3e-05 3
rVSVOmicron	310	T	144225	7.87586e-06	0.999921	5.40059e-05	1.66518e-05 7.9e-05 11
rVSVOmicron	311	T	144172	1.02762e-05	0.999884	9.89647e-05	6.4785e-06 0.000116 17
rVSVOmicron	312	C	144918	8.16398e-06	0.000540809	0.999425	2.64778e-05 0.000575 83
rVSVOmicron	313	G	144915	0.00019915	8.28679e-05	1.64845e-05	0.999701 0.000299 43
rVSVOmicron	314	G	144551	0.000271114	4.18648e-05	0	0.999687 0.000313 45
rVSVOmicron	315	C	144574	5.09837e-05	0.000295705	0.999629	2.46052e-05 0.000371 54
rVSVOmicron	316	A	142940	0.999905	3.29485e-05	0	6.21123e-05 9.5e-05 14
rVSVOmicron	317	C	143211	1.64924e-05	0.00105172	0.998924	8.24618e-06 0.001076 154
rVSVOmicron	318	C	143470	8.69036e-05	0.00110399	0.998792	1.70224e-05 0.001208 173
rVSVOmicron	319	A	143418	0.998817	8.14122e-06	0.00110236	7.23908e-05 0.001183 170
rVSVOmicron	320	C	143694	0.00207449	7.5831e-05	0.997832	1.77382e-05 0.002168 312
rVSVOmicron	321	A	142985	0.997643	1.66512e-05	0.00222968	0.000110483 0.002357 337
rVSVOmicron	322	C	142128	1.35763e-05	4.38449e-05	0.999926	1.64696e-05 7.4e-05 11
rVSVOmicron	323	T	142279	0.00284411	0.997079	7.05467e-05	6.51546e-06 0.002921 416
rVSVOmicron	324	C	143602	3.82892e-05	0.00326343	0.996652	4.64782e-05 0.003348 481
rVSVOmicron	325	G	143592	0.000242699	7.0583e-05	0	0.999687 0.000313 45
rVSVOmicron	326	A	141857	0.999967	0	8.25399e-06	2.4762e-05 3.3e-05 5
rVSVOmicron	327	C	141703	4.92899e-05	7.89989e-05	0.999869	2.92589e-06 0.000131 19
rVSVOmicron	328	T	141037	8.34072e-06	0.999899	6.67258e-05	2.5473e-05 0.000101 14
rVSVOmicron	329	C	140898	2.90044e-05	8.31908e-06	0.999938	2.49572e-05 6.2e-05 9
rVSVOmicron	330	T	141099	8.44288e-06	0.999747	0.000217689	2.71541e-05 0.000253 36
rVSVOmicron	331	A	142419	0.99986	8.38528e-06	1.67706e-05	0.000114901 0.00014 20
rVSVOmicron	332	A	141935	0.999809	3.41995e-05	9.34785e-05	6.3155e-05 0.000191 27
rVSVOmicron	333	G	142730	2.5602e-05	9.90096e-05	8.38296e-06	0.999867 0.000133 19
rVSVOmicron	334	A	142778	0.999962	8.24945e-06	6.46578e-06	2.31876e-05 3.8e-05 5
rVSVOmicron	335	C	143174	3.28418e-05	0.000121604	0.999839	6.65713e-06 0.000161 23
rVSVOmicron	336	A	142734	0.999824	8.23667e-05	5.22712e-05	4.18622e-05 0.000176 25
rVSVOmicron	337	C	143239	8.20021e-06	0.000145609	0.999827	1.95032e-05 0.000173 25
rVSVOmicron	338	A	142805	0.999547	2.71428e-05	4.14993e-05	0.000384036 0.000453 65
rVSVOmicron	339	G	143517	0.000123451	2.72318e-05	8.39646e-06	0.999841 0.000159 23
rVSVOmicron	340	T	143278	2.16781e-05	0.999885	8.24661e-05	1.11743e-05 0.000115 16
rVSVOmicron	341	C	144137	6.56227e-05	6.58451e-05	0.999819	4.93838e-05 0.000181 26
rVSVOmicron	342	C	145106	0.000107574	0.000426271	0.999458	8.27494e-06 0.000542 79
rVSVOmicron	343	C	141012	6.92854e-05	0.000133137	0.999798	0 0.000202 28
rVSVOmicron	344	T	141116	1.52761e-05	0.99979	0.00019477	0 0.00021 30
rVSVOmicron	345	C	143117	4.76112e-05	2.48115e-05	0.999911	1.6541e-05 8.9e-05 13
rVSVOmicron	346	C	142441	0.0016983	0.000119305	0.998182	0 0.001818 259
rVSVOmicron	347	T	142584	1.12655e-05	0.999792	0.000180924	1.62223e-05 0.000208 30
rVSVOmicron	348	G	142758	9.28244e-05	7.64962e-05	4.5182e-05	0.999785 0.000215 31
rVSVOmicron	349	A	137648	0.999929	8.52383e-06	8.52383e-06	5.36771e-05 7.1e-05 10
rVSVOmicron	350	T	137817	3.51103e-05	0.999862	8.11332e-05	2.15881e-05 0.000138 19
rVSVOmicron	351	T	139439	8.48467e-06	0.999941	4.24233e-05	8.48467e-06 5.9e-05 8
rVSVOmicron	352	G	136902	0.000124589	4.12965e-05	0	0.999834 0.000166 23
rVSVOmicron	353	T	137224	1.47706e-05	0.999926	5.88515e-05	0 7.4e-05 10
rVSVOmicron	354	G	138497	5.56259e-05	4.29836e-05	2.55143e-05	0.999876 0.000124 17
rVSVOmicron	355	A	139028	0.999938	8.54649e-06	0	5.38198e-05 6.2e-05 9
rVSVOmicron	356	A	139234	0.99988	8.49185e-06	1.69837e-05	9.43284e-05 0.00012 17
rVSVOmicron	357	C	139962	2.14211e-05	6.3124e-05	0.999879	3.66894e-05 0.000121 17
rVSVOmicron	358	A	136473	0.999927	7.02504e-06	3.11443e-05	3.46569e-05 7.3e-05 10
rVSVOmicron	359	A	136723	0.99987	1.39638e-05	7.02925e-05	4.54416e-05 0.00013 18
rVSVOmicron	360	C	137008	3.96416e-05	0.000558247	0.999339	6.34266e-05 0.000661 91
rVSVOmicron	361	G	137343	0.000916854	2.60683e-05	2.60683e-05	0.999031 0.000969 133
rVSVOmicron	362	C	137104	2.64917e-05	8.74459e-05	0.999862	2.43817e-05 0.000138 19
rVSVOmicron	363	C	137541	7.96254e-05	0.000118858	0.999767	3.43573e-05 0.000233 32
rVSVOmicron	364	A	137363	0.999941	2.38167e-05	0	3.50246e-05 5.9e-05 8
rVSVOmicron	365	C	138093	5.11554e-05	7.00506e-05	0.99987	8.52589e-06 0.00013 18
rVSVOmicron	366	A	138225	0.999869	1.72328e-05	4.30819e-05	7.10269e-05 0.000131 18
rVSVOmicron	367	A	138161	0.999822	0	6.76188e-05	0.0001103 0.000178 25
rVSVOmicron	368	A	136805	0.999961	0	2.12068e-05	1.80379e-05 3.9e-05 5
rVSVOmicron	369	C	137564	9.58171e-05	0.000254888	0.999623	2.60041e-05 0.000377 52
rVSVOmicron	370	G	135926	0.000107323	0.00011536	0	0.999777 0.000223 30
rVSVOmicron	371	T	135282	7.45851e-05	0.999843	2.81222e-05	5.42881e-05 0.000157 21
rVSVOmicron	372	G	135344	9.92647e-05	6.8795e-05	3.7373e-05	0.999795 0.000205 28
rVSVOmicron	373	G	134520	4.57727e-05	1.09664e-05	0	0.999943 5.7e-05 8
rVSVOmicron	374	T	134480	5.30834e-05	0.999836	8.4786e-05	2.62959e-05 0.000164 22
rVSVOmicron	375	G	135594	6.03155e-05	5.15638e-05	5.98424e-05	0.999828 0.000172 23
rVSVOmicron	376	A	135964	0.999867	0	0	0.000132818 0.000133 18
rVSVOmicron	377	T	136143	5.36821e-05	0.999937	8.9875e-06	0 6.3e-05 9
rVSVOmicron	378	T	138005	7.95346e-05	0.999848	2.78255e-05	4.45208e-05 0.000152 21
rVSVOmicron	379	A	139904	0.999606	8.53753e-06	3.39194e-05	0.000351885 0.000394 55
rVSVOmicron	380	A	140227	0.999626	7.07401e-05	9.17339e-05	0.000211992 0.000374 52
rVSVOmicron	381	G	139806	0.000127199	9.77742e-05	9.03601e-06	0.999766 0.000234 33
rVSVOmicron	382	G	136083	0.000326456	6.18975e-05	0	0.999612 0.000388 53
rVSVOmicron	383	T	136139	0	0.999779	0.000211901	8.74063e-06 0.000221 30
rVSVOmicron	384	G	137200	0.000107508	4.76511e-05	8.68518e-06	0.999836 0.000164 23
rVSVOmicron	385	T	137444	0	0.999948	5.22574e-05	0 5.2e-05 7
rVSVOmicron	386	G	136375	0.000225954	5.4834e-05	1.58357e-05	0.999703 0.000297 41
rVSVOmicron	387	C	136753	7.03487e-05	0.00088435	0.99901	3.51744e-05 0.00099 135
rVSVOmicron	388	G	137208	0.000231784	4.40036e-05	2.61198e-05	0.999698 0.000302 41
rVSVOmicron	389	A	136681	0.999889	4.00011e-05	0	7.1347e-05 0.000111 15
rVSVOmicron	390	G	137460	0.00014168	4.94942e-05	8.67908e-06	0.9998 0.0002 27
rVSVOmicron	391	T	137761	0	0.99993	6.15721e-05	8.79602e-06 7e-05 10
rVSVOmicron	392	T	138056	0	0.999754	0.000146137	0.000100062 0.000246 34
rVSVOmicron	393	C	138211	6.10599e-05	9.51399e-05	0.999844	0 0.000156 22
rVSVOmicron	394	C	138661	3.52082e-06	0.000207963	0.999763	2.51151e-05 0.000237 33
rVSVOmicron	395	A	138333	0.999621	0	3.49285e-05	0.000344395 0.000379 52
rVSVOmicron	396	G	139113	0.000139502	3.45835e-05	8.64588e-06	0.999817 0.000183 25
rVSVOmicron	397	T	139128	0.00148103	0.99844	5.22241e-05	2.68242e-05 0.00156 217
rVSVOmicron	398	T	139561	2.59203e-05	0.998527	0.00143823	8.64011e-06 0.001473 206
rVSVOmicron	399	C	137962	5.91913e-05	9.88095e-05	0.999834	8.48959e-06 0.000166 23
rVSVOmicron	400	T	138455	8.63103e-06	0.999826	0.000164923	0 0.000174 24
rVSVOmicron	401	G	140295	0.00025506	5.17077e-05	4.22009e-05	0.999651 0.000349 49
rVSVOmicron	402	C	140984	1.73209e-05	0.000294224	0.999679	9.2378e-06 0.000321 45
rVSVOmicron	403	A	139898	0.999879	0	1.71832e-05	0.00010426 0.000121 17
rVSVOmicron	404	A	140613	0.999823	7.03575e-06	2.60323e-05	0.000143764 0.000177 25
rVSVOmicron	405	C	141108	4.0191e-05	0.000159378	0.999794	6.92948e-06 0.000206 29
rVSVOmicron	406	G	141740	0.000247931	5.15659e-05	1.54237e-05	0.999685 0.000315 45
rVSVOmicron	407	A	138798	0.999939	2.58914e-05	0	3.49884e-05 6.1e-05 8
rVSVOmicron	408	C	134249	1.8104e-05	0.00016049	0.999793	2.81347e-05 0.000207 28
rVSVOmicron	409	C	133449	6.33316e-05	0.000125927	0.999784	2.72473e-05 0.000216 29
rVSVOmicron	410	C	132043	0.984145	1.81479e-05	0.0158044	3.20696e-05 0.984196 129956
rVSVOmicron	411	T	137502	1.08257e-05	0.999844	0.00011736	2.73103e-05 0.000156 21
rVSVOmicron	412	T	138799	0	0.999865	0.000109901	2.55526e-05 0.000135 19
rVSVOmicron	413	T	139763	9.0949e-06	0.999956	2.63519e-05	8.39529e-06 4.4e-05 6
rVSVOmicron	414	C	141287	9.20883e-05	0.000115284	0.999768	2.41239e-05 0.000232 33
rVSVOmicron	415	C	141525	4.46702e-05	0.000120818	0.999835	0 0.000165 23
rVSVOmicron	416	T	142152	3.46609e-05	0.99966	0.00029716	8.5497e-06 0.00034 48
rVSVOmicron	417	G	144113	0.000121221	4.07891e-05	1.74156e-05	0.999821 0.000179 26
rVSVOmicron	418	G	145208	0.000358303	8.38004e-06	2.51401e-05	0.999608 0.000392 57
rVSVOmicron	419	A	146294	0.99995	8.67164e-06	0	4.15794e-05 5e-05 7
rVSVOmicron	420	T	146851	1.44405e-05	0.999936	4.97642e-05	0 6.4e-05 9
rVSVOmicron	421	C	147869	3.58638e-05	0.00026278	0.999669	3.27645e-05 0.000331 49
rVSVOmicron	422	A	147345	0.999618	0.000184213	2.44882e-05	0.000172962 0.000382 56
rVSVOmicron	423	C	147372	0.000320576	8.23641e-05	0.999597	0 0.000403 59
rVSVOmicron	424	A	146913	0.999701	2.52741e-05	0	0.000273318 0.000299 44
rVSVOmicron	425	A	146395	0.99989	8.28106e-06	8.28106e-06	9.37774e-05 0.00011 16
rVSVOmicron	426	G	147056	0.000102257	4.47377e-05	8.44537e-06	0.999845 0.000155 23
rVSVOmicron	427	A	147673	0.999935	0	0	6.49585e-05 6.5e-05 10
rVSVOmicron	428	A	148026	0.999941	6.44087e-06	2.73182e-05	2.50972e-05 5.9e-05 9
rVSVOmicron	429	C	147737	3.21313e-05	0.000164867	0.999788	1.46253e-05 0.000212 31
rVSVOmicron	430	A	147636	0.999799	0	2.06105e-05	0.000180841 0.000201 30
rVSVOmicron	431	A	147713	0.999949	0	0	5.09353e-05 5.1e-05 8
rVSVOmicron	432	C	148609	3.13476e-05	0.000115236	0.999817	3.68666e-05 0.000183 27
rVSVOmicron	433	A	148586	0.999797	8.38452e-06	9.26829e-05	0.000101747 0.000203 30
rVSVOmicron	434	A	148542	0.999839	1.7432e-05	7.45446e-05	6.8581e-05 0.000161 24
rVSVOmicron	435	G	149354	0.00010173	8.54991e-05	0	0.999813 0.000187 28
rVSVOmicron	436	T	149553	0	0.999958	4.18305e-05	0 4.2e-05 6
rVSVOmicron	437	C	149056	5.51037e-05	8.22112e-06	0.99992	1.68866e-05 8e-05 12
rVSVOmicron	438	T	148839	2.46567e-05	0.999902	6.45558e-05	8.29362e-06 9.8e-05 15
rVSVOmicron	439	T	150253	1.66751e-05	0.999894	7.35022e-05	1.62363e-05 0.000106 16
rVSVOmicron	440	G	151084	0.000166752	6.51273e-05	1.61726e-05	0.999752 0.000248 37
rVSVOmicron	441	G	151362	7.29426e-05	5.7095e-05	1.60647e-05	0.999854 0.000146 22
rVSVOmicron	442	A	151138	0.999845	2.39179e-05	0	0.00013101 0.000155 23
rVSVOmicron	443	T	151999	2.92364e-05	0.996109	0.0038461	1.59081e-05 0.003891 591
rVSVOmicron	444	G	152224	7.28805e-05	0.000134083	2.40052e-05	0.999769 0.000231 35
rVSVOmicron	445	G	152129	8.93471e-05	3.15089e-05	1.7481e-05	0.999862 0.000138 21
rVSVOmicron	446	A	152878	0.999728	6.23626e-05	1.33634e-05	0.000196421 0.000272 42
rVSVOmicron	447	G	151962	7.97641e-05	3.00187e-05	1.80112e-05	0.999872 0.000128 19
rVSVOmicron	448	T	152052	1.63989e-05	0.999734	0.000250083	0 0.000266 40
rVSVOmicron	449	C	150751	5.66533e-05	8.63909e-05	0.999849	8.24838e-06 0.000151 23
rVSVOmicron	450	T	150503	1.4198e-05	0.999639	0.000330857	1.5919e-05 0.000361 54
rVSVOmicron	451	G	152205	6.5571e-05	8.12138e-05	2.97855e-05	0.999823 0.000177 27
rVSVOmicron	452	A	154157	0.999617	0.000110474	1.73875e-05	0.000255512 0.000383 59
rVSVOmicron	453	G	151631	0.000173993	5.56347e-05	7.94782e-06	0.999762 0.000238 36
rVSVOmicron	454	T	152133	2.83751e-05	0.999826	0.000139709	5.84829e-06 0.000174 26
rVSVOmicron	455	T	152520	0	0.999942	5.80541e-05	0 5.8e-05 9
rVSVOmicron	456	C	153386	1.21337e-05	0.000126233	0.99983	3.15051e-05 0.00017 26
rVSVOmicron	457	A	152569	0.999709	2.41191e-05	7.89741e-06	0.000259334 0.000291 44
rVSVOmicron	458	G	153316	0.000100961	5.90003e-05	7.8809e-06	0.999832 0.000168 26
rVSVOmicron	459	A	153323	0.999843	7.90989e-06	0	0.000148792 0.000157 24
rVSVOmicron	460	G	153676	0.000142408	0.000120695	1.57521e-05	0.999721 0.000279 43
rVSVOmicron	461	T	154386	0	0.999901	9.49072e-06	8.98455e-05 9.9e-05 15
rVSVOmicron	462	G	154965	9.60917e-05	3.89846e-05	7.79692e-06	0.999857 0.000143 22
rVSVOmicron	463	T	151386	0	0.999835	0.000164976	0 0.000165 25
rVSVOmicron	464	A	151461	0.999843	3.22403e-05	0	0.000125092 0.000157 24
rVSVOmicron	465	C	151580	3.06326e-05	0.000225862	0.999728	1.59635e-05 0.000272 41
rVSVOmicron	466	T	146649	0	0.999902	9.78021e-05	0 9.8e-05 14
rVSVOmicron	467	C	146634	1.75021e-05	2.65855e-05	0.999923	3.27888e-05 7.7e-05 11
rVSVOmicron	468	T	145642	3.33673e-05	0.999871	6.56074e-05	3.04364e-05 0.000129 19
rVSVOmicron	469	A	146402	0.999834	0	8.35783e-06	0.000158121 0.000166 24
rVSVOmicron	470	G	146650	1.72244e-05	6.02856e-05	8.38559e-06	0.999914 8.6e-05 13
rVSVOmicron	471	C	146856	2.29749e-05	0.000612516	0.999337	2.78822e-05 0.000663 97
rVSVOmicron	472	G	147072	0.00045478	0.00011514	2.51174e-05	0.999405 0.000595 88
rVSVOmicron	473	C	147437	2.47173e-05	6.07912e-05	0.999906	8.2391e-06 9.4e-05 14
rVSVOmicron	474	C	147799	3.2565e-05	5.69887e-05	0.999889	2.17833e-05 0.000111 16
rVSVOmicron	475	A	147572	0.999858	8.1772e-06	0	0.000133929 0.000142 21
rVSVOmicron	476	A	147803	0.999936	1.62765e-05	0	4.72899e-05 6.4e-05 9
rVSVOmicron	477	C	148429	5.59365e-05	0.000128479	0.999791	2.42537e-05 0.000209 31
rVSVOmicron	478	A	148462	0.999825	0	0.000142252	3.30818e-05 0.000175 26
rVSVOmicron	479	A	148794	0.999939	1.65093e-05	0	4.46198e-05 6.1e-05 9
rVSVOmicron	480	C	148168	7.33589e-05	0.000130561	0.999674	0.00012161 0.000326 48
rVSVOmicron	481	T	148952	2.3018e-05	0.999468	0.000336639	0.000172193 0.000532 79
rVSVOmicron	482	G	151557	0.00070159	0.000236741	0	0.999062 0.000938 142
rVSVOmicron	483	C	153680	4.86449e-05	0.000141091	0.999678	0.000132668 0.000322 49
rVSVOmicron	484	A	155521	0.999738	7.06355e-06	3.8434e-05	0.000216062 0.000262 41
rVSVOmicron	485	C	157368	3.85411e-05	0.00012902	0.99983	2.26712e-06 0.00017 27
rVSVOmicron	486	C	145317	0.000100929	0.000142908	0.999748	8.26188e-06 0.000252 37
rVSVOmicron	487	T	145549	4.81763e-05	0.999667	0.000232777	5.15532e-05 0.000333 48
rVSVOmicron	488	T	146318	3.48341e-05	0.999878	7.12213e-05	1.64186e-05 0.000122 18
rVSVOmicron	489	C	147029	4.81833e-05	0.000116608	0.999815	2.04614e-05 0.000185 27
rVSVOmicron	490	G	147763	0.000152555	5.41395e-05	7.29897e-05	0.99972 0.00028 41
rVSVOmicron	491	A	147812	0.999901	1.43835e-05	0	8.49937e-05 9.9e-05 15
rVSVOmicron	492	G	148469	3.44425e-05	2.43511e-05	0	0.999941 5.9e-05 9
rVSVOmicron	493	T	148652	1.59656e-05	0.999931	4.50535e-05	8.09213e-06 6.9e-05 10
rVSVOmicron	494	A	148942	0.999935	1.42953e-05	0	5.02502e-05 6.5e-05 10
rVSVOmicron	495	C	147653	5.46318e-05	0.000600511	0.999345	0 0.000655 97
rVSVOmicron	496	G	146286	0.000296883	5.0736e-05	1.6395e-05	0.999636 0.000364 53
rVSVOmicron	497	T	146649	2.464e-05	0.999848	0.000122312	5.32756e-06 0.000152 22
rVSVOmicron	498	G	147935	0.000111435	3.91116e-05	6.11801e-06	0.999843 0.000157 23
rVSVOmicron	499	T	148256	0.000106176	0.999683	0.000160675	5.01568e-05 0.000317 47
rVSVOmicron	500	C	148725	5.92322e-05	6.71006e-05	0.999857	1.61741e-05 0.000143 21
rVSVOmicron	501	C	149402	0.000133031	0.000266944	0.99958	1.96023e-05 0.00042 63
rVSVOmicron	502	C	149847	3.25737e-05	0.000196528	0.999731	3.99571e-05 0.000269 40
rVSVOmicron	503	A	149480	0.998884	7.98437e-06	2.43847e-05	0.00108372 0.001116 167
rVSVOmicron	504	G	150366	0.00100177	1.62484e-05	8.01586e-06	0.998974 0.001026 154
rVSVOmicron	505	C	151902	4.92573e-05	0.000206494	0.999744	0 0.000256 39
rVSVOmicron	506	C	145727	0.000140555	6.69309e-05	0.999782	1.02627e-05 0.000218 32
rVSVOmicron	507	T	146159	3.32437e-05	0.999693	0.00021541	5.86258e-05 0.000307 45
rVSVOmicron	508	T	146784	3.81893e-06	0.999872	8.21071e-05	4.2247e-05 0.000128 19
rVSVOmicron	509	T	146215	7.74357e-06	0.999859	0.000125003	8.18605e-06 0.000141 21
rVSVOmicron	510	C	146820	5.16156e-05	0.000177886	0.999754	1.63929e-05 0.000246 36
rVSVOmicron	511	C	143066	3.44641e-05	0.000121758	0.999835	8.3893e-06 0.000165 24
rVSVOmicron	512	T	143167	2.50368e-05	0.999627	0.000320742	2.70669e-05 0.000373 53
rVSVOmicron	513	C	144806	4.69515e-05	0.000446151	0.999479	2.78149e-05 0.000521 75
rVSVOmicron	514	A	145403	0.999666	5.07668e-05	3.31491e-05	0.000250125 0.000334 49
rVSVOmicron	515	T	147620	1.67773e-05	0.999871	9.55867e-05	1.63358e-05 0.000129 19
rVSVOmicron	516	G	150770	9.35583e-05	0.00498594	4.01584e-05	0.99488 0.00512 772
rVSVOmicron	517	G	153206	0.00012523	3.27783e-05	1.55487e-05	0.999826 0.000174 27
rVSVOmicron	518	A	155579	0.999888	4.7218e-06	0	0.000107164 0.000112 17
rVSVOmicron	519	C	157985	2.46319e-05	5.80902e-05	0.999917	0 8.3e-05 13
rVSVOmicron	520	C	127793	5.31172e-05	0.000167193	0.99977	9.35874e-06 0.00023 29
rVSVOmicron	521	T	128243	5.80767e-05	0.999482	0.000458077	1.50849e-06 0.000518 66
rVSVOmicron	522	G	126648	0.00037326	0.000108169	4.59592e-05	0.999473 0.000527 67
rVSVOmicron	523	G	127365	9.58031e-05	5.58223e-05	7.36753e-05	0.999775 0.000225 29
rVSVOmicron	524	A	127195	0.99941	5.41577e-05	7.07828e-05	0.000464748 0.00059 75
rVSVOmicron	525	G	120603	0.00031291	0.000118772	0	0.999568 0.000432 52
rVSVOmicron	526	G	119628	0.000104882	2.83829e-05	1.00016e-05	0.999857 0.000143 17
rVSVOmicron	527	G	119283	0.000294834	5.97746e-05	9.96244e-06	0.999635 0.000365 44
rVSVOmicron	528	C	119487	7.13429e-05	0.000324503	0.999594	9.84957e-06 0.000406 49
rVSVOmicron	529	A	119148	0.999675	8.2302e-05	9.91913e-06	0.000232429 0.000325 39
rVSVOmicron	530	A	118900	0.99967	1.07237e-05	2.14474e-05	0.000297655 0.00033 39
rVSVOmicron	531	G	118586	0.000195005	6.2047e-05	1.04755e-05	0.999732 0.000268 32
rVSVOmicron	532	C	119136	0.000101169	0.000427899	0.999471	0 0.000529 63
rVSVOmicron	533	A	118758	0.999744	3.83258e-05	1.99726e-05	0.000197297 0.000256 30
rVSVOmicron	534	G	115014	4.03481e-05	6.95656e-05	0.000110749	0.999779 0.000221 25
