rVSVOmicron	7	G	10921	0.000111365	0	0	0.999889 0.000111 1
rVSVOmicron	8	T	11705	0	0.999794	0	0.000205701 0.000206 2
rVSVOmicron	10	T	13234	0.000797153	0.999109	9.3932e-05	0 0.000891 12
rVSVOmicron	11	T	13893	0	0.999836	0.000164119	0 0.000164 2
rVSVOmicron	12	C	14700	0	0.000594025	0.999406	0 0.000594 9
rVSVOmicron	13	C	15515	0	0.000260125	0.99974	0 0.00026 4
rVSVOmicron	14	T	15972	7.37451e-05	0.999651	0.000275049	0 0.000349 6
rVSVOmicron	15	C	17035	2.79441e-05	0.000143447	0.999829	0 0.000171 3
rVSVOmicron	16	G	18206	9.76995e-05	0	0	0.999902 9.8e-05 2
rVSVOmicron	17	T	19067	0	0.999731	0.000269239	0 0.000269 5
rVSVOmicron	18	G	20176	5.79549e-05	4.54241e-05	5.79549e-05	0.999839 0.000161 3
rVSVOmicron	19	C	21008	6.74007e-05	0.000274096	0.999615	4.3436e-05 0.000385 8
rVSVOmicron	20	T	21867	4.13589e-05	0.999789	0.000169714	0 0.000211 5
rVSVOmicron	21	C	23084	0	0.000100795	0.999899	0 0.000101 2
rVSVOmicron	22	C	23927	9.67323e-05	0.000576472	0.999327	0 0.000673 16
rVSVOmicron	23	T	24814	0.000674944	0.998938	0.000387119	0 0.001062 26
rVSVOmicron	24	G	26084	0.000266528	0.000133264	4.44213e-05	0.999556 0.000444 12
rVSVOmicron	25	C	27124	4.28414e-05	0.000109998	0.999847	0 0.000153 4
rVSVOmicron	26	C	27728	4.19037e-05	0.000419037	0.999539	0 0.000461 13
rVSVOmicron	27	T	28544	0	0.999829	0.000171237	0 0.000171 5
rVSVOmicron	28	C	29177	0	7.89727e-05	0.999882	3.94863e-05 0.000118 3
rVSVOmicron	29	T	30015	3.85216e-05	0.999839	0.000122853	0 0.000161 5
rVSVOmicron	30	G	32399	0.000106976	3.56588e-05	3.56588e-05	0.999822 0.000178 6
rVSVOmicron	31	G	31716	0.000339378	0	0	0.999661 0.000339 11
rVSVOmicron	32	T	32557	0	0.999839	0.000160666	0 0.000161 5
rVSVOmicron	33	G	33645	0.000248809	3.43505e-05	3.43505e-05	0.999682 0.000318 11
rVSVOmicron	34	T	34363	0	0.999798	0.000202414	0 0.000202 7
rVSVOmicron	35	C	35162	0	9.79563e-05	0.999869	3.26521e-05 0.000131 5
rVSVOmicron	36	T	36066	0	0.999833	0.000167264	0 0.000167 6
rVSVOmicron	37	A	37505	0.99959	6.70995e-05	9.77499e-05	0.000245203 0.00041 15
rVSVOmicron	38	G	38451	9.23742e-05	0.000207422	0	0.9997 0.0003 12
rVSVOmicron	39	C	39478	8.61016e-05	0.000256725	0.999657	0 0.000343 14
rVSVOmicron	40	C	40588	6.29158e-05	0.000170333	0.999767	0 0.000233 9
rVSVOmicron	41	A	41555	0.999823	0	0	0.000177384 0.000177 7
rVSVOmicron	42	G	42575	9.52898e-05	5.42419e-05	2.7121e-05	0.999823 0.000177 8
rVSVOmicron	43	T	43391	0	0.999946	2.68703e-05	2.68703e-05 5.4e-05 2
rVSVOmicron	44	G	44392	8.37865e-05	0.000104205	2.74594e-05	0.999785 0.000215 10
rVSVOmicron	45	C	45414	5.09876e-05	0.000502297	0.999447	0 0.000553 25
rVSVOmicron	46	G	47736	0.000608627	0.000522519	2.41363e-05	0.998845 0.001155 55
rVSVOmicron	47	T	49788	4.66781e-05	0.999606	0.000346932	0 0.000394 20
rVSVOmicron	48	G	52956	0.000177496	0.000252478	6.50234e-05	0.999505 0.000495 26
rVSVOmicron	49	A	56514	0.999645	2.48143e-05	0	0.000330306 0.000355 20
rVSVOmicron	50	A	60068	0.999772	0	1.76851e-05	0.000210614 0.000228 14
rVSVOmicron	51	C	63099	0	5.43202e-05	0.999946	0 5.4e-05 3
rVSVOmicron	52	C	45702	0	3.00752e-05	0.99997	0 3e-05 1
rVSVOmicron	53	T	46600	2.46912e-05	0.999744	0.000231564	0 0.000256 12
rVSVOmicron	54	G	47475	0.000121962	9.75698e-05	0.000127896	0.999653 0.000347 16
rVSVOmicron	55	A	47973	0.999889	0	0	0.000110719 0.000111 5
rVSVOmicron	56	C	48918	0	2.36619e-05	0.999976	0 2.4e-05 1
rVSVOmicron	57	C	49959	4.63409e-05	9.51867e-05	0.999858	0 0.000142 7
rVSVOmicron	58	A	51031	0.999564	0	0.000390357	4.56342e-05 0.000436 22
rVSVOmicron	59	C	52004	0.000249172	8.86476e-05	0.999662	0 0.000338 18
rVSVOmicron	60	A	53011	0.999689	2.17552e-05	0	0.000289285 0.000311 16
rVSVOmicron	61	C	53979	0.000265251	0.000753082	0.998982	0 0.001018 55
rVSVOmicron	62	G	55214	0.000151792	0.000168279	2.10349e-05	0.999659 0.000341 19
rVSVOmicron	63	G	55571	6.77467e-05	4.17772e-05	2.0324e-05	0.99987 0.00013 7
rVSVOmicron	64	A	54877	0.999889	0	0	0.000111235 0.000111 6
rVSVOmicron	65	C	55708	2.02174e-05	6.34603e-05	0.999916	0 8.4e-05 5
rVSVOmicron	66	C	56800	9.41944e-05	0.000171008	0.999735	0 0.000265 15
rVSVOmicron	67	C	57625	2.029e-05	0.000167256	0.999792	2.029e-05 0.000208 12
rVSVOmicron	68	A	58735	0.999781	3.97337e-05	1.98668e-05	0.000158935 0.000219 13
rVSVOmicron	69	G	59668	0.000361935	1.94645e-05	0.000344048	0.999275 0.000725 43
rVSVOmicron	70	C	60269	0.000116692	0.000135362	0.999748	0 0.000252 15
rVSVOmicron	71	T	61229	1.89062e-05	0.999846	0.000135409	0 0.000154 9
rVSVOmicron	72	C	62414	4.16178e-05	0.000152933	0.999777	2.85809e-05 0.000223 14
rVSVOmicron	73	C	63973	0.00030509	0.000318485	0.999358	1.8355e-05 0.000642 41
rVSVOmicron	74	C	64186	0.000147868	5.45292e-05	0.999798	0 0.000202 13
rVSVOmicron	75	T	64954	0	0.999524	0.000441111	3.46724e-05 0.000476 31
rVSVOmicron	76	C	66174	0.00010493	6.99533e-05	0.999804	2.12696e-05 0.000196 13
rVSVOmicron	77	C	67269	3.15846e-05	0.000174422	0.999794	0 0.000206 14
rVSVOmicron	78	C	68505	0.000232258	0.000344223	0.999375	4.81172e-05 0.000625 43
rVSVOmicron	79	G	69679	0.00190484	0.000104189	1.67608e-05	0.997974 0.002026 141
rVSVOmicron	80	C	71235	4.90025e-05	0.000898379	0.999053	0 0.000947 67
rVSVOmicron	81	C	70262	3.3158e-05	0.000184162	0.999766	1.6579e-05 0.000234 16
rVSVOmicron	82	T	71068	7.66058e-05	0.999576	0.000314885	3.29583e-05 0.000424 30
rVSVOmicron	83	A	72473	0.999915	0	1.63393e-05	6.88899e-05 8.5e-05 6
rVSVOmicron	84	C	73460	2.56695e-05	0.0001968	0.999762	1.58295e-05 0.000238 17
rVSVOmicron	85	A	74423	0.999812	7.41774e-05	3.15467e-05	8.22772e-05 0.000188 14
rVSVOmicron	86	C	75358	4.63263e-05	6.17685e-05	0.999892	0 0.000108 8
rVSVOmicron	87	A	76407	0.99987	3.1024e-05	0	9.93607e-05 0.00013 10
rVSVOmicron	88	A	77139	0.999929	1.30973e-05	1.56323e-05	4.22495e-05 7.1e-05 5
rVSVOmicron	89	A	75637	0.999865	1.66656e-05	3.28808e-05	8.51298e-05 0.000135 10
rVSVOmicron	90	C	76117	5.45491e-05	9.65099e-05	0.999849	0 0.000151 11
rVSVOmicron	91	T	76767	1.52541e-05	0.999795	0.000189646	0 0.000205 16
rVSVOmicron	92	C	77484	3.01019e-05	4.88138e-05	0.999921	0 7.9e-05 6
rVSVOmicron	93	T	78207	0	0.999365	0.000542527	9.22213e-05 0.000635 50
rVSVOmicron	94	T	79334	4.71054e-05	0.999701	0.000251642	0 0.000299 24
rVSVOmicron	95	T	80225	2.94361e-05	0.999894	7.67726e-05	0 0.000106 9
rVSVOmicron	96	C	81388	4.3883e-05	4.31063e-05	0.999895	1.78639e-05 0.000105 9
rVSVOmicron	97	A	82265	0.999867	0	5.12946e-05	8.13771e-05 0.000133 11
rVSVOmicron	98	C	83260	3.15617e-05	0.000384445	0.999584	0 0.000416 35
rVSVOmicron	99	C	84354	5.97376e-05	0.000147632	0.999793	0 0.000207 17
rVSVOmicron	100	C	85176	0.000109518	0.000208121	0.999655	2.70972e-05 0.000345 29
rVSVOmicron	101	G	86308	0.000349389	8.53158e-05	0.000371918	0.999193 0.000807 70
rVSVOmicron	102	G	87140	0.00015493	1.36811e-05	5.1027e-05	0.99978 0.00022 19
rVSVOmicron	103	G	87961	9.59173e-05	4.37324e-05	6.35773e-05	0.999797 0.000203 18
rVSVOmicron	104	G	88719	8.36276e-05	4.32682e-05	1.0908e-05	0.999862 0.000138 12
rVSVOmicron	105	C	89655	2.58231e-05	0.000302095	0.999611	6.08435e-05 0.000389 35
rVSVOmicron	106	G	90222	0.000593385	7.13609e-05	1.61705e-05	0.999319 0.000681 61
rVSVOmicron	107	T	91009	2.61493e-05	0.999886	6.82002e-05	1.94353e-05 0.000114 10
rVSVOmicron	108	G	92280	0.000295302	2.51541e-05	1.58505e-05	0.999664 0.000336 31
rVSVOmicron	109	T	93084	1.26446e-05	0.999869	0.000118585	0 0.000131 12
rVSVOmicron	110	A	94287	0.999793	1.26525e-05	2.4963e-05	0.000168927 0.000207 20
rVSVOmicron	111	C	94797	1.23729e-05	0.000228063	0.999722	3.71187e-05 0.000278 26
rVSVOmicron	112	T	95894	2.45468e-05	0.999777	0.00018576	1.22734e-05 0.000223 21
rVSVOmicron	113	A	97368	0.999899	0	0	0.000100945 0.000101 10
rVSVOmicron	114	C	97999	6.24521e-05	0.000207523	0.99973	0 0.00027 26
rVSVOmicron	115	C	99016	7.21659e-05	0.000138155	0.99979	0 0.00021 21
rVSVOmicron	116	C	100096	8.50417e-05	0.000134649	0.99978	0 0.00022 22
rVSVOmicron	117	C	101203	9.42639e-05	0.000756022	0.999138	1.1783e-05 0.000862 87
rVSVOmicron	118	G	102545	0.000278093	6.41513e-05	4.60893e-05	0.999612 0.000388 40
rVSVOmicron	119	A	104185	0.999952	0	0	4.7773e-05 4.8e-05 5
rVSVOmicron	120	C	106518	1.37459e-05	0.000155388	0.999831	0 0.000169 18
rVSVOmicron	121	A	109276	0.999832	0	2.19943e-05	0.000145638 0.000168 18
rVSVOmicron	122	A	112427	0.999874	0	2.14528e-05	0.000104365 0.000126 14
rVSVOmicron	123	G	114311	0.000126892	0.000158896	0	0.999714 0.000286 33
rVSVOmicron	124	G	104576	7.40164e-05	1.14109e-05	2.15881e-05	0.999893 0.000107 11
rVSVOmicron	125	T	105361	0	0.999952	4.77826e-05	0 4.8e-05 5
rVSVOmicron	126	G	106752	6.55201e-05	3.33612e-05	0	0.999901 9.9e-05 11
rVSVOmicron	127	T	107493	2.26422e-05	0.999929	3.67172e-05	1.13211e-05 7.1e-05 8
rVSVOmicron	128	T	108301	2.46148e-05	0.999711	0.000254155	1.00832e-05 0.000289 31
rVSVOmicron	129	C	109674	6.77783e-05	0.000144946	0.999766	2.17125e-05 0.000234 26
rVSVOmicron	130	C	110681	0.000129084	0.000203848	0.999645	2.16114e-05 0.000355 39
rVSVOmicron	131	G	112201	0.000204062	0.000113528	0.000123012	0.999559 0.000441 49
rVSVOmicron	132	G	112484	0.000145486	4.50518e-05	0	0.999809 0.000191 21
rVSVOmicron	133	T	109545	1.09543e-05	0.99992	6.92784e-05	0 8e-05 9
rVSVOmicron	134	C	110208	6.83761e-05	3.22968e-05	0.999874	2.53137e-05 0.000126 14
rVSVOmicron	135	T	110917	0	0.999737	0.00023064	3.21621e-05 0.000263 29
rVSVOmicron	136	A	112785	0.999514	2.41416e-05	9.86026e-05	0.000362997 0.000486 55
rVSVOmicron	137	G	113115	0.00019496	0.000115521	1.07664e-05	0.999679 0.000321 36
rVSVOmicron	138	C	114028	6.09585e-05	0.000352993	0.999586	0 0.000414 47
rVSVOmicron	139	G	114938	0.000328164	3.12135e-05	0	0.999641 0.000359 41
rVSVOmicron	140	T	115743	1.03364e-05	0.99869	4.38597e-05	0.00125601 0.00131 152
rVSVOmicron	141	G	117193	0.00016335	6.61112e-05	0.00129964	0.998471 0.001529 179
rVSVOmicron	142	C	117807	9.87904e-05	0.000233905	0.999645	2.25649e-05 0.000355 42
rVSVOmicron	143	T	118666	1.25556e-05	0.999822	0.000165133	0 0.000178 21
rVSVOmicron	144	C	120043	6.20694e-05	5.23542e-05	0.999853	3.23841e-05 0.000147 18
rVSVOmicron	145	C	120910	0.000464044	0.000123119	0.998613	0.00080014 0.001387 168
rVSVOmicron	146	A	120766	0.998787	2.97538e-05	0.00103951	0.000144212 0.001213 146
rVSVOmicron	147	C	120699	5.14275e-05	0.000755957	0.999193	0 0.000807 97
rVSVOmicron	148	T	121103	0	0.999894	0.000105904	0 0.000106 13
rVSVOmicron	149	C	121236	4.044e-05	3.88644e-05	0.999889	3.15117e-05 0.000111 13
rVSVOmicron	150	T	121408	0	0.999844	0.000156142	0 0.000156 19
rVSVOmicron	151	A	122021	0.999704	3.18432e-05	6.31557e-05	0.000200878 0.000296 36
rVSVOmicron	152	C	122903	2.1567e-05	0.000104977	0.999864	9.61422e-06 0.000136 17
rVSVOmicron	153	A	122902	0.999755	9.71922e-06	9.71922e-06	0.000225906 0.000245 30
rVSVOmicron	154	C	121635	5.84295e-05	0.00020346	0.999728	9.6513e-06 0.000272 33
rVSVOmicron	155	A	122218	0.999369	3.39421e-05	1.97338e-05	0.000577016 0.000631 77
rVSVOmicron	156	G	123543	0.000124631	9.79983e-05	4.05956e-05	0.999737 0.000263 32
rVSVOmicron	157	G	125043	6.90393e-05	3.78437e-05	1.89219e-05	0.999874 0.000126 16
rVSVOmicron	158	A	125876	0.999918	0	1.67082e-05	6.5314e-05 8.2e-05 10
rVSVOmicron	159	C	127566	4.2578e-05	0.000313162	0.99618	0.00346469 0.00382 487
rVSVOmicron	160	C	114853	0.000350421	7.18031e-05	0.999559	1.85746e-05 0.000441 51
rVSVOmicron	161	T	114362	2.37734e-05	0.999354	0.000547895	7.40846e-05 0.000646 74
rVSVOmicron	162	G	115401	0.000103685	3.14364e-05	5.23941e-06	0.99986 0.00014 16
rVSVOmicron	163	T	115757	0.000356638	0.995519	0.000252153	0.00387198 0.004481 519
rVSVOmicron	164	T	116381	0.000277281	0.996059	0.00010279	0.00356124 0.003941 459
rVSVOmicron	165	C	118435	7.98071e-05	0.000126768	0.999783	1.00437e-05 0.000217 26
rVSVOmicron	166	C	114651	4.12322e-05	0.000147099	0.999801	1.03081e-05 0.000199 23
rVSVOmicron	167	T	114892	2.0314e-05	0.999651	0.000298122	3.102e-05 0.000349 40
rVSVOmicron	168	C	115879	7.52115e-05	0.000152893	0.999749	2.2783e-05 0.000251 29
rVSVOmicron	169	C	117038	8.70698e-05	0.000231539	0.999638	4.35349e-05 0.000362 42
rVSVOmicron	170	C	116591	0.000139336	0.000114327	0.999711	3.54522e-05 0.000289 34
rVSVOmicron	171	T	116974	4.07919e-05	0.999546	0.000254398	0.000158482 0.000454 53
rVSVOmicron	172	T	117595	2.117e-05	0.999863	0.000105278	1.0585e-05 0.000137 16
rVSVOmicron	173	T	117930	0	0.999887	0.00010276	1.00852e-05 0.000113 13
rVSVOmicron	174	C	117181	5.4838e-05	7.23969e-05	0.999863	9.9951e-06 0.000137 16
rVSVOmicron	175	T	117533	2.26194e-05	0.999817	0.000150432	1.00833e-05 0.000183 22
rVSVOmicron	176	T	118673	1.985e-05	0.999844	9.41534e-05	4.1846e-05 0.000156 19
rVSVOmicron	177	C	119190	2.19885e-05	0.000132196	0.999836	9.80211e-06 0.000164 20
rVSVOmicron	178	A	118770	0.999761	9.92372e-06	2.97711e-05	0.000199547 0.000239 28
rVSVOmicron	179	G	119427	0.000122737	6.88069e-05	9.82955e-06	0.999799 0.000201 24
rVSVOmicron	180	C	120313	7.03284e-05	0.000156461	0.999773	0 0.000227 27
rVSVOmicron	181	A	120470	0.998718	9.66791e-06	0.00120039	7.21174e-05 0.001282 154
rVSVOmicron	182	A	120509	0.999916	0	9.90314e-06	7.36044e-05 8.4e-05 10
rVSVOmicron	183	C	121454	3.09553e-05	0.000237237	0.999639	9.26056e-05 0.000361 44
rVSVOmicron	184	G	120664	0.000310954	9.84732e-05	2.18537e-05	0.999569 0.000431 52
rVSVOmicron	185	T	121787	1.93393e-05	0.999928	4.28602e-05	9.66967e-06 7.2e-05 9
rVSVOmicron	186	G	123157	0.000201507	0.000110521	1.15661e-05	0.999676 0.000324 40
rVSVOmicron	187	A	123571	0.999846	1.89486e-05	0	0.000135201 0.000154 19
rVSVOmicron	188	C	124559	0	0.000261241	0.999711	2.82079e-05 0.000289 36
rVSVOmicron	189	A	122246	0.999459	9.64862e-06	9.64862e-06	0.000521808 0.000541 66
rVSVOmicron	190	T	122370	5.98285e-05	0.998986	6.83754e-05	0.000885513 0.001014 124
rVSVOmicron	191	G	123370	0.00014089	9.51329e-05	2.8695e-05	0.999735 0.000265 33
rVSVOmicron	192	G	123177	0.000217632	3.17918e-05	9.5634e-06	0.999741 0.000259 32
rVSVOmicron	193	T	123314	1.97038e-05	0.999813	0.000145116	2.21002e-05 0.000187 23
rVSVOmicron	194	T	123615	1.91712e-05	0.999859	0.00011196	9.45779e-06 0.000141 17
rVSVOmicron	195	C	124373	9.29159e-05	0.000155628	0.999721	3.0716e-05 0.000279 35
rVSVOmicron	196	C	124855	5.46578e-05	0.000143636	0.999802	0 0.000198 25
rVSVOmicron	197	A	124898	0.999795	4.88997e-05	2.0776e-05	0.000135044 0.000205 26
rVSVOmicron	198	C	125428	8.16322e-05	0.000149155	0.999769	0 0.000231 29
rVSVOmicron	199	G	125784	0.000441653	7.63818e-05	0	0.999482 0.000518 65
rVSVOmicron	200	T	125949	1.17955e-05	0.999865	0.000113596	9.48767e-06 0.000135 17
rVSVOmicron	201	G	126624	0.00021532	7.55114e-05	2.99055e-05	0.999679 0.000321 41
rVSVOmicron	202	A	126410	0.999921	2.33849e-05	9.20468e-06	4.60234e-05 7.9e-05 10
rVSVOmicron	203	T	126231	9.29944e-06	0.99811	0.00188025	0 0.00189 239
rVSVOmicron	204	C	125526	9.4863e-05	0.000149929	0.999755	0 0.000245 31
rVSVOmicron	205	T	125805	1.84902e-05	0.999772	0.000209889	0 0.000228 29
rVSVOmicron	206	C	126406	8.72197e-05	0.00013493	0.999769	9.1941e-06 0.000231 29
rVSVOmicron	207	T	126739	9.20366e-06	0.999852	0.000138801	0 0.000148 19
rVSVOmicron	208	G	128064	0.000322887	8.25818e-05	5.72865e-05	0.999537 0.000463 59
rVSVOmicron	209	G	128626	0.000401318	0.000111656	9.16026e-06	0.999478 0.000522 67
rVSVOmicron	210	C	129025	6.61719e-05	0.000230621	0.999692	1.12737e-05 0.000308 40
rVSVOmicron	211	A	129010	0.999682	7.33101e-06	9.04157e-06	0.000302037 0.000318 41
rVSVOmicron	212	C	129862	1.62458e-05	6.49831e-05	0.999919	0 8.1e-05 11
rVSVOmicron	213	A	129806	0.999667	1.11999e-05	0.000211824	0.000110295 0.000333 43
rVSVOmicron	214	A	129833	0.999938	1.82602e-05	0	4.39231e-05 6.2e-05 8
rVSVOmicron	215	A	130207	0.999791	1.88562e-05	1.14666e-05	0.000178879 0.000209 27
rVSVOmicron	216	C	130244	3.07368e-05	0.000381427	0.999588	0 0.000412 54
rVSVOmicron	217	G	130470	0.000282719	6.62623e-05	6.92073e-05	0.999582 0.000418 55
rVSVOmicron	218	G	130655	0.000442487	6.95197e-05	2.70761e-05	0.999461 0.000539 70
rVSVOmicron	219	C	130657	7.56766e-05	0.00026644	0.99964	1.78916e-05 0.00036 47
rVSVOmicron	220	A	130609	0.999879	8.9547e-06	0	0.000111813 0.000121 16
rVSVOmicron	221	C	131372	1.10418e-05	5.76096e-05	0.999931	0 6.9e-05 9
rVSVOmicron	222	A	131371	0.999634	0.000165166	9.39655e-05	0.000107043 0.000366 48
rVSVOmicron	223	A	131697	0.999875	2.72545e-05	1.86607e-05	7.9308e-05 0.000125 16
rVSVOmicron	224	A	131631	0.999833	3.53625e-05	4.76412e-05	8.3986e-05 0.000167 22
rVSVOmicron	225	G	132173	5.70156e-05	9.99593e-05	8.97693e-06	0.999834 0.000166 22
rVSVOmicron	226	C	132951	6.73864e-05	0.000526471	0.999385	2.0716e-05 0.000615 82
rVSVOmicron	227	G	133804	0.00030027	4.24552e-05	0	0.999657 0.000343 46
rVSVOmicron	228	G	133728	8.55212e-05	3.39709e-05	0	0.99988 0.00012 16
rVSVOmicron	229	T	133591	8.81242e-06	0.998518	0.00145595	1.76248e-05 0.001482 198
rVSVOmicron	230	T	133407	0.000904024	0.99907	8.80697e-06	1.76139e-05 0.00093 124
rVSVOmicron	231	C	133190	8.22367e-05	0.00144162	0.998433	4.33569e-05 0.001567 209
rVSVOmicron	232	G	133330	0.000168883	0.000199481	6.00103e-05	0.999572 0.000428 57
rVSVOmicron	233	A	133012	0.999816	2.16188e-05	8.69453e-06	0.000154152 0.000184 24
rVSVOmicron	234	C	133116	8.70617e-06	0.000106827	0.999884	0 0.000116 15
rVSVOmicron	235	A	133508	0.999941	1.30748e-05	0	4.63563e-05 5.9e-05 8
rVSVOmicron	236	A	133090	0.999913	8.89536e-06	4.73618e-05	3.05327e-05 8.7e-05 12
rVSVOmicron	237	C	133121	0.000173181	0.000153912	0.999664	8.80179e-06 0.000336 45
rVSVOmicron	238	C	134721	2.6226e-05	0.000165862	0.999788	1.96104e-05 0.000212 29
rVSVOmicron	239	C	134878	0.000127845	0.000202519	0.999626	4.3954e-05 0.000374 50
rVSVOmicron	240	C	135426	0.000121716	0.000168855	0.999672	3.77579e-05 0.000328 44
rVSVOmicron	241	G	135195	0.000397317	2.97755e-05	2.95429e-05	0.999543 0.000457 62
rVSVOmicron	242	T	135121	8.31816e-05	0.999765	0.000125128	2.63053e-05 0.000235 32
rVSVOmicron	243	G	135943	0.000578497	5.45796e-05	0	0.999367 0.000633 86
rVSVOmicron	244	C	135874	8.73845e-05	8.89984e-05	0.999824	0 0.000176 24
rVSVOmicron	245	T	135761	2.51692e-06	0.999828	0.000169091	0 0.000172 23
rVSVOmicron	246	C	137082	5.15311e-05	5.0844e-05	0.99987	2.74833e-05 0.00013 18
rVSVOmicron	247	C	137537	6.39146e-05	0.000104755	0.999812	1.91513e-05 0.000188 26
rVSVOmicron	248	C	136529	7.04369e-05	0.000309922	0.999611	8.5448e-06 0.000389 53
rVSVOmicron	249	T	136432	3.41896e-05	0.999339	0.00032919	0.000297542 0.000661 90
rVSVOmicron	250	T	136792	2.18283e-05	0.999818	0.000151155	8.68439e-06 0.000182 25
rVSVOmicron	251	T	136778	8.60242e-06	0.999938	5.34745e-05	0 6.2e-05 8
rVSVOmicron	252	C	136955	6.8821e-05	0.000128725	0.999775	2.74369e-05 0.000225 31
rVSVOmicron	253	A	136034	0.999756	0	5.69647e-05	0.000187402 0.000244 33
rVSVOmicron	254	A	136214	0.999827	0	5.77242e-05	0.000114979 0.000173 24
rVSVOmicron	255	C	136887	3.36818e-05	0.0916105	0.908339	1.68409e-05 0.091661 12547
rVSVOmicron	256	G	137789	0.00032368	6.77097e-05	1.89862e-05	0.99959 0.00041 56
rVSVOmicron	257	A	137258	0.999932	8.47706e-06	0	5.97976e-05 6.8e-05 9
rVSVOmicron	258	C	138076	8.33271e-06	0.000177014	0.999798	1.66654e-05 0.000202 28
rVSVOmicron	259	G	138488	0.00011599	3.13855e-05	2.52449e-05	0.999827 0.000173 24
rVSVOmicron	260	G	138742	0.00014465	5.85379e-05	1.67251e-05	0.99978 0.00022 31
rVSVOmicron	261	C	139001	7.05004e-05	0.000337908	0.999523	6.84797e-05 0.000477 66
rVSVOmicron	262	G	138737	0.000841462	5.82257e-05	1.95584e-05	0.999081 0.000919 127
rVSVOmicron	263	T	138539	3.00079e-05	0.999901	5.84e-05	1.0849e-05 9.9e-05 14
rVSVOmicron	264	G	139396	0.000132561	3.31401e-05	8.28504e-06	0.999826 0.000174 24
rVSVOmicron	265	T	139326	5.46618e-05	0.999818	8.74589e-05	3.94904e-05 0.000182 25
rVSVOmicron	266	A	139616	0.999733	0	0.000108135	0.000159022 0.000267 37
rVSVOmicron	267	C	139997	1.6577e-05	0.000273521	0.999702	8.28852e-06 0.000298 42
rVSVOmicron	268	T	139767	6.18583e-05	0.999693	0.000200347	4.45472e-05 0.000307 43
rVSVOmicron	269	T	136861	1.69799e-05	0.999919	6.35599e-05	0 8.1e-05 11
rVSVOmicron	270	C	137763	6.1929e-05	0.000213486	0.999706	1.89165e-05 0.000294 41
rVSVOmicron	271	G	138248	0.000209901	7.80605e-05	1.04383e-05	0.999702 0.000298 41
rVSVOmicron	272	C	138661	9.28953e-05	0.000132804	0.999758	1.66851e-05 0.000242 34
rVSVOmicron	273	C	139266	0.000191822	0.000178136	0.999555	7.53826e-05 0.000445 62
rVSVOmicron	274	A	138601	0.999764	8.37134e-06	2.5114e-05	0.000202496 0.000236 33
rVSVOmicron	275	G	139180	0.00185153	8.8594e-05	8.27773e-06	0.998052 0.001948 271
rVSVOmicron	276	C	140083	5.63898e-05	0.000309141	0.999634	0 0.000366 51
rVSVOmicron	277	A	139769	0.999949	8.25741e-06	0	4.30725e-05 5.1e-05 7
rVSVOmicron	278	T	140177	8.23347e-06	0.999916	6.7648e-05	7.78842e-06 8.4e-05 12
rVSVOmicron	279	A	139421	0.999332	0	0.00033357	0.000334922 0.000668 93
rVSVOmicron	280	G	140150	5.01005e-05	0.000117127	5.84506e-05	0.999774 0.000226 32
rVSVOmicron	281	A	139951	0.999889	1.11164e-05	8.22615e-06	9.15993e-05 0.000111 16
rVSVOmicron	282	G	140742	0.00012089	4.95158e-05	4.37167e-05	0.999786 0.000214 30
rVSVOmicron	283	A	141622	0.999916	0	0	8.34879e-05 8.4e-05 12
rVSVOmicron	284	A	141045	0.999854	1.83148e-05	1.53387e-05	0.000112178 0.000146 21
rVSVOmicron	285	G	141948	5.94874e-05	4.86915e-05	0	0.999892 0.000108 15
rVSVOmicron	286	T	142439	2.45597e-05	0.999911	6.39436e-05	0 8.9e-05 13
rVSVOmicron	287	C	141504	4.91241e-05	8.18735e-05	0.999816	5.26646e-05 0.000184 26
rVSVOmicron	288	T	141926	4.06569e-05	0.999777	0.000158232	2.41744e-05 0.000223 32
rVSVOmicron	289	A	143725	0.99941	8.08424e-06	7.538e-05	0.000506248 0.00059 85
rVSVOmicron	290	A	144050	0.999731	1.82763e-05	6.5178e-05	0.000185185 0.000269 39
rVSVOmicron	291	C	144755	8.88651e-05	0.00013113	0.99978	0 0.00022 32
rVSVOmicron	292	A	142645	0.999971	2.06508e-05	0	8.1285e-06 2.9e-05 4
rVSVOmicron	293	T	143011	8.3425e-06	0.999921	6.2456e-05	8.3425e-06 7.9e-05 11
rVSVOmicron	294	T	143310	2.46059e-05	0.999891	7.1601e-05	1.26355e-05 0.000109 16
rVSVOmicron	295	A	143389	0.999874	8.29366e-06	2.4881e-05	9.32476e-05 0.000126 18
rVSVOmicron	296	T	143594	2.44768e-05	0.999889	7.10047e-05	1.54358e-05 0.000111 16
rVSVOmicron	297	C	143973	7.23394e-05	0.000104056	0.999799	2.41131e-05 0.000201 29
rVSVOmicron	298	C	144487	0.000112968	0.000152005	0.999711	2.42074e-05 0.000289 42
rVSVOmicron	299	G	144938	0.000108215	3.2096e-05	0.00029537	0.999564 0.000436 63
rVSVOmicron	300	G	145066	0.000210116	8.08981e-06	0	0.999782 0.000218 32
rVSVOmicron	301	G	144893	5.64687e-05	7.26027e-05	8.06696e-06	0.999863 0.000137 20
rVSVOmicron	302	G	145107	0.000184464	5.28582e-05	1.59653e-05	0.999747 0.000253 37
rVSVOmicron	303	C	144991	4.84698e-05	0.000139296	0.999772	4.03915e-05 0.000228 33
rVSVOmicron	304	T	144829	2.4072e-05	0.999598	0.000327683	5.00957e-05 0.000402 58
rVSVOmicron	305	G	146047	0.000107325	4.7274e-05	3.62008e-05	0.999809 0.000191 28
rVSVOmicron	306	G	146186	9.40007e-05	0.000100439	3.17628e-05	0.999774 0.000226 33
rVSVOmicron	307	A	145626	0.999935	0	7.88612e-06	5.71211e-05 6.5e-05 9
rVSVOmicron	308	T	145925	8.03408e-06	0.999228	0.000756289	7.81694e-06 0.000772 113
rVSVOmicron	309	T	145701	0	0.999884	7.60833e-05	4.01009e-05 0.000116 17
rVSVOmicron	310	T	145965	0	0.999905	7.14881e-05	2.38294e-05 9.5e-05 14
rVSVOmicron	311	T	145509	0	0.999992	7.92563e-06	0 8e-06 1
rVSVOmicron	312	C	146185	3.8997e-05	0.000318932	0.999626	1.55988e-05 0.000374 55
rVSVOmicron	313	G	146290	0.000235082	8.10626e-05	4.11713e-05	0.999643 0.000357 52
rVSVOmicron	314	G	146112	0.000136416	9.85699e-05	0	0.999765 0.000235 34
rVSVOmicron	315	C	146278	7.78502e-05	0.000199372	0.999723	0 0.000277 41
rVSVOmicron	316	A	145078	0.999918	1.57188e-05	2.46403e-05	4.12088e-05 8.2e-05 12
rVSVOmicron	317	C	145538	5.67396e-05	0.000771912	0.999171	0 0.000829 121
rVSVOmicron	318	C	145805	8.83785e-05	0.000546842	0.999325	3.93029e-05 0.000675 98
rVSVOmicron	319	A	145800	0.999001	2.31739e-05	0.000877059	9.89588e-05 0.000999 146
rVSVOmicron	320	C	146590	0.00128492	0.000106867	0.9986	7.75308e-06 0.0014 205
rVSVOmicron	321	A	145807	0.998433	7.93504e-06	0.00135346	0.000205882 0.001567 228
rVSVOmicron	322	C	145758	1.55197e-05	5.43191e-05	0.999915	1.51003e-05 8.5e-05 12
rVSVOmicron	323	T	145668	0.00132311	0.998612	5.93868e-05	5.3214e-06 0.001388 202
rVSVOmicron	324	C	146899	5.00909e-05	0.00154217	0.998376	3.13068e-05 0.001624 239
rVSVOmicron	325	G	146517	0.000581655	6.2403e-05	1.74981e-05	0.999338 0.000662 97
rVSVOmicron	326	A	145169	0.999817	0	0.000112864	7.01186e-05 0.000183 27
rVSVOmicron	327	C	145161	2.14571e-05	0.000150624	0.99982	7.86051e-06 0.00018 26
rVSVOmicron	328	T	145109	6.29694e-05	0.999816	0.000121274	0 0.000184 27
rVSVOmicron	329	C	145307	3.11262e-05	6.28833e-05	0.999873	3.3019e-05 0.000127 18
rVSVOmicron	330	T	145240	0.000104312	0.999574	0.000254819	6.68448e-05 0.000426 62
rVSVOmicron	331	A	146081	0.999765	1.77365e-05	3.16266e-05	0.000185699 0.000235 34
rVSVOmicron	332	A	145292	0.999305	0.000372811	0.000106517	0.000216029 0.000695 101
rVSVOmicron	333	G	145574	3.37002e-05	5.55945e-05	7.94208e-06	0.999903 9.7e-05 14
rVSVOmicron	334	A	145550	0.999889	2.49338e-05	2.34547e-05	6.25458e-05 0.000111 16
rVSVOmicron	335	C	146205	9.38603e-05	6.5786e-05	0.999833	7.75186e-06 0.000167 24
rVSVOmicron	336	A	145548	0.999881	2.37298e-05	3.95497e-05	5.53696e-05 0.000119 17
rVSVOmicron	337	C	146218	3.08951e-05	0.000198522	0.999763	7.72377e-06 0.000237 35
rVSVOmicron	338	A	145429	0.999582	3.22082e-05	6.03904e-05	0.000325049 0.000418 61
rVSVOmicron	339	G	146216	0.000108803	5.15045e-05	1.58806e-05	0.999824 0.000176 26
rVSVOmicron	340	T	146153	0.00161066	0.998289	9.03254e-05	9.91891e-06 0.001711 250
rVSVOmicron	341	C	146986	0.00154566	0.000101771	0.998337	1.5528e-05 0.001663 244
rVSVOmicron	342	C	147792	6.8007e-05	0.000107536	0.999793	3.14533e-05 0.000207 31
rVSVOmicron	343	C	146723	6.95622e-05	9.2049e-05	0.999831	7.77583e-06 0.000169 25
rVSVOmicron	344	T	146552	1.54209e-05	0.999783	0.000193803	7.71044e-06 0.000217 32
rVSVOmicron	345	C	147780	6.69229e-05	0.000117584	0.999785	3.08554e-05 0.000215 32
rVSVOmicron	346	C	147605	0.000425423	0.000436252	0.999104	3.4567e-05 0.000896 132
rVSVOmicron	347	T	147388	0	0.999783	0.000208806	7.75685e-06 0.000217 32
rVSVOmicron	348	G	148475	3.87049e-05	3.99468e-05	2.29746e-05	0.999898 0.000102 15
rVSVOmicron	349	A	145713	0.99992	2.32727e-05	0	5.66094e-05 8e-05 12
rVSVOmicron	350	T	145955	1.61199e-05	0.999897	5.09738e-05	3.61609e-05 0.000103 15
rVSVOmicron	351	T	145640	9.72055e-06	0.999885	5.05046e-05	5.49423e-05 0.000115 17
rVSVOmicron	352	G	143538	0.000105687	3.17276e-05	7.93189e-06	0.999855 0.000145 21
rVSVOmicron	353	T	143606	3.14609e-05	0.999907	6.16464e-05	0 9.3e-05 13
rVSVOmicron	354	G	144667	9.75881e-05	4.10675e-05	4.08558e-05	0.99982 0.00018 26
rVSVOmicron	355	A	144922	0.999865	1.58259e-05	7.91294e-06	0.000110781 0.000135 20
rVSVOmicron	356	A	145178	0.999959	0	1.57343e-05	2.55151e-05 4.1e-05 6
rVSVOmicron	357	C	145714	3.28277e-05	9.70102e-05	0.999862	7.78606e-06 0.000138 20
rVSVOmicron	358	A	144471	0.999768	0.000163192	0	6.83872e-05 0.000232 34
rVSVOmicron	359	A	144676	0.999886	7.97907e-06	1.59581e-05	9.01419e-05 0.000114 16
rVSVOmicron	360	C	145385	3.90539e-05	0.000422416	0.999507	3.12431e-05 0.000493 72
rVSVOmicron	361	G	145194	0.000527319	3.95275e-05	3.1622e-05	0.999402 0.000598 87
rVSVOmicron	362	C	145117	7.0813e-05	9.61185e-05	0.999825	7.86811e-06 0.000175 25
rVSVOmicron	363	C	145458	8.84382e-05	0.000150556	0.999736	2.52681e-05 0.000264 38
rVSVOmicron	364	A	145179	0.9997	0.000211828	7.85334e-06	8.02314e-05 0.0003 44
rVSVOmicron	365	C	145960	1.54674e-05	3.97135e-05	0.99992	2.48732e-05 8e-05 12
rVSVOmicron	366	A	146026	0.999727	0	3.92854e-05	0.000233589 0.000273 40
rVSVOmicron	367	A	146208	0.999789	1.61841e-05	6.03625e-05	0.000134285 0.000211 31
rVSVOmicron	368	A	145011	0.99995	2.3261e-05	0	2.68396e-05 5e-05 7
rVSVOmicron	369	C	145808	3.93972e-05	0.000182292	0.999763	1.57589e-05 0.000237 35
rVSVOmicron	370	G	145011	0.000179187	3.10335e-05	2.21061e-05	0.999768 0.000232 34
rVSVOmicron	371	T	144497	3.13879e-05	0.999889	4.29635e-05	3.62852e-05 0.000111 16
rVSVOmicron	372	G	144995	0.000201131	0.000149942	7.29447e-05	0.999576 0.000424 61
rVSVOmicron	373	G	143533	0.000104561	2.57117e-05	0	0.99987 0.00013 19
rVSVOmicron	374	T	143587	0.00327169	0.9966	0.000104409	2.41445e-05 0.0034 488
rVSVOmicron	375	G	144817	8.61502e-05	0.0001342	0.00321486	0.996565 0.003435 497
rVSVOmicron	376	A	144768	0.999935	6.3874e-06	0	5.8977e-05 6.5e-05 9
rVSVOmicron	377	T	145010	0	0.999896	7.28324e-05	3.0839e-05 0.000104 15
rVSVOmicron	378	T	145265	1.68756e-05	0.999948	2.51025e-05	9.70348e-06 5.2e-05 8
rVSVOmicron	379	A	147045	0.999756	3.8983e-05	7.7966e-06	0.000197233 0.000244 36
rVSVOmicron	380	A	147864	0.9996	0.000107442	5.7677e-05	0.000234664 0.0004 59
rVSVOmicron	381	G	149770	0.000132329	0.000127144	0	0.999741 0.000259 39
rVSVOmicron	382	G	144993	8.34288e-05	2.38675e-05	1.59117e-05	0.999877 0.000123 18
rVSVOmicron	383	T	145090	3.14471e-05	0.999953	1.57236e-05	0 4.7e-05 7
rVSVOmicron	384	G	145943	6.40481e-05	6.74191e-06	1.55907e-05	0.999914 8.6e-05 13
rVSVOmicron	385	T	146095	1.26182e-05	0.999927	5.99363e-05	0 7.3e-05 11
rVSVOmicron	386	G	146125	7.02742e-05	7.86902e-05	7.78486e-06	0.999843 0.000157 23
rVSVOmicron	387	C	146307	0.000129094	0.000715519	0.999148	7.83029e-06 0.000852 125
rVSVOmicron	388	G	146479	9.55959e-05	0.000105261	3.29858e-05	0.999766 0.000234 34
rVSVOmicron	389	A	145769	0.99986	1.79787e-05	1.54701e-05	0.000107036 0.00014 20
rVSVOmicron	390	G	146377	0.000174455	6.99081e-05	1.38557e-05	0.999742 0.000258 38
rVSVOmicron	391	T	146663	2.17799e-05	0.999932	3.16022e-05	1.43064e-05 6.8e-05 10
rVSVOmicron	392	T	146973	1.5395e-05	0.999888	8.88332e-05	7.69749e-06 0.000112 16
rVSVOmicron	393	C	147430	6.44645e-05	0.000265255	0.99967	0 0.00033 49
rVSVOmicron	394	C	147856	4.13125e-05	0.000204256	0.99972	3.48116e-05 0.00028 41
rVSVOmicron	395	A	147366	0.999428	7.70254e-06	3.08101e-05	0.000533557 0.000572 84
rVSVOmicron	396	G	147395	7.17774e-05	1.74197e-05	0	0.999911 8.9e-05 13
rVSVOmicron	397	T	147630	0.000555594	0.998692	7.1164e-05	0.000681631 0.001308 193
rVSVOmicron	398	T	148314	6.08966e-06	0.998852	0.00114213	0 0.001148 170
rVSVOmicron	399	C	146893	9.02049e-05	0.000259681	0.999635	1.55598e-05 0.000365 54
rVSVOmicron	400	T	147206	1.54311e-05	0.999795	0.000183922	6.04732e-06 0.000205 30
rVSVOmicron	401	G	148971	0.000124591	8.04345e-05	5.18264e-06	0.99979 0.00021 31
rVSVOmicron	402	C	149573	4.60547e-05	0.000152621	0.999778	2.29241e-05 0.000222 33
rVSVOmicron	403	A	149463	0.999924	7.60649e-06	0	6.84585e-05 7.6e-05 11
rVSVOmicron	404	A	150341	0.999518	2.69838e-06	0.0001152	0.000364489 0.000482 72
rVSVOmicron	405	C	151224	0.000167262	0.000232048	0.999592	8.76037e-06 0.000408 62
rVSVOmicron	406	G	151863	0.000186522	4.52052e-05	2.26026e-05	0.999746 0.000254 39
rVSVOmicron	407	A	151746	0.999928	2.64166e-06	0	6.94961e-05 7.2e-05 11
rVSVOmicron	408	C	152646	3.94369e-05	0.000122806	0.999838	0 0.000162 25
rVSVOmicron	409	C	153051	0.000100922	0.000229237	0.999655	1.52413e-05 0.000345 53
rVSVOmicron	410	C	151679	0.0540895	0.000163874	0.945747	0 0.054253 8229
rVSVOmicron	411	T	151809	3.68864e-05	0.999799	9.87131e-05	6.58088e-05 0.000201 31
rVSVOmicron	412	T	152756	2.65153e-05	0.999846	8.93821e-05	3.80622e-05 0.000154 24
rVSVOmicron	413	T	152902	6.07488e-06	0.999899	8.03909e-05	1.49847e-05 0.000101 15
rVSVOmicron	414	C	154074	8.76356e-05	0.000144103	0.999761	7.4885e-06 0.000239 37
rVSVOmicron	415	C	151969	0.000100592	0.000175067	0.999702	2.26485e-05 0.000298 45
rVSVOmicron	416	T	152197	2.30057e-05	0.99963	0.000284079	6.26494e-05 0.00037 56
rVSVOmicron	417	G	154145	0.000148437	9.08921e-05	5.42913e-05	0.999706 0.000294 45
rVSVOmicron	418	G	154942	9.66377e-05	3.3351e-05	3.73692e-05	0.999833 0.000167 26
rVSVOmicron	419	A	155483	0.999856	7.278e-06	7.278e-06	0.000129824 0.000144 22
rVSVOmicron	420	T	155736	0	0.999978	2.19181e-05	0 2.2e-05 3
rVSVOmicron	421	C	156702	4.53952e-05	9.68824e-05	0.999858	0 0.000142 22
rVSVOmicron	422	A	156466	0.999754	0.000171765	2.89206e-05	4.51396e-05 0.000246 38
rVSVOmicron	423	C	157206	2.89862e-05	7.75576e-05	0.999893	0 0.000107 17
rVSVOmicron	424	A	156264	0.999696	3.67397e-05	7.34794e-06	0.000260157 0.000304 48
rVSVOmicron	425	A	154853	0.99979	7.39361e-06	2.95744e-05	0.000172851 0.00021 33
rVSVOmicron	426	G	154518	0.000109984	0.000310796	4.75772e-05	0.999532 0.000468 72
rVSVOmicron	427	A	157250	0.999953	7.33653e-06	7.33653e-06	3.2717e-05 4.7e-05 7
rVSVOmicron	428	A	157602	0.999878	1.63315e-05	2.91212e-05	7.63447e-05 0.000122 19
rVSVOmicron	429	C	158049	2.86488e-05	5.90516e-05	0.999898	1.4227e-05 0.000102 16
rVSVOmicron	430	A	157893	0.999792	2.17097e-05	0	0.000186195 0.000208 33
rVSVOmicron	431	A	157990	0.999843	0	2.89336e-05	0.000128219 0.000157 25
rVSVOmicron	432	C	158913	3.56059e-05	5.75921e-05	0.999892	1.4398e-05 0.000108 17
rVSVOmicron	433	A	158830	0.999812	3.72445e-05	2.8434e-05	0.000122346 0.000188 30
rVSVOmicron	434	A	158421	0.999829	7.53723e-06	3.01489e-05	0.000133226 0.000171 27
rVSVOmicron	435	G	159146	4.87005e-05	2.43502e-05	3.18582e-05	0.999895 0.000105 17
rVSVOmicron	436	T	159389	1.48163e-05	0.999882	2.40264e-05	7.90869e-05 0.000118 19
rVSVOmicron	437	C	157717	5.91732e-05	0.000514428	0.999419	7.37175e-06 0.000581 92
rVSVOmicron	438	T	157661	1.48712e-05	0.999764	0.000198751	2.23068e-05 0.000236 37
rVSVOmicron	439	T	159528	2.90299e-05	0.999638	0.000303441	2.90299e-05 0.000362 58
rVSVOmicron	440	G	160790	8.88726e-05	0.000116561	7.16402e-06	0.999787 0.000213 34
rVSVOmicron	441	G	161084	0.00015718	8.53154e-05	2.28661e-05	0.999735 0.000265 43
rVSVOmicron	442	A	160892	0.999776	2.8337e-05	0	0.00019587 0.000224 36
rVSVOmicron	443	T	161144	1.42241e-05	0.999247	0.000731389	7.11206e-06 0.000753 121
rVSVOmicron	444	G	161863	0.000117523	5.43448e-05	3.55258e-05	0.999793 0.000207 34
rVSVOmicron	445	G	161615	8.24363e-05	6.36921e-05	4.91557e-05	0.999805 0.000195 32
rVSVOmicron	446	A	161081	0.999862	2.25695e-05	0	0.000115692 0.000138 22
rVSVOmicron	447	G	161418	0.000269307	0.00014216	0	0.999589 0.000411 66
rVSVOmicron	448	T	161622	7.09394e-06	0.999923	7.03642e-05	0 7.7e-05 12
rVSVOmicron	449	C	161135	8.45821e-05	0.000268864	0.999639	7.0804e-06 0.000361 58
rVSVOmicron	450	T	160912	7.19523e-05	0.999579	0.00034913	0 0.000421 68
rVSVOmicron	451	G	162774	3.33748e-05	0.000151412	4.88365e-05	0.999766 0.000234 38
rVSVOmicron	452	A	162050	0.99977	4.35705e-05	7.03978e-06	0.0001798 0.00023 37
rVSVOmicron	453	G	162751	0.000144986	2.9412e-05	0	0.999826 0.000174 28
rVSVOmicron	454	T	163066	5.56014e-05	0.999879	4.39461e-05	2.12088e-05 0.000121 20
rVSVOmicron	455	T	163001	7.06441e-06	0.99984	0.000152935	0 0.00016 26
rVSVOmicron	456	C	163893	5.03569e-05	0.000187711	0.999708	5.43028e-05 0.000292 48
rVSVOmicron	457	A	162995	0.999652	6.98965e-06	1.39793e-05	0.00032738 0.000348 57
rVSVOmicron	458	G	163829	0.00102327	0.000115832	6.96873e-06	0.998854 0.001146 188
rVSVOmicron	459	A	163915	0.998903	1.40191e-05	0	0.00108345 0.001097 180
rVSVOmicron	460	G	164140	0.00188214	8.15047e-05	1.39292e-05	0.998022 0.001978 325
rVSVOmicron	461	T	164492	6.92409e-06	0.99803	0.000100119	0.00186258 0.00197 324
rVSVOmicron	462	G	164622	0.000121079	2.76967e-05	6.92417e-06	0.999844 0.000156 26
rVSVOmicron	463	T	161914	0	0.999799	0.000193754	7.02144e-06 0.000201 33
rVSVOmicron	464	A	161589	0.999275	1.40879e-05	0	0.00071125 0.000725 117
rVSVOmicron	465	C	161546	0.000732494	0.000101159	0.999143	2.30344e-05 0.000857 138
rVSVOmicron	466	T	157954	0.000317795	0.998958	0.000724463	0 0.001042 165
rVSVOmicron	467	C	157936	0.000419021	6.81541e-05	0.999498	1.43687e-05 0.000502 79
rVSVOmicron	468	T	157719	0	0.999841	0.00013366	2.52226e-05 0.000159 25
rVSVOmicron	469	A	158589	0.99965	7.30809e-06	2.92324e-05	0.000313853 0.00035 56
rVSVOmicron	470	G	159097	4.47022e-05	0.000118142	7.38384e-06	0.99983 0.00017 27
rVSVOmicron	471	C	158022	5.80026e-05	0.000338806	0.999581	2.1751e-05 0.000419 66
rVSVOmicron	472	G	158298	0.000308965	0.000142449	3.61992e-05	0.999512 0.000488 77
rVSVOmicron	473	C	158612	6.09519e-05	5.9384e-05	0.99988	0 0.00012 19
rVSVOmicron	474	C	159105	0.000120528	0.000278974	0.999593	7.15814e-06 0.000407 65
rVSVOmicron	475	A	158532	0.999465	1.44253e-05	0	0.000520676 0.000535 85
rVSVOmicron	476	A	158333	0.999944	4.28767e-06	2.12435e-05	3.05984e-05 5.6e-05 9
rVSVOmicron	477	C	158448	0.000171869	0.000182127	0.999646	0 0.000354 56
rVSVOmicron	478	A	159013	0.999942	1.44547e-05	1.44547e-05	2.89094e-05 5.8e-05 9
rVSVOmicron	479	A	159303	0.999912	1.46759e-05	1.46759e-05	5.87035e-05 8.8e-05 14
rVSVOmicron	480	C	157618	4.86388e-05	9.6694e-05	0.999839	1.59535e-05 0.000161 25
rVSVOmicron	481	T	158715	3.52644e-05	0.999667	0.000254973	4.23965e-05 0.000333 53
rVSVOmicron	482	G	161726	0.000689336	5.1354e-05	3.01969e-05	0.999229 0.000771 125
rVSVOmicron	483	C	164491	8.20416e-05	0.000147861	0.999752	1.79e-05 0.000248 41
rVSVOmicron	484	A	166878	0.999888	6.8348e-06	0	0.000104739 0.000112 19
rVSVOmicron	485	C	169946	3.98929e-05	0.000102271	0.999858	0 0.000142 24
rVSVOmicron	486	C	160688	0.000961104	0.00015794	0.998874	7.11786e-06 0.001126 181
rVSVOmicron	487	T	160265	3.62962e-05	0.999677	0.00022641	5.98397e-05 0.000323 52
rVSVOmicron	488	T	160140	1.43079e-05	0.999905	8.06271e-05	0 9.5e-05 15
rVSVOmicron	489	C	159997	6.88212e-05	0.00079106	0.999117	2.30686e-05 0.000883 141
rVSVOmicron	490	G	160240	9.04058e-05	5.64316e-05	2.30333e-05	0.99983 0.00017 27
rVSVOmicron	491	A	158646	0.999929	2.13881e-05	0	4.99055e-05 7.1e-05 11
rVSVOmicron	492	G	159317	0.000121804	8.38012e-05	0	0.999794 0.000206 33
rVSVOmicron	493	T	159286	1.4411e-05	0.999408	0.000563783	1.40216e-05 0.000592 94
rVSVOmicron	494	A	159572	0.999815	2.12739e-05	7.09128e-05	9.257e-05 0.000185 30
rVSVOmicron	495	C	159168	7.29417e-05	0.000448679	0.998269	0.00120925 0.001731 276
rVSVOmicron	496	G	156242	0.00037167	8.72548e-05	2.40296e-05	0.999517 0.000483 75
rVSVOmicron	497	T	156582	5.91874e-05	0.999864	7.63518e-05	0 0.000136 21
rVSVOmicron	498	G	157758	0.00024222	2.70648e-05	2.16129e-05	0.999709 0.000291 46
rVSVOmicron	499	T	157993	0.00123768	0.998622	0.00010195	3.82311e-05 0.001378 218
rVSVOmicron	500	C	158858	0.000127447	0.000101763	0.999764	7.19931e-06 0.000236 37
rVSVOmicron	501	C	159802	9.09472e-05	0.000175792	0.999699	3.44497e-05 0.000301 48
rVSVOmicron	502	C	160215	4.99799e-05	0.000216515	0.999687	4.63134e-05 0.000313 50
rVSVOmicron	503	A	159779	0.999788	9.58458e-06	2.12778e-05	0.000181532 0.000212 34
rVSVOmicron	504	G	160674	0.000180642	7.48815e-05	1.60185e-05	0.999728 0.000272 44
rVSVOmicron	505	C	161894	5.60267e-05	0.000191184	0.999739	1.42474e-05 0.000261 42
rVSVOmicron	506	C	157642	0.000108647	9.36884e-05	0.999774	2.34221e-05 0.000226 36
rVSVOmicron	507	T	157439	5.37435e-05	0.999458	0.000457221	3.14841e-05 0.000542 85
rVSVOmicron	508	T	158008	2.97867e-05	0.999078	0.000800197	9.17004e-05 0.000922 146
rVSVOmicron	509	T	158086	0.000650665	0.999196	0.000153339	0 0.000804 127
rVSVOmicron	510	C	160079	4.92107e-05	0.000109077	0.99982	2.15054e-05 0.00018 29
rVSVOmicron	511	C	155784	0.000104003	0.000106394	0.999782	7.37187e-06 0.000218 34
rVSVOmicron	512	T	155963	1.17101e-05	0.999643	0.000323517	2.20309e-05 0.000357 56
rVSVOmicron	513	C	157773	7.35317e-05	8.67596e-05	0.999627	0.000212425 0.000373 59
rVSVOmicron	514	A	158223	0.999515	0.000186282	3.53543e-05	0.000263193 0.000485 77
rVSVOmicron	515	T	159780	7.26444e-06	0.999876	0.000109752	7.26444e-06 0.000124 20
rVSVOmicron	516	G	161860	7.91932e-05	0.00248398	0.000224154	0.997213 0.002787 451
rVSVOmicron	517	G	163489	0.000259285	6.71313e-05	2.26285e-05	0.999651 0.000349 57
rVSVOmicron	518	A	165151	0.999651	1.36871e-05	6.84356e-06	0.000328491 0.000349 58
rVSVOmicron	519	C	167035	4.14298e-05	0.000368202	0.999541	4.88946e-05 0.000459 77
rVSVOmicron	520	C	142618	6.62422e-05	2.41078e-05	0.999902	8.03594e-06 9.8e-05 14
rVSVOmicron	521	T	143113	6.40798e-05	0.999445	0.000440982	5.02247e-05 0.000555 79
rVSVOmicron	522	G	142942	0.000248789	0.000937708	4.96713e-05	0.998764 0.001236 177
rVSVOmicron	523	G	143779	0.000110846	7.21142e-05	6.84764e-05	0.999749 0.000251 36
rVSVOmicron	524	A	143439	0.999542	3.18127e-05	4.14854e-05	0.000384761 0.000458 66
rVSVOmicron	525	G	137781	0.000111788	9.54018e-05	1.66111e-05	0.999776 0.000224 31
rVSVOmicron	526	G	137579	0.000120773	5.02089e-05	1.67363e-05	0.999812 0.000188 26
rVSVOmicron	527	G	137191	0.000382786	6.57105e-05	4.3657e-05	0.999508 0.000492 67
