rVSVOmicron	6	C	9968	0	0.000123938	0.999876	0 0.000124 1
rVSVOmicron	7	G	10882	0.000112229	0	0	0.999888 0.000112 1
rVSVOmicron	8	T	11655	0.000639193	0.999274	8.69078e-05	0 0.000726 8
rVSVOmicron	9	G	12569	9.60393e-05	9.60393e-05	0	0.999808 0.000192 2
rVSVOmicron	10	T	13178	0	0.999846	0.000154452	0 0.000154 2
rVSVOmicron	12	C	14721	0	0.000161995	0.999838	0 0.000162 2
rVSVOmicron	13	C	15559	7.59261e-05	0.000301652	0.999622	0 0.000378 6
rVSVOmicron	14	T	16067	7.31574e-05	0.999763	0.00016411	0 0.000237 4
rVSVOmicron	15	C	17154	6.83706e-05	0.000136741	0.999795	0 0.000205 4
rVSVOmicron	16	G	18354	0.000400878	6.39332e-05	0	0.999535 0.000465 9
rVSVOmicron	17	T	19202	0	0.999879	6.06055e-05	6.06055e-05 0.000121 2
rVSVOmicron	18	G	20413	5.71085e-05	0.000114217	0.000138913	0.99969 0.00031 6
rVSVOmicron	19	C	21258	0.000109144	0.000209438	0.999681	0 0.000319 7
rVSVOmicron	20	T	22152	0	0.999896	0.000104196	0 0.000104 2
rVSVOmicron	21	C	23414	0.00012887	0.000414801	0.999456	0 0.000544 13
rVSVOmicron	22	C	24280	4.76392e-05	9.52783e-05	0.999857	0 0.000143 3
rVSVOmicron	23	T	25188	0.000267196	0.99931	0.00042306	0 0.00069 17
rVSVOmicron	24	G	26380	0.000192578	0.000175936	2.85301e-05	0.999603 0.000397 10
rVSVOmicron	25	C	27405	4.23931e-05	8.47862e-05	0.999873	0 0.000127 3
rVSVOmicron	26	C	27899	3.48407e-05	0.000319186	0.999646	0 0.000354 10
rVSVOmicron	27	T	28701	4.03352e-05	0.999789	0.000121006	5.01465e-05 0.000211 6
rVSVOmicron	28	C	29501	0	0.000266679	0.999733	0 0.000267 8
rVSVOmicron	29	T	30361	0.000710276	0.998381	0.000832596	7.60643e-05 0.001619 49
rVSVOmicron	30	G	32537	0.00032715	0.00117813	0	0.998495 0.001505 49
rVSVOmicron	31	G	32026	0.000128025	7.23194e-05	0	0.9998 0.0002 6
rVSVOmicron	32	T	32793	0	0.999597	0.000340293	6.29113e-05 0.000403 13
rVSVOmicron	33	G	33901	0.000413246	0	0	0.999587 0.000413 14
rVSVOmicron	34	T	34646	0	0.999646	0.000354108	0 0.000354 12
rVSVOmicron	35	C	35270	0.000104501	0.000137871	0.999758	0 0.000242 9
rVSVOmicron	36	T	36201	0	0.999898	6.98935e-05	3.19267e-05 0.000102 4
rVSVOmicron	37	A	37769	0.999833	3.61485e-05	3.77917e-05	9.2836e-05 0.000167 6
rVSVOmicron	38	G	38859	0.000166324	9.23098e-05	3.07699e-05	0.999711 0.000289 11
rVSVOmicron	39	C	39857	8.05355e-05	0.000279138	0.99964	0 0.00036 14
rVSVOmicron	40	C	41014	0.000130593	6.22596e-05	0.999807	0 0.000193 8
rVSVOmicron	41	A	42074	0.999858	3.17751e-05	2.79923e-05	8.17074e-05 0.000142 6
rVSVOmicron	42	G	42944	0.000123616	0	5.96266e-05	0.999817 0.000183 8
rVSVOmicron	43	T	43816	3.5098e-05	0.999779	0.00010601	7.95078e-05 0.000221 10
rVSVOmicron	44	G	44743	0.000161007	0.000161707	1.19005e-05	0.999665 0.000335 15
rVSVOmicron	45	C	45658	0.000132868	0.000596536	0.999271	0 0.000729 33
rVSVOmicron	46	G	47951	0.000413418	0.000147556	0	0.999439 0.000561 27
rVSVOmicron	47	T	49997	4.63519e-05	0.999765	0.000189166	0 0.000235 12
rVSVOmicron	48	G	53110	0.000178228	0.000176475	2.16211e-05	0.999624 0.000376 20
rVSVOmicron	49	A	56490	0.999371	4.0733e-05	2.03665e-05	0.00056806 0.000629 36
rVSVOmicron	50	A	59882	0.999721	4.5534e-05	1.98207e-05	0.000213206 0.000279 17
rVSVOmicron	51	C	62758	1.82173e-05	8.12393e-05	0.999882	1.82173e-05 0.000118 7
rVSVOmicron	52	C	45424	7.64696e-05	0.000429194	0.999444	5.02908e-05 0.000556 25
rVSVOmicron	53	T	46314	0	0.999651	0.000323716	2.49012e-05 0.000349 16
rVSVOmicron	54	G	47545	0.000384678	4.48681e-05	4.8827e-05	0.999522 0.000478 23
rVSVOmicron	55	A	48367	0.999875	0	0	0.000125408 0.000125 6
rVSVOmicron	56	C	49311	2.35401e-05	0.000269757	0.999683	2.35401e-05 0.000317 16
rVSVOmicron	57	C	50325	4.61317e-05	0.000142759	0.999788	2.30658e-05 0.000212 11
rVSVOmicron	58	A	51372	0.999955	0	0	4.48663e-05 4.5e-05 2
rVSVOmicron	59	C	52304	4.41505e-05	7.2192e-05	0.999884	0 0.000116 6
rVSVOmicron	60	A	53305	0.999749	2.16696e-05	0.000120647	0.000108348 0.000251 13
rVSVOmicron	61	C	54291	4.25398e-05	0.000883564	0.999028	4.5989e-05 0.000972 53
rVSVOmicron	62	G	55392	0.00124516	5.56688e-05	0	0.998699 0.001301 72
rVSVOmicron	63	G	55515	6.34571e-05	0	0	0.999937 6.3e-05 3
rVSVOmicron	64	A	54728	0.999931	0	0	6.8712e-05 6.9e-05 4
rVSVOmicron	65	C	55592	4.17498e-05	0.000155715	0.999803	0 0.000197 11
rVSVOmicron	66	C	56634	4.17156e-05	0.00016348	0.999795	0 0.000205 12
rVSVOmicron	67	C	57700	4.06989e-05	0.000175445	0.999784	0 0.000216 12
rVSVOmicron	68	A	58840	0.999856	0	6.17019e-05	8.20904e-05 0.000144 8
rVSVOmicron	69	G	59650	0.000545625	6.64882e-05	0.000529267	0.998859 0.001141 68
rVSVOmicron	70	C	60259	0.000153848	0.000286387	0.999536	2.39089e-05 0.000464 28
rVSVOmicron	71	T	61233	0.000719815	0.999186	9.4578e-05	0 0.000814 50
rVSVOmicron	72	C	62631	3.70361e-05	0.000115613	0.999215	0.000632116 0.000785 49
rVSVOmicron	73	C	64753	0.000132474	0.000198466	0.999651	1.80868e-05 0.000349 23
rVSVOmicron	74	C	64235	0.00016649	0.000498488	0.999335	0 0.000665 43
rVSVOmicron	75	T	64999	3.5656e-05	0.999717	0.000218273	2.89103e-05 0.000283 18
rVSVOmicron	76	C	66249	7.33499e-05	0.000145753	0.999759	2.17683e-05 0.000241 16
rVSVOmicron	77	C	67358	5.23198e-05	0.000499631	0.999448	0 0.000552 37
rVSVOmicron	78	C	68540	5.64645e-05	0.000322125	0.999549	7.26633e-05 0.000451 31
rVSVOmicron	79	G	69851	0.000506579	3.34704e-05	3.34704e-05	0.999426 0.000574 40
rVSVOmicron	80	C	71128	8.18349e-05	0.000117223	0.999801	0 0.000199 14
rVSVOmicron	81	C	70597	7.40526e-05	6.95916e-05	0.999836	2.05206e-05 0.000164 12
rVSVOmicron	82	T	71393	3.27254e-05	0.999648	0.000318851	0 0.000352 25
rVSVOmicron	83	A	72813	0.999677	1.62181e-05	0.000225301	8.10907e-05 0.000323 24
rVSVOmicron	84	C	73785	1.57514e-05	0.000276288	0.999708	0 0.000292 22
rVSVOmicron	85	A	74734	0.999887	3.13147e-05	0	8.20953e-05 0.000113 8
rVSVOmicron	86	C	75714	6.01456e-05	6.80268e-05	0.999872	0 0.000128 10
rVSVOmicron	87	A	76811	0.999907	1.36967e-05	3.07137e-05	4.8976e-05 9.3e-05 7
rVSVOmicron	88	A	77658	0.998309	3.0966e-05	0.00163325	2.6363e-05 0.001691 131
rVSVOmicron	89	A	75650	0.999994	0	0	5.79177e-06 6e-06 0
rVSVOmicron	90	C	76042	5.9279e-05	0.000150089	0.999791	0 0.000209 16
rVSVOmicron	91	T	76729	0	0.999896	0.000104203	0 0.000104 8
rVSVOmicron	92	C	77438	5.78371e-05	3.01405e-05	0.999882	3.01405e-05 0.000118 9
rVSVOmicron	93	T	78155	3.39574e-05	0.999548	0.000213973	0.000204154 0.000452 35
rVSVOmicron	94	T	79418	1.51316e-05	0.999842	0.000112874	3.02632e-05 0.000158 13
rVSVOmicron	95	T	80329	2.9379e-05	0.999854	0.000116325	0 0.000146 12
rVSVOmicron	96	C	81527	4.53711e-05	6.43727e-05	0.999876	1.43481e-05 0.000124 10
rVSVOmicron	97	A	82536	0.999846	1.42068e-05	8.83126e-06	0.000130933 0.000154 13
rVSVOmicron	98	C	83475	0	0.000381155	0.999601	1.74286e-05 0.000399 33
rVSVOmicron	99	C	84345	9.36614e-05	0.000314489	0.999557	3.46471e-05 0.000443 37
rVSVOmicron	100	C	85390	7.85555e-05	0.000111256	0.999766	4.43519e-05 0.000234 20
rVSVOmicron	101	G	86592	0.000183771	5.43961e-05	0.000501326	0.99926 0.00074 64
rVSVOmicron	102	G	87335	0.000687302	1.36282e-05	0	0.999299 0.000701 61
rVSVOmicron	103	G	88244	0.000850442	4.3528e-05	0.000614513	0.998492 0.001508 133
rVSVOmicron	104	G	89092	0.000609461	4.66591e-05	0	0.999344 0.000656 58
rVSVOmicron	105	C	90066	5.79618e-05	0.000534302	0.998754	0.000653387 0.001246 112
rVSVOmicron	106	G	90794	0.000486017	3.87e-05	0	0.999475 0.000525 48
rVSVOmicron	107	T	91589	2.23709e-05	0.999899	7.8298e-05	0 0.000101 9
rVSVOmicron	108	G	92924	6.62315e-05	2.83362e-05	3.78954e-05	0.999868 0.000132 12
rVSVOmicron	109	T	93718	5.00493e-05	0.999865	7.5074e-05	9.46879e-06 0.000135 13
rVSVOmicron	110	A	95054	0.999819	1.24978e-05	3.74935e-05	0.000131396 0.000181 17
rVSVOmicron	111	C	95691	2.44508e-05	0.00147035	0.998505	0 0.001495 143
rVSVOmicron	112	T	96529	1.21595e-05	0.999622	0.000365443	0 0.000378 36
rVSVOmicron	113	A	98207	0.999823	1.20873e-05	2.41746e-05	0.000140474 0.000177 17
rVSVOmicron	114	C	99197	2.59805e-05	0.000127016	0.999847	0 0.000153 15
rVSVOmicron	115	C	100337	8.92524e-05	0.000171147	0.999728	1.18363e-05 0.000272 27
rVSVOmicron	116	C	101360	4.03222e-05	8.73119e-05	0.999872	0 0.000128 13
rVSVOmicron	117	C	102466	5.12032e-05	0.000182824	0.99974	2.60728e-05 0.00026 27
rVSVOmicron	118	G	103693	0.000236189	9.7797e-05	2.61407e-05	0.99964 0.00036 37
rVSVOmicron	119	A	105736	0.999917	1.11264e-05	1.11264e-05	6.10446e-05 8.3e-05 9
rVSVOmicron	120	C	108196	6.82726e-05	6.73935e-05	0.999864	0 0.000136 15
rVSVOmicron	121	A	111074	0.999722	5.92855e-05	3.24172e-05	0.000186618 0.000278 31
rVSVOmicron	122	A	114421	0.999087	1.05103e-05	1.05103e-05	0.00089167 0.000913 104
rVSVOmicron	123	G	116349	0.000100026	8.81771e-05	1.01955e-05	0.999802 0.000198 23
rVSVOmicron	124	G	106229	0.000206299	1.12086e-05	1.3935e-05	0.999769 0.000231 25
rVSVOmicron	125	T	106992	0	0.999949	5.05795e-05	0 5.1e-05 5
rVSVOmicron	126	G	108499	3.54221e-05	3.27654e-05	1.09218e-05	0.999921 7.9e-05 9
rVSVOmicron	127	T	109232	1.11035e-05	0.999904	6.6621e-05	1.80057e-05 9.6e-05 10
rVSVOmicron	128	T	110305	0.000502743	0.999379	0.000117849	0 0.000621 68
rVSVOmicron	129	C	111808	6.0967e-05	0.00022345	0.999716	0 0.000284 32
rVSVOmicron	130	C	112929	0.000500068	0.000202313	0.999266	3.17186e-05 0.000734 83
rVSVOmicron	131	G	114880	0.000189827	0.000118887	2.32727e-05	0.999668 0.000332 38
rVSVOmicron	132	G	114778	0.00011835	4.16051e-05	2.08026e-05	0.999819 0.000181 21
rVSVOmicron	133	T	111122	1.07662e-05	0.999907	8.26378e-05	0 9.3e-05 10
rVSVOmicron	134	C	111495	0.000231277	0.000100144	0.999669	0 0.000331 37
rVSVOmicron	135	T	112289	0	0.999842	0.000151335	6.28181e-06 0.000158 18
rVSVOmicron	136	A	114342	0.999829	0	7.85401e-05	9.22489e-05 0.000171 20
rVSVOmicron	137	G	113846	0.000185128	2.14054e-05	0	0.999793 0.000207 24
rVSVOmicron	138	C	114391	7.57314e-05	0.000561204	0.999227	0.000135638 0.000773 88
rVSVOmicron	139	G	115329	0.000174994	5.4038e-05	0	0.999771 0.000229 26
rVSVOmicron	140	T	116111	0	0.999907	6.41916e-05	2.89001e-05 9.3e-05 11
rVSVOmicron	141	G	117559	0.000160607	6.09483e-05	4.11813e-05	0.999737 0.000263 31
rVSVOmicron	142	C	117506	2.02921e-05	0.000325222	0.999601	5.31981e-05 0.000399 47
rVSVOmicron	143	T	118372	1.0053e-05	0.99977	0.000197257	2.25514e-05 0.00023 27
rVSVOmicron	144	C	119757	3.9818e-05	0.000133713	0.999774	5.21939e-05 0.000226 27
rVSVOmicron	145	C	120802	0.000102066	0.00013787	0.999717	4.35519e-05 0.000283 34
rVSVOmicron	146	A	121118	0.999828	9.843e-06	0.000103484	5.9058e-05 0.000172 21
rVSVOmicron	147	C	120856	3.42239e-05	0.000100549	0.999833	3.18362e-05 0.000167 20
rVSVOmicron	148	T	121129	0	0.999608	0.000337801	5.39101e-05 0.000392 47
rVSVOmicron	149	C	121577	4.2868e-05	6.03811e-05	0.999877	1.93429e-05 0.000123 15
rVSVOmicron	150	T	121790	1.15657e-05	0.999867	0.00012144	0 0.000133 16
rVSVOmicron	151	A	122742	0.999932	9.76304e-06	0	5.83144e-05 6.8e-05 8
rVSVOmicron	152	C	123681	1.90754e-05	0.000143066	0.999828	9.5377e-06 0.000172 21
rVSVOmicron	153	A	123437	0.999859	1.30367e-05	1.92943e-05	0.000108205 0.000141 17
rVSVOmicron	154	C	121423	9.66713e-06	0.0001518	0.999814	2.45597e-05 0.000186 23
rVSVOmicron	155	A	122557	0.999502	5.30054e-05	5.77054e-05	0.000386966 0.000498 61
rVSVOmicron	156	G	124553	0.000388875	0.000765709	3.71455e-05	0.998808 0.001192 148
rVSVOmicron	157	G	126765	9.73975e-05	5.78848e-05	3.9261e-05	0.999805 0.000195 25
rVSVOmicron	158	A	128438	0.999898	0	1.13532e-05	9.08252e-05 0.000102 13
rVSVOmicron	159	C	130057	2.72786e-05	0.000106657	0.999718	0.000148435 0.000282 37
rVSVOmicron	160	C	116637	2.73476e-05	0.000168735	0.999794	1.01186e-05 0.000206 24
rVSVOmicron	161	T	116820	2.60064e-05	0.999301	0.00064122	3.22371e-05 0.000699 82
rVSVOmicron	162	G	117945	0.000157363	3.24459e-05	1.00042e-05	0.9998 0.0002 24
rVSVOmicron	163	T	118309	1.83214e-05	0.999695	0.000143372	0.000143081 0.000305 36
rVSVOmicron	164	T	118554	2.38146e-05	0.999763	5.20089e-05	0.00016068 0.000237 28
rVSVOmicron	165	C	120159	3.9632e-05	0.000143532	0.999797	1.9816e-05 0.000203 24
rVSVOmicron	166	C	117912	6.90216e-05	0.000127717	0.999793	1.00543e-05 0.000207 24
rVSVOmicron	167	T	118201	3.95884e-05	0.999701	0.000249567	9.62961e-06 0.000299 35
rVSVOmicron	168	C	119426	3.17791e-05	0.000218982	0.999729	1.97618e-05 0.000271 32
rVSVOmicron	169	C	120064	4.01183e-05	0.000143938	0.999786	3.00887e-05 0.000214 26
rVSVOmicron	170	C	120353	0.000165241	0.000109982	0.999713	1.17457e-05 0.000287 35
rVSVOmicron	171	T	120673	4.19425e-05	0.999627	0.000246579	8.41522e-05 0.000373 45
rVSVOmicron	172	T	121451	3.31704e-05	0.999783	0.00015286	3.06826e-05 0.000217 26
rVSVOmicron	173	T	121602	0	0.999909	8.07854e-05	9.8002e-06 9.1e-05 11
rVSVOmicron	174	C	121498	0.000172508	0.000108307	0.9997	1.93125e-05 0.0003 36
rVSVOmicron	175	T	121717	2.18454e-05	0.999896	6.29041e-05	1.94766e-05 0.000104 13
rVSVOmicron	176	T	122793	0	0.999866	0.000134028	0 0.000134 16
rVSVOmicron	177	C	123674	3.78701e-05	4.96405e-05	0.999884	2.84025e-05 0.000116 14
rVSVOmicron	178	A	123427	0.99986	0	1.18738e-05	0.000128546 0.00014 17
rVSVOmicron	179	G	124004	8.59863e-05	2.18174e-05	1.8994e-05	0.999873 0.000127 16
rVSVOmicron	180	C	125026	6.58615e-05	0.000131723	0.999793	9.40879e-06 0.000207 26
rVSVOmicron	181	A	125454	0.999663	0	2.08741e-05	0.000316381 0.000337 42
rVSVOmicron	182	A	125686	0.999962	0	1.90626e-05	1.90626e-05 3.8e-05 5
rVSVOmicron	183	C	126741	6.67512e-05	0.000205004	0.999349	0.000379507 0.000651 83
rVSVOmicron	184	G	126544	0.00110691	3.552e-05	0	0.998858 0.001142 145
rVSVOmicron	185	T	126990	2.61276e-05	0.999888	8.59197e-05	0 0.000112 14
rVSVOmicron	186	G	128319	9.76484e-05	2.74404e-05	6.6747e-05	0.999808 0.000192 25
rVSVOmicron	187	A	128701	0.999801	8.38602e-05	0	0.000115093 0.000199 26
rVSVOmicron	188	C	129734	3.84682e-05	0.00011859	0.999834	9.06576e-06 0.000166 22
rVSVOmicron	189	A	127868	0.999455	1.85064e-05	4.12644e-05	0.000485419 0.000545 70
rVSVOmicron	190	T	127881	0	0.999858	0.000142151	0 0.000142 18
rVSVOmicron	191	G	128812	0.000125631	6.4305e-05	0	0.99981 0.00019 24
rVSVOmicron	192	G	128706	8.00413e-05	2.94889e-05	1.88333e-05	0.999872 0.000128 16
rVSVOmicron	193	T	128867	0	0.999798	0.000183833	1.85613e-05 0.000202 26
rVSVOmicron	194	T	129312	3.77096e-05	0.999808	0.000153777	0 0.000192 25
rVSVOmicron	195	C	129850	7.6852e-05	0.000494995	0.999428	0 0.000572 74
rVSVOmicron	196	C	130092	0.00019656	0.000103903	0.999679	2.02916e-05 0.000321 42
rVSVOmicron	197	A	129845	0.999782	3.83775e-05	8.53105e-05	9.45994e-05 0.000218 28
rVSVOmicron	198	C	130760	4.486e-05	0.000323962	0.998863	0.000767955 0.001137 149
rVSVOmicron	199	G	131245	0.000702208	4.12493e-05	0	0.999257 0.000743 98
rVSVOmicron	200	T	131428	1.80951e-05	0.999871	0.000110527	0 0.000129 17
rVSVOmicron	201	G	132269	6.21346e-05	8.01272e-05	8.87637e-06	0.999849 0.000151 20
rVSVOmicron	202	A	131827	0.99991	1.7698e-05	8.84898e-06	6.3617e-05 9e-05 12
rVSVOmicron	203	T	131541	1.78626e-05	0.999856	0.000117556	8.93132e-06 0.000144 19
rVSVOmicron	204	C	130339	0.000105113	0.00014556	0.999731	1.79225e-05 0.000269 35
rVSVOmicron	205	T	130690	6.68617e-05	0.999636	0.000296654	0 0.000364 48
rVSVOmicron	206	C	130003	0.00146843	0.000176803	0.998319	3.5845e-05 0.001681 219
rVSVOmicron	207	T	130381	0	0.999755	0.000245138	0 0.000245 32
rVSVOmicron	208	G	132145	8.43303e-05	1.99983e-05	2.67448e-05	0.999869 0.000131 17
rVSVOmicron	209	G	132766	0.000472716	8.41987e-05	5.48494e-05	0.999388 0.000612 81
rVSVOmicron	210	C	133495	6.36733e-05	0.000298171	0.999618	2.01949e-05 0.000382 51
rVSVOmicron	211	A	133476	0.999439	3.7162e-05	0.000469378	5.46779e-05 0.000561 75
rVSVOmicron	212	C	134410	3.47808e-05	0.000132543	0.999833	0 0.000167 22
rVSVOmicron	213	A	134378	0.999779	9.44418e-05	0	0.000126707 0.000221 30
rVSVOmicron	214	A	134417	0.999882	0	3.53126e-05	8.30323e-05 0.000118 16
rVSVOmicron	215	A	134544	0.999864	2.73115e-05	2.4605e-06	0.00010654 0.000136 18
rVSVOmicron	216	C	135372	7.26674e-05	0.000591854	0.999335	0 0.000665 90
rVSVOmicron	217	G	135800	0.00034549	7.19376e-05	5.11136e-05	0.999531 0.000469 64
rVSVOmicron	218	G	136011	0.000558605	0.00035289	1.92785e-05	0.999069 0.000931 127
rVSVOmicron	219	C	136354	7.29596e-05	0.000304618	0.999601	2.0912e-05 0.000399 54
rVSVOmicron	220	A	136327	0.999861	8.58507e-06	1.71701e-05	0.000113694 0.000139 19
rVSVOmicron	221	C	137092	1.86802e-05	4.68158e-05	0.999915	1.91414e-05 8.5e-05 12
rVSVOmicron	222	A	137127	0.999805	3.59524e-05	8.58218e-06	0.000150072 0.000195 27
rVSVOmicron	223	A	136954	0.999928	8.73764e-06	8.73764e-06	5.43151e-05 7.2e-05 10
rVSVOmicron	224	A	136943	0.998355	2.54749e-05	2.61826e-05	0.00159289 0.001645 225
rVSVOmicron	225	G	137499	3.45657e-05	3.66677e-05	8.64142e-06	0.99992 8e-05 11
rVSVOmicron	226	C	138359	7.00844e-05	0.000469221	0.999452	8.50204e-06 0.000548 76
rVSVOmicron	227	G	139239	0.000239049	5.44438e-05	0	0.999707 0.000293 41
rVSVOmicron	228	G	139119	0.000106979	8.47585e-06	0	0.999885 0.000115 16
rVSVOmicron	229	T	139279	0	0.999922	6.95404e-05	8.4638e-06 7.8e-05 11
rVSVOmicron	230	T	137493	1.73161e-05	0.999921	6.18762e-05	0 7.9e-05 11
rVSVOmicron	231	C	138112	5.27244e-05	0.000662364	0.99926	2.53351e-05 0.00074 102
rVSVOmicron	232	G	138191	0.000195673	8.54348e-05	8.03822e-05	0.999638 0.000362 50
rVSVOmicron	233	A	137684	0.999825	8.42682e-06	8.42682e-06	0.00015806 0.000175 24
rVSVOmicron	234	C	138330	2.70587e-05	0.000124606	0.99984	8.4132e-06 0.00016 22
rVSVOmicron	235	A	138438	0.999839	0	5.31808e-05	0.000108203 0.000161 22
rVSVOmicron	236	A	137905	0.999849	0	0	0.000150923 0.000151 21
rVSVOmicron	237	C	137836	3.41279e-05	0.000183322	0.999783	0 0.000217 30
rVSVOmicron	238	C	139984	4.19946e-05	0.000154513	0.999795	8.44457e-06 0.000205 29
rVSVOmicron	239	C	140221	0.000185269	0.000397267	0.999417	0 0.000583 82
rVSVOmicron	240	C	140837	0.000100906	0.000272559	0.999593	3.35597e-05 0.000407 57
rVSVOmicron	241	G	141222	0.000276291	4.01104e-05	1.65819e-05	0.999667 0.000333 47
rVSVOmicron	242	T	141172	0.000180792	0.999714	9.72267e-05	8.4248e-06 0.000286 40
rVSVOmicron	243	G	142104	0.000316991	6.96538e-05	1.84117e-05	0.999595 0.000405 58
rVSVOmicron	244	C	142132	4.92024e-05	0.000140293	0.999791	1.90604e-05 0.000209 30
rVSVOmicron	245	T	142226	2.63535e-06	0.99979	0.000207095	0 0.00021 30
rVSVOmicron	246	C	143703	3.51487e-05	0.000125437	0.999823	1.62563e-05 0.000177 25
rVSVOmicron	247	C	144772	7.04531e-05	0.000246586	0.999683	0 0.000317 46
rVSVOmicron	248	C	143671	0.000160967	0.000148602	0.999682	8.16977e-06 0.000318 46
rVSVOmicron	249	T	143434	2.4515e-05	0.999713	0.000254426	8.17168e-06 0.000287 41
rVSVOmicron	250	T	143889	0	0.999851	0.000133356	1.51897e-05 0.000149 21
rVSVOmicron	251	T	144109	1.63855e-05	0.999924	5.91205e-05	0 7.6e-05 11
rVSVOmicron	252	C	144557	2.41681e-05	0.00011518	0.999861	0 0.000139 20
rVSVOmicron	253	A	144467	0.998913	8.14454e-06	8.14454e-06	0.00107046 0.001087 157
rVSVOmicron	254	A	144765	0.999829	1.84093e-05	4.3029e-05	0.000109569 0.000171 25
rVSVOmicron	255	C	145617	0	0.000327429	0.999659	1.33206e-05 0.000341 50
rVSVOmicron	256	G	145966	0.000208942	7.78114e-05	8.01956e-06	0.999705 0.000295 43
rVSVOmicron	257	A	145415	0.999956	0	0	4.39867e-05 4.4e-05 6
rVSVOmicron	258	C	146387	5.1033e-05	0.000282069	0.999659	7.9005e-06 0.000341 50
rVSVOmicron	259	G	146431	0.000191758	7.55804e-05	3.56307e-05	0.999697 0.000303 44
rVSVOmicron	260	G	146755	0.000109245	6.86808e-05	7.94122e-06	0.999814 0.000186 27
rVSVOmicron	261	C	147084	0.000110263	0.000391785	0.999469	2.85788e-05 0.000531 78
rVSVOmicron	262	G	147089	0.00188282	9.02151e-05	1.57451e-05	0.998011 0.001989 293
rVSVOmicron	263	T	147131	0	0.999868	0.000109467	2.26334e-05 0.000132 19
rVSVOmicron	264	G	147388	0.000128066	3.51011e-05	0	0.999837 0.000163 24
rVSVOmicron	265	T	147454	3.11254e-05	0.999319	0.000594558	5.484e-05 0.000681 100
rVSVOmicron	266	A	146972	0.999835	8.0085e-06	6.27693e-05	9.37211e-05 0.000165 24
rVSVOmicron	267	C	146933	1.58402e-05	0.000248948	0.999727	7.92011e-06 0.000273 40
rVSVOmicron	268	T	147410	4.26608e-05	0.99983	0.000102474	2.4409e-05 0.00017 25
rVSVOmicron	269	T	142170	4.10096e-05	0.999867	9.17729e-05	0 0.000133 19
rVSVOmicron	270	C	142955	0.0001148	0.00017928	0.999698	8.05997e-06 0.000302 43
rVSVOmicron	271	G	143553	0.000723842	9.12479e-05	1.88638e-05	0.999166 0.000834 120
rVSVOmicron	272	C	144070	0.000195567	0.000231856	0.999573	0 0.000427 62
rVSVOmicron	273	C	144845	7.5682e-05	0.000236993	0.999481	0.000206288 0.000519 75
rVSVOmicron	274	A	144349	0.999751	2.4184e-05	3.42062e-05	0.000191075 0.000249 36
rVSVOmicron	275	G	145135	0.000527064	7.33587e-05	3.97987e-05	0.99936 0.00064 93
rVSVOmicron	276	C	146123	6.1335e-05	0.000156125	0.999764	1.86579e-05 0.000236 34
rVSVOmicron	277	A	145995	0.999925	4.06723e-06	0	7.10695e-05 7.5e-05 11
rVSVOmicron	278	T	146516	2.36924e-05	0.999722	0.000169689	8.47377e-05 0.000278 41
rVSVOmicron	279	A	145913	0.999473	3.84517e-05	1.53375e-05	0.000472869 0.000527 77
rVSVOmicron	280	G	146772	4.38486e-05	0.00014645	0.00013565	0.999674 0.000326 48
rVSVOmicron	281	A	146689	0.999891	7.86932e-06	5.10442e-06	9.61333e-05 0.000109 16
rVSVOmicron	282	G	147529	5.91218e-05	9.3485e-05	5.44262e-05	0.999793 0.000207 31
rVSVOmicron	283	A	148512	0.999897	2.36643e-05	0	7.8881e-05 0.000103 15
rVSVOmicron	284	A	147865	0.999709	7.89861e-06	5.2438e-05	0.000230596 0.000291 43
rVSVOmicron	285	G	148818	0.000112695	7.02762e-05	0	0.999817 0.000183 27
rVSVOmicron	286	T	149371	0	0.999948	4.44488e-05	7.83146e-06 5.2e-05 8
rVSVOmicron	287	C	149428	6.4105e-05	5.1284e-05	0.999861	2.333e-05 0.000139 21
rVSVOmicron	288	T	149631	1.54553e-05	0.999736	0.000248748	0 0.000264 40
rVSVOmicron	289	A	150780	0.999391	1.54383e-05	0.000440201	0.000153132 0.000609 92
rVSVOmicron	290	A	151234	0.999282	0.00036943	3.10128e-05	0.000317672 0.000718 109
rVSVOmicron	291	C	151849	4.01177e-05	7.9615e-05	0.999873	7.65131e-06 0.000127 19
rVSVOmicron	292	A	148668	0.999926	2.52246e-05	2.52246e-05	2.33327e-05 7.4e-05 11
rVSVOmicron	293	T	149120	0	0.99992	3.98331e-05	3.98331e-05 8e-05 12
rVSVOmicron	294	T	149467	0	0.999915	6.96137e-05	1.57536e-05 8.5e-05 13
rVSVOmicron	295	A	149830	0.999881	7.90847e-06	4.74508e-05	6.34815e-05 0.000119 18
rVSVOmicron	296	T	150177	7.79422e-06	0.999938	4.67653e-05	7.79422e-06 6.2e-05 9
rVSVOmicron	297	C	150946	2.49022e-05	0.000509873	0.999442	2.30346e-05 0.000558 84
rVSVOmicron	298	C	151371	6.22812e-05	0.000217672	0.999705	1.54141e-05 0.000295 45
rVSVOmicron	299	G	152100	0.000157316	0.000103705	6.39616e-05	0.999675 0.000325 49
rVSVOmicron	300	G	152684	0.00015124	3.83805e-05	2.61402e-05	0.999784 0.000216 33
rVSVOmicron	301	G	152441	7.83054e-05	2.9002e-05	2.00942e-05	0.999873 0.000127 19
rVSVOmicron	302	G	151151	8.1282e-05	9.35158e-05	7.67202e-06	0.999818 0.000182 28
rVSVOmicron	303	C	150731	4.08211e-05	0.000258604	0.999685	1.55709e-05 0.000315 47
rVSVOmicron	304	T	151239	7.68888e-06	0.999597	0.000367196	2.8054e-05 0.000403 61
rVSVOmicron	305	G	153205	0.000142786	6.19217e-05	3.19793e-05	0.999763 0.000237 36
rVSVOmicron	306	G	153806	8.8812e-05	3.02861e-05	1.69848e-05	0.999864 0.000136 21
rVSVOmicron	307	A	151812	0.999903	3.78731e-05	0	5.9164e-05 9.7e-05 15
rVSVOmicron	308	T	152039	1.53896e-05	0.999722	0.000246857	1.53896e-05 0.000278 42
rVSVOmicron	309	T	152626	1.53315e-05	0.999902	5.98757e-05	2.29972e-05 9.8e-05 15
rVSVOmicron	310	T	152903	7.621e-06	0.99992	5.70545e-05	1.5242e-05 8e-05 12
rVSVOmicron	311	T	152957	2.00851e-05	0.999934	2.27495e-05	2.27495e-05 6.6e-05 10
rVSVOmicron	312	C	152976	3.88855e-05	0.000292856	0.999644	2.43034e-05 0.000356 54
rVSVOmicron	313	G	152760	0.000200112	6.25992e-05	1.5188e-05	0.999722 0.000278 42
rVSVOmicron	314	G	152402	0.000218438	3.80877e-05	1.52351e-05	0.999728 0.000272 41
rVSVOmicron	315	C	152506	5.46083e-05	0.000267744	0.999678	0 0.000322 49
rVSVOmicron	316	A	152358	0.999817	3.90594e-05	0	0.000143488 0.000183 28
rVSVOmicron	317	C	152746	4.01049e-05	0.00021288	0.99974	7.49436e-06 0.00026 40
rVSVOmicron	318	C	153025	5.28204e-05	0.000265326	0.999643	3.85446e-05 0.000357 55
rVSVOmicron	319	A	152849	0.997867	1.68046e-05	0.000879043	0.00123714 0.002133 326
rVSVOmicron	320	C	153669	0.00106153	0.000126893	0.99765	0.00116151 0.00235 361
rVSVOmicron	321	A	153089	0.997618	3.96097e-05	0.00224448	9.82076e-05 0.002382 365
rVSVOmicron	322	C	152918	7.43159e-06	5.68416e-05	0.999936	0 6.4e-05 10
rVSVOmicron	323	T	152839	0.00215601	0.997696	0.000148249	0 0.002304 352
rVSVOmicron	324	C	154179	0.000112595	0.00268948	0.996802	0.000396382 0.003198 493
rVSVOmicron	325	G	153965	0.000254336	2.98744e-05	1.67539e-05	0.999699 0.000301 46
rVSVOmicron	326	A	151801	0.999836	2.24712e-05	8.2192e-05	5.95183e-05 0.000164 25
rVSVOmicron	327	C	151540	5.47e-05	3.77593e-05	0.999892	1.51037e-05 0.000108 16
rVSVOmicron	328	T	151654	7.52638e-06	0.999846	0.000146663	0 0.000154 23
rVSVOmicron	329	C	151368	0.000532517	2.41499e-05	0.999406	3.7544e-05 0.000594 90
rVSVOmicron	330	T	151759	0	0.999754	0.000221524	2.43636e-05 0.000246 37
rVSVOmicron	331	A	152134	0.999833	7.59996e-06	3.51242e-05	0.000124064 0.000167 25
rVSVOmicron	332	A	151011	0.999324	0.000629863	1.66674e-05	2.90136e-05 0.000676 102
rVSVOmicron	333	G	151506	9.45251e-05	4.96412e-05	4.75728e-05	0.999808 0.000192 29
rVSVOmicron	334	A	151958	0.99993	2.86218e-05	0	4.15016e-05 7e-05 11
rVSVOmicron	335	C	151971	6.28953e-05	0.000107994	0.999822	7.48272e-06 0.000178 27
rVSVOmicron	336	A	151841	0.999884	2.13553e-05	1.51951e-05	7.96717e-05 0.000116 18
rVSVOmicron	337	C	152426	2.83578e-05	0.000191465	0.999768	1.16649e-05 0.000232 35
rVSVOmicron	338	A	151857	0.999255	0.000200196	0.000131906	0.000413197 0.000745 113
rVSVOmicron	339	G	152764	0.000100933	0	1.78842e-05	0.999881 0.000119 18
rVSVOmicron	340	T	152773	0.000511825	0.999201	9.60936e-05	0.00019158 0.000799 122
rVSVOmicron	341	C	153684	0.00052798	7.32971e-05	0.999385	1.32901e-05 0.000615 95
rVSVOmicron	342	C	154701	8.42427e-05	0.000689166	0.999213	1.31946e-05 0.000787 122
rVSVOmicron	343	C	152809	0.000157241	7.35679e-05	0.999565	0.000204333 0.000435 66
rVSVOmicron	344	T	153193	0.000227107	0.999558	0.000207498	7.40349e-06 0.000442 68
rVSVOmicron	345	C	155993	6.80341e-05	0.000107193	0.999803	2.19529e-05 0.000197 31
rVSVOmicron	346	C	154365	6.65184e-05	0.000243701	0.999675	1.47819e-05 0.000325 50
rVSVOmicron	347	T	154796	2.26181e-05	0.99964	0.000330465	7.40593e-06 0.00036 56
rVSVOmicron	348	G	156656	0.000216416	5.97758e-05	0	0.999724 0.000276 43
rVSVOmicron	349	A	152503	0.999904	1.39015e-05	6.04415e-06	7.63577e-05 9.6e-05 15
rVSVOmicron	350	T	152921	4.62174e-05	0.999903	3.08116e-05	2.01941e-05 9.7e-05 15
rVSVOmicron	351	T	152784	0.000417382	0.9995	5.24258e-05	2.99576e-05 0.0005 76
rVSVOmicron	352	G	149841	0.000238644	2.29148e-05	2.14697e-05	0.999717 0.000283 42
rVSVOmicron	353	T	150254	3.023e-05	0.99987	9.25282e-05	7.55749e-06 0.00013 20
rVSVOmicron	354	G	151262	0.000106076	6.24217e-05	2.26432e-05	0.999809 0.000191 29
rVSVOmicron	355	A	151862	0.999894	1.5141e-05	7.57051e-06	8.32756e-05 0.000106 16
rVSVOmicron	356	A	152861	0.999903	0	1.50023e-05	8.17016e-05 9.7e-05 15
rVSVOmicron	357	C	153914	2.22499e-05	5.9333e-05	0.999918	0 8.2e-05 13
rVSVOmicron	358	A	151266	0.99988	7.58405e-06	6.45669e-05	4.73491e-05 0.00012 18
rVSVOmicron	359	A	151434	0.999749	6.1352e-05	5.24394e-05	0.000137627 0.000251 38
rVSVOmicron	360	C	152083	3.00928e-05	0.000725685	0.998708	0.000535978 0.001292 196
rVSVOmicron	361	G	151961	0.000392519	4.80635e-05	1.51996e-05	0.999544 0.000456 69
rVSVOmicron	362	C	151670	8.93814e-05	0.000115622	0.999795	0 0.000205 31
rVSVOmicron	363	C	151604	3.76276e-05	0.000214172	0.999718	3.01021e-05 0.000282 43
rVSVOmicron	364	A	151130	0.999933	2.25887e-06	2.2794e-05	4.1481e-05 6.7e-05 10
rVSVOmicron	365	C	151878	4.915e-05	0.000141584	0.999802	7.48375e-06 0.000198 30
rVSVOmicron	366	A	152023	0.999737	0	8.30473e-05	0.000179628 0.000263 40
rVSVOmicron	367	A	152263	0.999852	1.51905e-05	8.33366e-05	4.9158e-05 0.000148 23
rVSVOmicron	368	A	150649	0.999916	0	1.78983e-05	6.5771e-05 8.4e-05 13
rVSVOmicron	369	C	151007	2.48344e-05	7.82282e-05	0.999859	3.82863e-05 0.000141 21
rVSVOmicron	370	G	150420	0.000195631	2.12552e-05	1.40326e-05	0.999769 0.000231 35
rVSVOmicron	371	T	149586	1.58819e-05	0.999901	7.51169e-05	7.94093e-06 9.9e-05 15
rVSVOmicron	372	G	150063	3.13377e-05	7.01467e-05	5.14686e-05	0.999847 0.000153 23
rVSVOmicron	373	G	147847	7.98611e-05	4.8293e-05	1.54705e-05	0.999856 0.000144 21
rVSVOmicron	374	T	148022	0.00404176	0.995863	6.21155e-05	3.33977e-05 0.004137 612
rVSVOmicron	375	G	149358	6.1188e-05	7.0697e-05	0.00387386	0.995994 0.004006 598
rVSVOmicron	376	A	149801	0.999969	7.65233e-06	7.65233e-06	1.53047e-05 3.1e-05 5
rVSVOmicron	377	T	150663	0.000473147	0.999485	1.89596e-05	2.33835e-05 0.000515 78
rVSVOmicron	378	T	151913	1.6649e-05	0.999369	6.39565e-05	0.000550229 0.000631 96
rVSVOmicron	379	A	154130	0.998824	3.67999e-05	0.000583338	0.000556042 0.001176 181
rVSVOmicron	380	A	155133	0.99955	0.000141009	4.7668e-05	0.000261276 0.00045 70
rVSVOmicron	381	G	157319	0.00011907	0.000117881	7.33042e-06	0.999756 0.000244 38
rVSVOmicron	382	G	150372	3.08473e-05	2.31355e-05	1.25057e-05	0.999934 6.6e-05 10
rVSVOmicron	383	T	150439	1.70899e-05	0.999828	0.000140014	1.52368e-05 0.000172 26
rVSVOmicron	384	G	151328	5.87688e-05	0.000101156	0	0.99984 0.00016 24
rVSVOmicron	385	T	151584	2.26665e-05	0.999903	6.69785e-05	7.5555e-06 9.7e-05 15
rVSVOmicron	386	G	151505	0.000146616	6.81885e-05	0	0.999785 0.000215 33
rVSVOmicron	387	C	151524	8.4949e-05	0.000793613	0.999109	1.27836e-05 0.000891 135
rVSVOmicron	388	G	152149	0.000101487	7.00403e-05	1.69485e-05	0.999812 0.000188 29
rVSVOmicron	389	A	150939	0.999936	0	1.50609e-05	4.86427e-05 6.4e-05 10
rVSVOmicron	390	G	151850	0.000140109	3.87492e-05	4.64991e-05	0.999775 0.000225 34
rVSVOmicron	391	T	152186	4.71899e-05	0.999904	2.2974e-05	2.56647e-05 9.6e-05 15
rVSVOmicron	392	T	152465	0	0.99988	0.000120102	0 0.00012 18
rVSVOmicron	393	C	152758	7.0278e-05	0.000122267	0.999777	3.04127e-05 0.000223 34
rVSVOmicron	394	C	153237	7.40735e-05	0.000228342	0.99969	7.55019e-06 0.00031 48
rVSVOmicron	395	A	152750	0.999614	3.72193e-05	2.24529e-05	0.000326073 0.000386 59
rVSVOmicron	396	G	153673	6.0417e-05	3.18304e-05	1.33809e-05	0.999894 0.000106 16
rVSVOmicron	397	T	153435	0.000409036	0.99923	0.000313401	4.78174e-05 0.00077 118
rVSVOmicron	398	T	153921	1.99337e-05	0.999575	0.000405183	0 0.000425 65
rVSVOmicron	399	C	151967	0.000117029	0.000174211	0.999694	1.51666e-05 0.000306 47
rVSVOmicron	400	T	152362	3.71571e-05	0.999239	0.000684868	3.93906e-05 0.000761 116
rVSVOmicron	401	G	154653	0.000285285	4.47901e-05	1.65441e-05	0.999653 0.000347 54
rVSVOmicron	402	C	155412	6.08399e-05	0.000163244	0.999768	7.42929e-06 0.000232 36
rVSVOmicron	403	A	155182	0.999792	0	8.92396e-05	0.000118653 0.000208 32
rVSVOmicron	404	A	156049	0.999917	2.92526e-05	7.46445e-06	4.61989e-05 8.3e-05 13
rVSVOmicron	405	C	156531	6.19286e-05	0.000307453	0.999616	1.47354e-05 0.000384 60
rVSVOmicron	406	G	157491	0.000539823	6.10373e-05	3.11131e-05	0.999368 0.000632 100
rVSVOmicron	407	A	157376	0.999954	3.08714e-05	7.32206e-06	7.32206e-06 4.6e-05 7
rVSVOmicron	408	C	158627	1.92607e-05	0.000171758	0.999675	0.00013403 0.000325 52
rVSVOmicron	409	C	159090	0.000176689	0.000134316	0.999682	7.39535e-06 0.000318 51
rVSVOmicron	410	C	158377	0.00016239	6.23354e-05	0.99977	5.75709e-06 0.00023 36
rVSVOmicron	411	T	158187	5.96207e-05	0.999729	0.000211199	0 0.000271 43
rVSVOmicron	412	T	159235	1.52417e-05	0.999803	0.000116578	6.54981e-05 0.000197 31
rVSVOmicron	413	T	159363	4.19979e-05	0.999853	9.79297e-05	7.26132e-06 0.000147 23
rVSVOmicron	414	C	161034	2.89248e-05	0.00201497	0.997942	1.44624e-05 0.002058 331
rVSVOmicron	415	C	160012	9.24128e-05	4.5619e-05	0.999832	2.95643e-05 0.000168 27
rVSVOmicron	416	T	159812	2.19248e-05	0.999707	0.000263492	7.30826e-06 0.000293 47
rVSVOmicron	417	G	161417	3.9615e-05	8.9624e-05	3.62811e-05	0.999834 0.000166 27
rVSVOmicron	418	G	161856	0.000114078	5.75249e-05	1.61303e-05	0.999812 0.000188 30
rVSVOmicron	419	A	161921	0.99987	1.58457e-05	1.41275e-05	9.9847e-05 0.00013 21
rVSVOmicron	420	T	162136	2.83255e-05	0.999631	0.000254738	8.55506e-05 0.000369 60
rVSVOmicron	421	C	163095	5.6496e-05	0.000196972	0.999732	1.4124e-05 0.000268 44
rVSVOmicron	422	A	162440	0.999652	0.000186271	5.80313e-05	0.000103886 0.000348 57
rVSVOmicron	423	C	163081	4.4863e-05	0.000123135	0.999825	7.06354e-06 0.000175 29
rVSVOmicron	424	A	162830	0.999695	1.42473e-05	0.000122065	0.00016885 0.000305 50
rVSVOmicron	425	A	161968	0.999639	1.42837e-05	0.000192251	0.000154032 0.000361 58
rVSVOmicron	426	G	162695	0.000142518	5.34198e-05	0	0.999804 0.000196 32
rVSVOmicron	427	A	163559	0.999908	7.1255e-06	0	8.47356e-05 9.2e-05 15
rVSVOmicron	428	A	163408	0.999874	0	7.09122e-06	0.000118634 0.000126 21
rVSVOmicron	429	C	163689	1.88433e-05	8.96483e-05	0.999882	9.51681e-06 0.000118 19
rVSVOmicron	430	A	163252	0.999948	0	3.00097e-05	2.15993e-05 5.2e-05 8
rVSVOmicron	431	A	163510	0.999835	9.64639e-06	2.1415e-05	0.000133699 0.000165 27
rVSVOmicron	432	C	164405	4.3331e-05	5.77747e-05	0.999899	0 0.000101 17
rVSVOmicron	433	A	164244	0.999777	1.44379e-05	1.44379e-05	0.000193936 0.000223 37
rVSVOmicron	434	A	163191	0.999631	0	3.6914e-05	0.000332226 0.000369 60
rVSVOmicron	435	G	164012	3.85853e-05	3.79917e-05	0	0.999923 7.7e-05 13
rVSVOmicron	436	T	164277	2.15956e-05	0.999932	4.66931e-05	0 6.8e-05 11
rVSVOmicron	437	C	163420	5.64258e-05	2.86977e-05	0.999879	3.58721e-05 0.000121 20
rVSVOmicron	438	T	163137	1.44863e-05	0.999917	3.95437e-05	2.89726e-05 8.3e-05 14
rVSVOmicron	439	T	164706	2.29452e-05	0.999725	0.000238056	1.41495e-05 0.000275 45
rVSVOmicron	440	G	165522	0.000232587	7.99341e-05	2.98092e-05	0.999658 0.000342 57
rVSVOmicron	441	G	165545	7.69474e-05	5.06681e-05	0.00020116	0.999671 0.000329 54
rVSVOmicron	442	A	164982	0.999752	6.97876e-06	6.97876e-06	0.000233883 0.000248 41
rVSVOmicron	443	T	165248	3.49917e-05	0.999867	9.77877e-05	0 0.000133 22
rVSVOmicron	444	G	166136	0.000137327	6.59243e-05	2.09673e-05	0.999776 0.000224 37
rVSVOmicron	445	G	165769	7.30996e-05	0.000100795	4.52163e-05	0.999781 0.000219 36
rVSVOmicron	446	A	164925	0.999767	2.91882e-05	0	0.00020413 0.000233 38
rVSVOmicron	447	G	165763	0.000182731	4.84416e-05	2.76809e-05	0.999741 0.000259 43
rVSVOmicron	448	T	165785	9.66233e-05	0.999789	0.000114705	0 0.000211 35
rVSVOmicron	449	C	162152	5.13008e-05	0.000168068	0.999766	1.41652e-05 0.000234 38
rVSVOmicron	450	T	162119	7.02305e-06	0.999667	0.000294019	3.15088e-05 0.000333 54
rVSVOmicron	451	G	164178	8.70782e-05	4.41046e-05	7.78427e-05	0.999791 0.000209 34
rVSVOmicron	452	A	163842	0.999697	6.47691e-05	0	0.000238055 0.000303 50
rVSVOmicron	453	G	164111	0.000158637	7.6395e-05	3.98008e-05	0.999725 0.000275 45
rVSVOmicron	454	T	164573	2.11581e-05	0.999752	0.000212916	1.41054e-05 0.000248 41
rVSVOmicron	455	T	164590	7.03247e-06	0.999877	0.000115941	0 0.000123 20
rVSVOmicron	456	C	165496	8.09481e-05	9.16288e-05	0.999827	0 0.000173 29
rVSVOmicron	457	A	164447	0.999641	2.0903e-05	2.25979e-05	0.000315052 0.000359 59
rVSVOmicron	458	G	165259	0.000104301	5.80703e-05	2.08602e-05	0.999817 0.000183 30
rVSVOmicron	459	A	165381	0.999878	1.56729e-05	0	0.0001065 0.000122 20
rVSVOmicron	460	G	165746	0.00383649	4.16175e-05	3.46812e-05	0.996087 0.003913 649
rVSVOmicron	461	T	166246	2.75392e-05	0.996093	5.1543e-05	0.00382777 0.003907 650
rVSVOmicron	462	G	166285	6.16894e-05	6.37395e-05	0	0.999875 0.000125 21
rVSVOmicron	463	T	163106	1.5719e-05	0.999684	0.000292979	7.00726e-06 0.000316 52
rVSVOmicron	464	A	162801	0.999317	5.70122e-06	7.03151e-06	0.000670464 0.000683 111
rVSVOmicron	465	C	162894	0.000704345	0.000144461	0.999151	0 0.000849 138
rVSVOmicron	466	T	160160	7.16777e-06	0.99924	0.000753197	0 0.00076 122
rVSVOmicron	467	C	160090	3.23919e-05	0.000212282	0.999726	2.89213e-05 0.000274 44
rVSVOmicron	468	T	159744	1.31152e-05	0.99984	0.000132131	1.44854e-05 0.00016 26
rVSVOmicron	469	A	160934	0.999771	7.21616e-06	6.65057e-05	0.000155245 0.000229 37
rVSVOmicron	470	G	161492	7.45688e-05	8.89317e-05	7.2798e-06	0.999829 0.000171 28
rVSVOmicron	471	C	161322	3.69548e-05	0.00028461	0.999678	0 0.000322 52
rVSVOmicron	472	G	161753	0.000434225	4.23634e-05	1.42495e-05	0.999509 0.000491 79
rVSVOmicron	473	C	162134	3.7452e-05	0.000106371	0.999849	7.1429e-06 0.000151 24
rVSVOmicron	474	C	162647	2.99314e-05	4.23234e-05	0.999907	2.11617e-05 9.3e-05 15
rVSVOmicron	475	A	162169	0.999905	2.17335e-05	7.11629e-06	6.57776e-05 9.5e-05 15
rVSVOmicron	476	A	162440	0.999951	4.58763e-06	0	4.39648e-05 4.9e-05 8
rVSVOmicron	477	C	162992	1.40438e-05	9.4701e-05	0.999884	7.02192e-06 0.000116 19
rVSVOmicron	478	A	162889	0.999933	0	7.0885e-06	6.01565e-05 6.7e-05 11
rVSVOmicron	479	A	163178	0.99993	0	3.94563e-05	3.05155e-05 7e-05 11
rVSVOmicron	480	C	162101	5.28236e-05	0.000130629	0.99979	2.63164e-05 0.00021 34
rVSVOmicron	481	T	163099	6.59286e-05	0.999578	0.000262941	9.28026e-05 0.000422 69
rVSVOmicron	482	G	166157	0.000655159	9.51796e-05	1.39195e-05	0.999236 0.000764 127
rVSVOmicron	483	C	168930	5.91033e-05	0.000212809	0.999696	3.20219e-05 0.000304 51
rVSVOmicron	484	A	171038	0.999857	3.92835e-05	0	0.00010373 0.000143 24
rVSVOmicron	485	C	173644	7.85165e-05	0.000146505	0.999767	8.20854e-06 0.000233 40
rVSVOmicron	486	C	162012	9.10782e-05	0.000332675	0.999553	2.30092e-05 0.000447 72
rVSVOmicron	487	T	162210	9.8477e-05	0.99959	0.000200637	0.000111077 0.00041 67
rVSVOmicron	488	T	162929	7.05702e-06	0.999921	7.2096e-05	0 7.9e-05 13
rVSVOmicron	489	C	163631	5.07251e-05	7.85481e-05	0.999859	1.13564e-05 0.000141 23
rVSVOmicron	490	G	164414	0.000348011	0.000110474	2.09259e-05	0.999521 0.000479 79
rVSVOmicron	491	A	164172	0.999901	3.61631e-05	1.38656e-05	4.89045e-05 9.9e-05 16
rVSVOmicron	492	G	164721	7.18853e-05	1.25183e-05	7.01782e-06	0.999909 9.1e-05 15
rVSVOmicron	493	T	164953	1.39739e-05	0.99988	7.15688e-05	3.49346e-05 0.00012 20
rVSVOmicron	494	A	165140	0.999859	2.0735e-05	0	0.000120674 0.000141 23
rVSVOmicron	495	C	164033	3.14171e-05	0.00036792	0.99917	0.000431133 0.00083 136
rVSVOmicron	496	G	162821	0.000466086	5.71417e-05	0	0.999477 0.000523 85
rVSVOmicron	497	T	162933	2.12081e-05	0.999801	0.000149985	2.82775e-05 0.000199 32
rVSVOmicron	498	G	163888	8.70903e-05	1.39798e-05	2.26699e-05	0.999876 0.000124 20
rVSVOmicron	499	T	163786	7.13174e-05	0.999706	0.000187984	3.48119e-05 0.000294 48
rVSVOmicron	500	C	164316	8.66141e-05	7.19885e-05	0.999841	0 0.000159 26
rVSVOmicron	501	C	165095	0.000115712	0.000223583	0.999638	2.29512e-05 0.000362 60
rVSVOmicron	502	C	165740	0.000183983	9.53778e-05	0.999667	5.32385e-05 0.000333 55
rVSVOmicron	503	A	165202	0.999652	3.34386e-05	4.194e-05	0.000272799 0.000348 57
rVSVOmicron	504	G	166289	0.000227699	0.00010076	1.39369e-05	0.999658 0.000342 57
rVSVOmicron	505	C	167694	6.14401e-05	0.000152289	0.999779	6.93074e-06 0.000221 37
rVSVOmicron	506	C	162690	0.000153873	0.000106809	0.999739	0 0.000261 42
rVSVOmicron	507	T	162603	4.33102e-05	0.999744	0.000183776	2.88735e-05 0.000256 42
rVSVOmicron	508	T	163039	2.2991e-05	0.999722	0.00020112	5.36457e-05 0.000278 45
rVSVOmicron	509	T	163153	3.70069e-05	0.999808	0.000148028	7.05801e-06 0.000192 31
rVSVOmicron	510	C	164264	8.58311e-05	0.000123132	0.999791	0 0.000209 34
rVSVOmicron	511	C	161625	0.000142665	0.000134352	0.999716	7.15257e-06 0.000284 46
rVSVOmicron	512	T	161917	3.15088e-05	0.999655	0.000306826	7.10869e-06 0.000345 56
rVSVOmicron	513	C	163719	8.59807e-05	0.000111869	0.999788	1.39837e-05 0.000212 35
rVSVOmicron	514	A	164469	0.999699	7.3328e-06	4.39968e-05	0.000250108 0.000301 50
rVSVOmicron	515	T	166201	2.80318e-05	0.999662	0.000252097	5.73895e-05 0.000338 56
rVSVOmicron	516	G	169251	0.000168976	0.00123586	2.76337e-05	0.998568 0.001432 242
rVSVOmicron	517	G	170908	0.000127713	6.41291e-05	4.34189e-05	0.999765 0.000235 40
rVSVOmicron	518	A	173399	0.999656	6.57136e-06	4.79532e-06	0.000332475 0.000344 60
rVSVOmicron	519	C	176378	3.60539e-05	0.000142795	0.999806	1.47413e-05 0.000194 34
rVSVOmicron	520	C	141541	0.000101519	0.00015481	0.999736	8.14791e-06 0.000264 37
rVSVOmicron	521	T	142013	3.92644e-05	0.999413	0.000531056	1.62322e-05 0.000587 83
rVSVOmicron	522	G	141692	0.000253218	7.49141e-05	5.91427e-05	0.999613 0.000387 55
rVSVOmicron	523	G	142542	0.000386403	3.20918e-05	0.000110804	0.999471 0.000529 75
rVSVOmicron	524	A	142100	0.999492	5.94915e-05	6.12348e-05	0.000386804 0.000508 72
rVSVOmicron	525	G	136145	0.000306264	0.000181431	1.68879e-05	0.999495 0.000505 69
