rVSVOmicron	7	G	11602	0	0.000104749	0	0.999895 0.000105 1
rVSVOmicron	8	T	12422	0.000331601	0.999668	0	0 0.000332 4
rVSVOmicron	9	G	13454	8.8849e-05	8.8849e-05	0	0.999822 0.000178 2
rVSVOmicron	10	T	14075	8.79993e-05	0.999736	0.000175999	0 0.000264 4
rVSVOmicron	11	T	14824	0	0.999756	0.000243552	0 0.000244 4
rVSVOmicron	12	C	15778	6.28755e-05	0.000225135	0.999637	7.50449e-05 0.000363 6
rVSVOmicron	13	C	16662	7.04472e-05	0	0.99993	0 7e-05 1
rVSVOmicron	14	T	17222	0	0.997918	0.00201371	6.79812e-05 0.002082 36
rVSVOmicron	15	C	18321	0.000168936	0.000232718	0.999598	0 0.000402 7
rVSVOmicron	16	G	19534	0	5.97555e-05	0	0.99994 6e-05 1
rVSVOmicron	17	T	20425	0	0.999886	0.000113601	0 0.000114 2
rVSVOmicron	18	G	21597	0.000194814	5.3792e-05	5.3792e-05	0.999698 0.000302 7
rVSVOmicron	19	C	22445	0.00010699	0.000102821	0.99979	0 0.00021 5
rVSVOmicron	20	T	23383	0	0.999853	0.000147441	0 0.000147 3
rVSVOmicron	21	C	24654	0.000150566	0.000249257	0.9996	0 0.0004 10
rVSVOmicron	22	C	25614	0.000134952	4.49841e-05	0.99982	0 0.00018 5
rVSVOmicron	23	T	26646	0.000129402	0.999526	0.000345073	0 0.000474 13
rVSVOmicron	24	G	28008	0.000206074	0.000169315	0.000131442	0.999493 0.000507 14
rVSVOmicron	25	C	29139	0	6.00998e-05	0.99994	0 6e-05 2
rVSVOmicron	26	C	29735	7.7702e-05	0.000194255	0.999728	0 0.000272 8
rVSVOmicron	27	T	30594	7.5431e-05	0.999728	0.000196732	0 0.000272 8
rVSVOmicron	28	C	31388	0	0.000197967	0.999766	3.64418e-05 0.000234 7
rVSVOmicron	29	T	32250	0.000178478	0.99967	8.00739e-05	7.13912e-05 0.00033 11
rVSVOmicron	30	G	34011	0.000335931	7.34276e-05	6.79206e-05	0.999523 0.000477 16
rVSVOmicron	31	G	34037	6.79249e-05	3.39625e-05	3.39625e-05	0.999864 0.000136 5
rVSVOmicron	32	T	34852	0	0.999936	6.44418e-05	0 6.4e-05 2
rVSVOmicron	33	G	35990	3.19791e-05	0	0	0.999968 3.2e-05 1
rVSVOmicron	34	T	36682	3.15043e-05	0.999853	0.0001158	0 0.000147 5
rVSVOmicron	35	C	37527	6.83333e-05	0.000121847	0.99981	0 0.00019 7
rVSVOmicron	36	T	38498	0	0.99991	8.95277e-05	0 9e-05 3
rVSVOmicron	37	A	40070	0.999886	2.86029e-05	5.72058e-05	2.86029e-05 0.000114 5
rVSVOmicron	38	G	41113	0.000121997	0.000115741	0	0.999762 0.000238 10
rVSVOmicron	39	C	42205	5.45649e-05	0.000224896	0.999721	0 0.000279 12
rVSVOmicron	40	C	43431	0.000112311	0	0.999861	2.64683e-05 0.000139 6
rVSVOmicron	41	A	44613	0.999947	0	2.65499e-05	2.65499e-05 5.3e-05 2
rVSVOmicron	42	G	45548	2.52895e-05	2.52895e-05	0	0.999949 5.1e-05 2
rVSVOmicron	43	T	46340	2.50705e-05	0.999886	8.8763e-05	0 0.000114 5
rVSVOmicron	44	G	47169	0.000165644	0	0	0.999834 0.000166 8
rVSVOmicron	45	C	48225	7.19628e-05	0.000623677	0.999304	0 0.000696 34
rVSVOmicron	46	G	51006	0.000248572	0.000381103	4.51949e-05	0.999325 0.000675 34
rVSVOmicron	47	T	53404	0	0.999573	0.000405022	2.17817e-05 0.000427 23
rVSVOmicron	48	G	56632	0.000228052	0.000354138	2.02835e-05	0.999398 0.000602 34
rVSVOmicron	49	A	59936	0.99984	1.45721e-05	6.19315e-05	8.37897e-05 0.00016 10
rVSVOmicron	50	A	63302	0.999806	3.77569e-05	0	0.00015664 0.000194 12
rVSVOmicron	51	C	66264	3.4532e-05	5.9731e-05	0.999906	0 9.4e-05 6
rVSVOmicron	52	C	48432	2.97624e-05	9.57574e-05	0.999854	2.00573e-05 0.000146 7
rVSVOmicron	53	T	49361	7.52696e-05	0.999385	0.000487671	5.18665e-05 0.000615 30
rVSVOmicron	54	G	50368	0.000226694	4.62131e-05	4.62131e-05	0.999681 0.000319 16
rVSVOmicron	55	A	51298	0.999674	0	2.28293e-05	0.00030295 0.000326 17
rVSVOmicron	56	C	52260	4.45499e-05	9.3314e-05	0.999862	0 0.000138 7
rVSVOmicron	57	C	53398	3.06143e-05	0.000237261	0.999732	0 0.000268 14
rVSVOmicron	58	A	54526	0.999754	0	2.14837e-05	0.000224127 0.000246 13
rVSVOmicron	59	C	55307	2.09807e-05	8.78923e-05	0.999891	0 0.000109 6
rVSVOmicron	60	A	56532	0.999617	0	4.10651e-05	0.000341839 0.000383 22
rVSVOmicron	61	C	57645	4.02548e-05	0.00059131	0.999368	0 0.000632 36
rVSVOmicron	62	G	58900	0.000275949	3.98056e-05	0	0.999684 0.000316 19
rVSVOmicron	63	G	59026	0.00010496	0	0	0.999895 0.000105 6
rVSVOmicron	64	A	56912	0.999872	4.55676e-05	0	8.22439e-05 0.000128 7
rVSVOmicron	65	C	57909	3.66279e-05	0.000136124	0.999807	2.02273e-05 0.000193 11
rVSVOmicron	66	C	58994	6.05636e-05	0.000247165	0.999668	2.45528e-05 0.000332 20
rVSVOmicron	67	C	60131	1.27543e-05	9.8314e-05	0.999889	0 0.000111 7
rVSVOmicron	68	A	61298	0.999524	0	0	0.000476122 0.000476 29
rVSVOmicron	69	G	62198	0.000417599	3.77779e-05	0.000155706	0.999389 0.000611 38
rVSVOmicron	70	C	62557	4.09377e-05	0.000171837	0.999787	0 0.000213 13
rVSVOmicron	71	T	63536	0.000479225	0.99937	0.000150941	0 0.00063 40
rVSVOmicron	72	C	64966	0	0.000130643	0.9994	0.000468949 0.0006 39
rVSVOmicron	73	C	66694	7.06544e-05	0.000135541	0.999776	1.77838e-05 0.000224 15
rVSVOmicron	74	C	66628	8.22384e-05	0.000149655	0.999768	0 0.000232 15
rVSVOmicron	75	T	67400	0	0.99973	0.000258748	1.08204e-05 0.00027 18
rVSVOmicron	76	C	69043	5.19063e-05	0.000152503	0.999753	4.226e-05 0.000247 17
rVSVOmicron	77	C	70299	9.25878e-05	0.000174685	0.999685	4.74342e-05 0.000315 22
rVSVOmicron	78	C	71793	5.72287e-05	0.000180181	0.999763	0 0.000237 17
rVSVOmicron	79	G	73168	0.00198019	0.000180813	3.23975e-05	0.997807 0.002193 160
rVSVOmicron	80	C	75088	1.56753e-05	5.33809e-05	0.999931	0 6.9e-05 5
rVSVOmicron	81	C	74188	3.82856e-05	0.00014712	0.999815	0 0.000185 14
rVSVOmicron	82	T	75089	3.15802e-05	0.99906	0.000892355	1.57901e-05 0.00094 71
rVSVOmicron	83	A	76630	0.999858	1.56472e-05	2.49509e-05	0.000101072 0.000142 11
rVSVOmicron	84	C	77669	6.77157e-05	0.000177292	0.999755	0 0.000245 19
rVSVOmicron	86	C	79750	2.95963e-05	0.000121985	0.999848	0 0.000152 12
rVSVOmicron	87	A	80872	0.999937	0	0	6.2641e-05 6.3e-05 5
rVSVOmicron	88	A	81937	0.999797	0	4.47982e-05	0.000157803 0.000203 17
rVSVOmicron	89	A	79917	0.999935	0	3.18372e-05	3.26976e-05 6.5e-05 5
rVSVOmicron	90	C	80238	4.2897e-05	5.98939e-05	0.999882	1.49735e-05 0.000118 9
rVSVOmicron	91	T	80922	1.46806e-05	0.99979	0.000180135	1.46806e-05 0.00021 17
rVSVOmicron	92	C	81753	2.89686e-05	3.24918e-05	0.999939	0 6.1e-05 5
rVSVOmicron	93	T	82503	3.23289e-05	0.999789	0.000134441	4.37622e-05 0.000211 17
rVSVOmicron	94	T	83206	0	0.999905	9.52317e-05	0 9.5e-05 8
rVSVOmicron	95	T	84185	4.15395e-05	0.999902	5.69244e-05	0 9.8e-05 8
rVSVOmicron	96	C	85740	2.77657e-05	0.000139579	0.999802	3.07674e-05 0.000198 17
rVSVOmicron	97	A	86951	0.999825	0	1.37698e-05	0.000160772 0.000175 15
rVSVOmicron	98	C	87999	5.42031e-05	0.000123056	0.999823	0 0.000177 16
rVSVOmicron	99	C	89170	7.44192e-05	0.000125376	0.999787	1.35641e-05 0.000213 19
rVSVOmicron	100	C	90344	0.00100263	0.000176509	0.998781	4.01486e-05 0.001219 110
rVSVOmicron	101	G	91625	0.000377358	0.000100534	0.00152218	0.998 0.002 183
rVSVOmicron	102	G	92622	0.000999938	3.93035e-05	2.62023e-05	0.998935 0.001065 99
rVSVOmicron	103	G	93296	0.000144577	3.91415e-05	0	0.999816 0.000184 17
rVSVOmicron	104	G	93919	0.000151677	1.60764e-05	6.18592e-05	0.99977 0.00023 22
rVSVOmicron	105	C	94985	5.91772e-05	0.000440428	0.999344	0.000156786 0.000656 62
rVSVOmicron	106	G	95908	0.0011552	1.24722e-05	1.24722e-05	0.99882 0.00118 113
rVSVOmicron	107	T	96722	0	0.999538	5.08598e-05	0.000411626 0.000462 45
rVSVOmicron	108	G	97941	0.000257747	2.44844e-05	0.000393404	0.999324 0.000676 66
rVSVOmicron	109	T	98762	0.000378661	0.999378	0.000243472	0 0.000622 61
rVSVOmicron	110	A	99742	0.999469	1.21781e-05	0.000414384	0.000104007 0.000531 53
rVSVOmicron	111	C	100021	1.48328e-05	0.000214108	0.999771	0 0.000229 23
rVSVOmicron	112	T	101250	0	0.999742	0.000245834	1.18282e-05 0.000258 26
rVSVOmicron	113	A	102396	0.999931	0	0	6.86666e-05 6.9e-05 7
rVSVOmicron	114	C	102977	2.32895e-05	7.23862e-05	0.999904	0 9.6e-05 10
rVSVOmicron	115	C	104143	1.72816e-05	0.001802	0.998158	2.32516e-05 0.001842 192
rVSVOmicron	116	C	105228	3.74007e-05	0.000118124	0.999844	0 0.000156 16
rVSVOmicron	117	C	106332	0.000471893	0.000794085	0.998723	1.13969e-05 0.001277 136
rVSVOmicron	118	G	107683	0.000513167	7.2749e-05	3.35068e-05	0.999381 0.000619 67
rVSVOmicron	119	A	109284	0.999942	2.55313e-05	3.23595e-05	0 5.8e-05 6
rVSVOmicron	120	C	111277	3.49027e-05	4.53736e-05	0.999905	1.45428e-05 9.5e-05 11
rVSVOmicron	121	A	113471	0.999662	2.16289e-05	5.75797e-05	0.000259255 0.000338 38
rVSVOmicron	122	A	116504	0.999727	3.41791e-05	2.93371e-05	0.000209917 0.000273 32
rVSVOmicron	123	G	119029	0.000159348	0.000106873	3.26939e-05	0.999701 0.000299 36
rVSVOmicron	124	G	110478	9.33616e-05	2.20024e-05	2.20024e-05	0.999863 0.000137 15
rVSVOmicron	125	T	111314	3.75622e-05	0.999882	5.89844e-05	2.17157e-05 0.000118 13
rVSVOmicron	126	G	112704	6.93316e-05	3.48109e-05	2.14667e-05	0.999874 0.000126 14
rVSVOmicron	127	T	113481	0	0.999944	4.47442e-05	1.09638e-05 5.6e-05 6
rVSVOmicron	128	T	114551	2.08398e-05	0.999921	5.79518e-05	0 7.9e-05 9
rVSVOmicron	129	C	116041	4.18536e-05	0.000225953	0.999719	1.30085e-05 0.000281 33
rVSVOmicron	130	C	117129	0.000233627	0.000243748	0.999491	3.12065e-05 0.000509 60
rVSVOmicron	131	G	119072	0.000111441	0.000123855	3.31014e-05	0.999732 0.000268 32
rVSVOmicron	132	G	118888	0.00093753	3.06979e-05	1.02326e-05	0.999022 0.000978 116
rVSVOmicron	133	T	115194	0	0.99987	0.00012987	0 0.00013 15
rVSVOmicron	134	C	115813	5.47475e-05	7.81705e-05	0.999857	1.04415e-05 0.000143 17
rVSVOmicron	135	T	116643	3.11646e-05	0.999875	9.34938e-05	0 0.000125 15
rVSVOmicron	136	A	118707	0.999789	0	2.0791e-05	0.000189928 0.000211 25
rVSVOmicron	137	G	117378	4.29197e-05	6.18044e-05	1.05869e-05	0.999885 0.000115 13
rVSVOmicron	138	C	118343	4.95786e-05	0.000734766	0.999169	4.62362e-05 0.000831 98
rVSVOmicron	139	G	118872	0.000219913	4.26532e-05	2.04957e-05	0.999717 0.000283 34
rVSVOmicron	140	T	119697	1.01847e-05	0.999938	2.28468e-05	2.86273e-05 6.2e-05 7
rVSVOmicron	141	G	120982	0.000142052	3.26556e-05	1.82327e-05	0.999807 0.000193 23
rVSVOmicron	142	C	121673	5.01547e-05	0.000235049	0.999705	1.00309e-05 0.000295 36
rVSVOmicron	143	T	122467	9.98083e-06	0.999786	0.000180734	2.34684e-05 0.000214 26
rVSVOmicron	144	C	124152	5.16415e-05	0.000105412	0.999813	3.00798e-05 0.000187 23
rVSVOmicron	145	C	125085	0.000166387	0.000525572	0.998664	0.000643891 0.001336 167
rVSVOmicron	146	A	124729	0.999224	4.48292e-05	0.000680086	5.11581e-05 0.000776 97
rVSVOmicron	147	C	124542	0.000489161	6.30836e-05	0.999448	0 0.000552 69
rVSVOmicron	148	T	124941	0	0.999407	0.000583422	9.71932e-06 0.000593 74
rVSVOmicron	149	C	124388	3.85537e-05	0	0.999952	9.63842e-06 4.8e-05 6
rVSVOmicron	150	T	124814	9.67422e-06	0.999814	0.000175966	0 0.000186 23
rVSVOmicron	151	A	126331	0.999907	1.20124e-05	9.66215e-06	7.18133e-05 9.3e-05 12
rVSVOmicron	152	C	127296	3.78525e-05	9.25851e-05	0.99987	0 0.00013 17
rVSVOmicron	153	A	127374	0.999887	9.00196e-06	1.18312e-05	9.25916e-05 0.000113 14
rVSVOmicron	154	C	126647	4.01706e-05	0.000168103	0.99977	2.12367e-05 0.00023 29
rVSVOmicron	155	A	126958	0.999446	3.81193e-05	9.99343e-05	0.000416221 0.000554 70
rVSVOmicron	156	G	128550	0.000117067	0.000549101	9.37552e-06	0.999324 0.000676 87
rVSVOmicron	157	G	130470	6.6942e-05	7.29368e-05	2.9974e-05	0.99983 0.00017 22
rVSVOmicron	158	A	131712	0.999914	1.82159e-05	1.82159e-05	4.97243e-05 8.6e-05 11
rVSVOmicron	159	C	133447	2.71876e-05	9.47894e-05	0.989665	0.010213 0.010335 1379
rVSVOmicron	160	C	119005	7.86719e-05	6.28282e-05	0.999858	0 0.000142 17
rVSVOmicron	161	T	119592	9.53974e-05	0.999021	0.000858306	2.48628e-05 0.000979 117
rVSVOmicron	162	G	120797	0.000164601	2.28612e-05	3.22747e-05	0.99978 0.00022 27
rVSVOmicron	163	T	121116	1.28844e-05	0.988702	8.81865e-05	0.0111968 0.011298 1368
rVSVOmicron	164	T	121248	3.95512e-05	0.989285	0.00011161	0.0105637 0.010715 1299
rVSVOmicron	165	C	123596	3.95858e-05	0.000143564	0.999817	0 0.000183 23
rVSVOmicron	166	C	120491	0.00011331	0.000294174	0.999573	1.93783e-05 0.000427 51
rVSVOmicron	167	T	120518	3.42518e-05	0.999711	0.000245338	9.29312e-06 0.000289 35
rVSVOmicron	168	C	121641	5.95922e-05	9.15166e-05	0.999839	9.84335e-06 0.000161 20
rVSVOmicron	169	C	122381	0.000226473	7.97099e-05	0.999684	9.96374e-06 0.000316 39
rVSVOmicron	170	C	122061	0.000157029	0.000110719	0.99971	2.20906e-05 0.00029 35
rVSVOmicron	171	T	122092	3.95494e-05	0.999615	0.000293414	5.18418e-05 0.000385 47
rVSVOmicron	172	T	122797	2.04014e-05	0.99981	0.00013895	3.06021e-05 0.00019 23
rVSVOmicron	173	T	123369	2.7478e-05	0.999829	0.00013422	9.77583e-06 0.000171 21
rVSVOmicron	174	C	123172	6.75497e-05	5.97254e-05	0.999873	0 0.000127 16
rVSVOmicron	175	T	123347	9.74721e-06	0.999861	0.000119864	9.74721e-06 0.000139 17
rVSVOmicron	176	T	124851	5.75121e-05	0.999861	6.19162e-05	1.91707e-05 0.000139 17
rVSVOmicron	177	C	125655	3.06305e-05	0.000132222	0.999837	0 0.000163 20
rVSVOmicron	178	A	125359	0.999763	0	9.55e-06	0.000227135 0.000237 30
rVSVOmicron	179	G	126046	0.000226694	0.000134223	2.84328e-05	0.999611 0.000389 49
rVSVOmicron	180	C	127077	2.99109e-05	0.000129276	0.999813	2.81365e-05 0.000187 24
rVSVOmicron	181	A	127447	0.999962	0	0	3.76653e-05 3.8e-05 5
rVSVOmicron	182	A	127443	0.999225	1.95344e-05	5.70611e-05	0.000698099 0.000775 99
rVSVOmicron	183	C	128591	4.61961e-05	0.000205011	0.999684	6.46746e-05 0.000316 41
rVSVOmicron	184	G	127871	0.000201973	6.98459e-05	9.32959e-06	0.999719 0.000281 36
rVSVOmicron	185	T	128664	1.83393e-05	0.999835	0.000136917	9.29526e-06 0.000165 21
rVSVOmicron	186	G	129715	5.71975e-05	8.29488e-05	4.97693e-05	0.99981 0.00019 25
rVSVOmicron	187	A	130018	0.999852	9.11937e-06	1.89782e-05	0.000120277 0.000148 19
rVSVOmicron	188	C	130919	1.81561e-05	0.000118015	0.999855	9.07807e-06 0.000145 19
rVSVOmicron	189	A	128082	0.999735	9.34415e-06	4.74784e-05	0.000208097 0.000265 34
rVSVOmicron	190	T	128313	4.15811e-05	0.999894	9.26807e-06	5.56084e-05 0.000106 14
rVSVOmicron	191	G	129397	4.0169e-05	5.46398e-05	1.84628e-05	0.999887 0.000113 15
rVSVOmicron	192	G	129017	6.37427e-05	5.99931e-05	0	0.999876 0.000124 16
rVSVOmicron	193	T	129279	1.90651e-05	0.997145	0.00283606	0 0.002855 369
rVSVOmicron	194	T	129974	0	0.999942	5.84669e-05	0 5.8e-05 8
rVSVOmicron	195	C	130829	6.01762e-05	7.47271e-05	0.999845	2.04698e-05 0.000155 20
rVSVOmicron	196	C	131481	4.45611e-05	0.000137356	0.999784	3.42778e-05 0.000216 28
rVSVOmicron	197	A	130545	0.999859	2.04138e-05	7.37848e-06	0.000112891 0.000141 18
rVSVOmicron	198	C	130954	5.75838e-05	0.000142367	0.999782	1.81328e-05 0.000218 29
rVSVOmicron	199	G	131604	0.000475304	4.76036e-05	1.12296e-05	0.999466 0.000534 70
rVSVOmicron	200	T	131930	1.82669e-05	0.999769	8.44228e-05	0.000127868 0.000231 30
rVSVOmicron	201	G	132854	8.56621e-05	8.34904e-05	1.78563e-05	0.999813 0.000187 25
rVSVOmicron	202	A	132348	0.999911	8.90408e-06	0	8.01367e-05 8.9e-05 12
rVSVOmicron	203	T	130778	0	0.99426	0.00573967	0 0.00574 751
rVSVOmicron	204	C	129188	0.00021179	0.000102192	0.999686	0 0.000314 41
rVSVOmicron	205	T	129556	9.09829e-06	0.999906	8.53272e-05	0 9.4e-05 12
rVSVOmicron	206	C	128794	5.38709e-05	0.000124298	0.999813	9.14322e-06 0.000187 24
rVSVOmicron	207	T	129253	3.65797e-05	0.999711	0.000242958	9.14492e-06 0.000289 37
rVSVOmicron	208	G	131013	0.000915357	6.55404e-05	3.11747e-05	0.998988 0.001012 133
rVSVOmicron	209	G	131696	0.000289116	5.78232e-05	1.8131e-05	0.999635 0.000365 48
rVSVOmicron	210	C	132290	6.17647e-05	0.000342007	0.999581	1.50173e-05 0.000419 55
rVSVOmicron	211	A	132351	0.999856	8.93044e-06	5.59963e-05	7.86844e-05 0.000144 19
rVSVOmicron	212	C	133132	0	0.00020871	0.999791	0 0.000209 28
rVSVOmicron	213	A	133171	0.999896	0	1.10495e-05	9.29596e-05 0.000104 14
rVSVOmicron	214	A	133312	0.999904	8.98836e-06	8.98836e-06	7.8223e-05 9.6e-05 13
rVSVOmicron	215	A	133661	0.999921	9.22351e-06	1.24642e-05	5.75846e-05 7.9e-05 11
rVSVOmicron	216	C	134250	7.68773e-05	0.00037439	0.999549	0 0.000451 61
rVSVOmicron	217	G	134706	0.000109341	3.70892e-05	2.60106e-05	0.999828 0.000172 23
rVSVOmicron	218	G	134954	0.000607759	5.9387e-05	2.82567e-05	0.999305 0.000695 94
rVSVOmicron	219	C	135253	3.69235e-05	0.000290417	0.999664	8.7575e-06 0.000336 45
rVSVOmicron	220	A	135263	0.999852	4.55958e-05	8.74116e-06	9.37903e-05 0.000148 20
rVSVOmicron	221	C	136064	3.37923e-05	6.71152e-05	0.99989	8.68274e-06 0.00011 15
rVSVOmicron	222	A	136148	0.999857	8.73363e-06	2.83253e-05	0.00010622 0.000143 19
rVSVOmicron	223	A	136754	0.999894	1.98383e-05	1.76872e-05	6.83586e-05 0.000106 14
rVSVOmicron	224	A	136552	0.999851	2.66196e-05	4.53253e-05	7.74607e-05 0.000149 20
rVSVOmicron	225	G	137137	7.88274e-05	8.97165e-05	8.7586e-06	0.999823 0.000177 24
rVSVOmicron	226	C	137997	5.02643e-05	0.000287391	0.999655	6.98116e-06 0.000345 48
rVSVOmicron	227	G	138745	0.000148029	3.4339e-05	8.58476e-06	0.999809 0.000191 27
rVSVOmicron	228	G	138847	0.000168675	4.29227e-05	1.92572e-05	0.999769 0.000231 32
rVSVOmicron	229	T	138806	1.71527e-05	0.999765	0.000218349	0 0.000235 33
rVSVOmicron	230	T	137600	0.000954199	0.999003	3.452e-05	8.63001e-06 0.000997 137
rVSVOmicron	231	C	138170	7.17264e-05	0.00129154	0.998633	3.45948e-06 0.001367 189
rVSVOmicron	232	G	137994	0.000291811	7.08617e-05	2.97387e-05	0.999608 0.000392 54
rVSVOmicron	233	A	137571	0.999887	8.51717e-06	0	0.000104048 0.000113 16
rVSVOmicron	234	C	138224	7.11981e-06	0.000134817	0.999839	1.90627e-05 0.000161 22
rVSVOmicron	235	A	138497	0.999822	4.89714e-05	1.71748e-05	0.000111404 0.000178 25
rVSVOmicron	236	A	138019	0.999919	0	1.73356e-05	6.32515e-05 8.1e-05 11
rVSVOmicron	237	C	137999	3.43705e-05	0.000173711	0.999792	0 0.000208 29
rVSVOmicron	238	C	139782	4.26389e-05	0.000163872	0.999793	0 0.000207 29
rVSVOmicron	239	C	139799	9.05443e-05	0.000175083	0.999709	2.56388e-05 0.000291 41
rVSVOmicron	240	C	139983	0.000148732	0.000328085	0.999486	3.70679e-05 0.000514 72
rVSVOmicron	241	G	140319	0.000167221	9.13566e-05	7.06248e-06	0.999734 0.000266 37
rVSVOmicron	242	T	140364	8.53066e-06	0.999878	8.57677e-05	2.7667e-05 0.000122 17
rVSVOmicron	243	G	141384	0.000401827	3.55679e-05	1.12557e-05	0.999551 0.000449 63
rVSVOmicron	244	C	140530	4.37231e-05	5.02929e-05	0.999896	9.51487e-06 0.000104 15
rVSVOmicron	245	T	140726	1.68079e-05	0.999752	0.000222985	8.29191e-06 0.000248 35
rVSVOmicron	246	C	142311	1.65717e-05	0.000103909	0.999344	0.00053522 0.000656 93
rVSVOmicron	247	C	142825	6.04298e-05	0.000104174	0.999819	1.66858e-05 0.000181 26
rVSVOmicron	248	C	142333	8.33174e-05	6.84553e-05	0.999848	0 0.000152 22
rVSVOmicron	249	T	142172	1.82166e-05	0.999734	0.000242663	5.62241e-06 0.000266 38
rVSVOmicron	250	T	142334	8.43457e-06	0.999806	0.000161852	2.348e-05 0.000194 28
rVSVOmicron	251	T	142389	8.14902e-06	0.999827	0.000156869	8.14902e-06 0.000173 25
rVSVOmicron	252	C	142842	4.20159e-05	0.000164729	0.99977	2.31198e-05 0.00023 33
rVSVOmicron	253	A	142718	0.999824	0	8.32449e-06	0.000167615 0.000176 25
rVSVOmicron	254	A	143100	0.999922	0	1.67475e-05	6.15584e-05 7.8e-05 11
rVSVOmicron	255	C	144017	4.0564e-05	0.000279563	0.99968	0 0.00032 46
rVSVOmicron	256	G	144578	0.000220796	5.91733e-05	8.16945e-06	0.999712 0.000288 42
rVSVOmicron	257	A	143827	0.999943	8.19049e-06	0	4.91429e-05 5.7e-05 8
rVSVOmicron	258	C	144766	4.39979e-05	0.000215198	0.999725	1.6118e-05 0.000275 40
rVSVOmicron	259	G	145184	0.000119035	6.17138e-05	8.12601e-06	0.999811 0.000189 27
rVSVOmicron	260	G	145462	9.06972e-05	3.4312e-05	8.08626e-06	0.999867 0.000133 19
rVSVOmicron	261	C	145847	7.4116e-05	0.000502125	0.999374	4.98441e-05 0.000626 91
rVSVOmicron	262	G	145757	0.00060705	2.40394e-05	8.01314e-06	0.999361 0.000639 93
rVSVOmicron	263	T	146062	1.63616e-05	0.999871	0.000104582	8.1808e-06 0.000129 19
rVSVOmicron	264	G	146969	0.00123822	3.59434e-05	7.96351e-06	0.998718 0.001282 188
rVSVOmicron	265	T	146945	7.92985e-06	0.999911	7.32976e-05	7.92985e-06 8.9e-05 13
rVSVOmicron	266	A	146921	0.999774	3.23089e-05	4.03862e-05	0.000153686 0.000226 33
rVSVOmicron	267	C	146789	5.46604e-05	0.000210216	0.999735	0 0.000265 39
rVSVOmicron	268	T	146941	1.64643e-05	0.999749	0.000203356	3.11486e-05 0.000251 37
rVSVOmicron	269	T	142861	0.000215004	0.999672	0.000104723	8.22664e-06 0.000328 47
rVSVOmicron	270	C	143359	6.68483e-05	0.000210408	0.999698	2.43284e-05 0.000302 43
rVSVOmicron	271	G	143998	0.000237685	8.54696e-05	1.63009e-05	0.999661 0.000339 49
rVSVOmicron	272	C	144280	8.27477e-05	0.000234452	0.999667	1.61993e-05 0.000333 48
rVSVOmicron	273	C	145053	0.000103182	0.000114502	0.999694	8.85974e-05 0.000306 44
rVSVOmicron	274	A	144721	0.999784	9.64231e-06	1.62166e-05	0.000190655 0.000216 31
rVSVOmicron	275	G	145475	0.000244238	6.38742e-05	8.01134e-06	0.999684 0.000316 46
rVSVOmicron	276	C	146391	8.06746e-05	0.000219375	0.999692	7.98118e-06 0.000308 45
rVSVOmicron	277	A	146154	0.999922	1.59644e-05	6.2563e-06	5.58752e-05 7.8e-05 11
rVSVOmicron	278	T	146695	0	0.999808	0.00018437	7.95996e-06 0.000192 28
rVSVOmicron	279	A	146245	0.999805	8.04834e-06	4.65499e-05	0.000140737 0.000195 29
rVSVOmicron	280	G	146935	4.41439e-05	5.82787e-05	8.2634e-05	0.999815 0.000185 27
rVSVOmicron	281	A	146912	0.999863	0	7.93982e-06	0.000129183 0.000137 20
rVSVOmicron	282	G	147687	6.93522e-05	4.76662e-05	3.17775e-05	0.999851 0.000149 22
rVSVOmicron	283	A	148686	0.999871	2.01918e-05	7.94785e-06	0.000100744 0.000129 19
rVSVOmicron	284	A	147641	0.999792	8.17952e-06	6.54361e-05	0.00013463 0.000208 31
rVSVOmicron	285	G	148733	9.32998e-05	9.03176e-05	0	0.999816 0.000184 27
rVSVOmicron	286	T	149276	3.16176e-05	0.999798	0.000155738	1.43134e-05 0.000202 30
rVSVOmicron	287	C	147838	2.01258e-05	8.11454e-05	0.999875	2.41938e-05 0.000125 18
rVSVOmicron	288	T	148375	1.57193e-05	0.999817	0.00015337	1.42324e-05 0.000183 27
rVSVOmicron	289	A	150504	0.999645	2.34229e-05	0.000173667	0.000158052 0.000355 53
rVSVOmicron	290	A	150938	0.999924	0	1.56905e-05	6.06417e-05 7.6e-05 11
rVSVOmicron	291	C	151303	6.98398e-05	7.15176e-05	0.999851	7.75998e-06 0.000149 23
rVSVOmicron	292	A	148414	0.999948	1.57816e-05	1.045e-05	2.55918e-05 5.2e-05 8
rVSVOmicron	293	T	148818	4.03892e-05	0.999846	6.63693e-05	4.69388e-05 0.000154 23
rVSVOmicron	294	T	149189	7.97394e-06	0.999799	0.000145471	4.76281e-05 0.000201 30
rVSVOmicron	295	A	149623	0.999934	0	8.00948e-06	5.77981e-05 6.6e-05 10
rVSVOmicron	296	T	149929	1.81357e-05	0.999952	3.00839e-05	0 4.8e-05 7
rVSVOmicron	297	C	150400	3.55482e-05	8.53998e-05	0.999871	7.78274e-06 0.000129 19
rVSVOmicron	298	C	150863	5.46613e-05	0.000308763	0.9996	3.67223e-05 0.0004 60
rVSVOmicron	299	G	151474	0.000112352	3.41667e-05	8.88753e-05	0.999765 0.000235 36
rVSVOmicron	300	G	151863	0.000186675	3.47253e-05	0	0.999779 0.000221 34
rVSVOmicron	301	G	151632	0.000116504	4.47929e-05	7.78092e-06	0.999831 0.000169 26
rVSVOmicron	302	G	150952	8.73053e-05	5.07882e-05	3.86158e-05	0.999823 0.000177 27
rVSVOmicron	303	C	150897	6.44944e-05	0.000173606	0.999674	8.77547e-05 0.000326 49
rVSVOmicron	304	T	150653	0.000612039	0.999016	0.000346766	2.52041e-05 0.000984 148
rVSVOmicron	305	G	152240	0.000821408	6.10674e-05	7.6593e-06	0.99911 0.00089 135
rVSVOmicron	306	G	152612	6.33582e-05	5.85804e-05	0.000630258	0.999248 0.000752 115
rVSVOmicron	307	A	151761	0.99989	7.64451e-06	0	0.000102684 0.00011 17
rVSVOmicron	308	T	152079	0	0.999913	3.29209e-05	5.43089e-05 8.7e-05 13
rVSVOmicron	309	T	151116	1.5589e-05	0.999866	6.40413e-05	5.45615e-05 0.000134 20
rVSVOmicron	310	T	151289	9.63879e-06	0.999774	0.000197176	1.88585e-05 0.000226 34
rVSVOmicron	311	T	151111	3.09043e-05	0.999946	2.31783e-05	0 5.4e-05 8
rVSVOmicron	312	C	151551	1.52442e-05	0.000287786	0.999674	2.28663e-05 0.000326 49
rVSVOmicron	313	G	151786	0.000268344	9.603e-05	5.71607e-05	0.999578 0.000422 64
rVSVOmicron	314	G	151673	0.00023911	6.54583e-05	2.12635e-05	0.999674 0.000326 49
rVSVOmicron	315	C	151950	4.75233e-05	0.000163143	0.99977	1.8927e-05 0.00023 35
rVSVOmicron	316	A	150655	0.999859	2.29127e-05	7.63756e-06	0.000110229 0.000141 21
rVSVOmicron	317	C	151076	3.05565e-05	0.000158976	0.99981	0 0.00019 29
rVSVOmicron	318	C	151427	0.00013576	0.000126197	0.999707	3.07695e-05 0.000293 44
rVSVOmicron	319	A	151409	0.998767	7.53253e-06	0.000715387	0.000509566 0.001233 187
rVSVOmicron	320	C	152164	0.000766224	0.000120821	0.998621	0.000491872 0.001379 210
rVSVOmicron	321	A	151463	0.998607	4.5787e-05	0.00124478	0.000102604 0.001393 211
rVSVOmicron	322	C	150313	2.96571e-05	0.000100916	0.999869	0 0.000131 20
rVSVOmicron	323	T	150500	0.000914949	0.999016	5.39431e-05	1.54123e-05 0.000984 148
rVSVOmicron	324	C	151721	7.76259e-05	0.00107591	0.998815	3.19515e-05 0.001185 180
rVSVOmicron	325	G	152084	0.000136704	4.48816e-05	2.28526e-05	0.999796 0.000204 31
rVSVOmicron	326	A	150762	0.99992	2.28217e-05	0	5.69514e-05 8e-05 12
rVSVOmicron	327	C	151142	3.82824e-05	5.35954e-05	0.999464	0.000443869 0.000536 81
rVSVOmicron	328	T	150732	1.98695e-05	0.999481	0.000491563	7.65803e-06 0.000519 78
rVSVOmicron	329	C	150723	8.63948e-05	7.36715e-05	0.99984	0 0.00016 24
rVSVOmicron	330	T	150763	7.70433e-06	0.99974	0.000252785	0 0.00026 39
rVSVOmicron	331	A	151882	0.999841	1.53378e-05	3.25409e-05	0.000111095 0.000159 24
rVSVOmicron	332	A	151060	0.999211	0.000729968	7.71901e-06	5.17383e-05 0.000789 119
rVSVOmicron	333	G	151381	7.34539e-05	3.8605e-05	3.27621e-05	0.999855 0.000145 22
rVSVOmicron	334	A	151640	0.999927	7.57031e-06	7.57031e-06	5.83118e-05 7.3e-05 11
rVSVOmicron	335	C	151834	9.3933e-06	0.00126156	0.998706	2.26665e-05 0.001294 196
rVSVOmicron	336	A	151779	0.999831	6.70092e-05	1.38142e-05	8.82459e-05 0.000169 26
rVSVOmicron	337	C	152477	2.67712e-05	0.00021133	0.999739	2.25121e-05 0.000261 40
rVSVOmicron	338	A	151985	0.999622	4.13757e-05	3.21583e-05	0.000304787 0.000378 57
rVSVOmicron	339	G	152804	0.000158798	2.30112e-05	1.38896e-05	0.999804 0.000196 30
rVSVOmicron	340	T	152891	7.03984e-05	0.99986	6.22362e-05	7.54997e-06 0.00014 21
rVSVOmicron	341	C	153769	3.12165e-05	6.77034e-05	0.999873	2.85814e-05 0.000127 20
rVSVOmicron	342	C	154550	6.06029e-05	0.000180171	0.999752	7.57537e-06 0.000248 38
rVSVOmicron	343	C	153684	5.99001e-05	5.99001e-05	0.999873	7.48751e-06 0.000127 20
rVSVOmicron	344	T	153611	2.97217e-05	0.999845	0.000125112	0 0.000155 24
rVSVOmicron	345	C	155825	5.64145e-05	7.762e-05	0.999851	1.48038e-05 0.000149 23
rVSVOmicron	346	C	153921	0.00045869	7.16704e-05	0.99943	3.95701e-05 0.00057 88
rVSVOmicron	347	T	154269	9.90551e-06	0.999756	0.000219336	1.49593e-05 0.000244 38
rVSVOmicron	348	G	154438	0.000119335	4.82161e-05	1.48666e-05	0.999818 0.000182 28
rVSVOmicron	349	A	147222	0.999916	7.74436e-06	2.74192e-05	4.83499e-05 8.4e-05 12
rVSVOmicron	350	T	147471	2.24886e-05	0.999922	3.20031e-05	2.40023e-05 7.8e-05 12
rVSVOmicron	351	T	147515	2.33282e-05	0.999889	6.45205e-05	2.33282e-05 0.000111 16
rVSVOmicron	352	G	145112	0.000465825	1.58197e-05	0	0.999518 0.000482 70
rVSVOmicron	353	T	145115	3.33257e-05	0.999841	0.000117808	7.85384e-06 0.000159 23
rVSVOmicron	354	G	146043	0.000152722	4.82949e-05	1.56747e-05	0.999783 0.000217 32
rVSVOmicron	355	A	146267	0.999877	7.89941e-06	0	0.000114648 0.000123 18
rVSVOmicron	356	A	146297	0.999862	7.86145e-06	3.93072e-05	9.07253e-05 0.000138 20
rVSVOmicron	357	C	146740	3.29263e-05	6.01539e-05	0.999887	2.00513e-05 0.000113 17
rVSVOmicron	358	A	146601	0.999894	1.14309e-05	2.01098e-05	7.43005e-05 0.000106 16
rVSVOmicron	359	A	146902	0.999836	1.58432e-05	7.92162e-06	0.00014002 0.000164 24
rVSVOmicron	360	C	147368	6.83086e-05	0.000356466	0.999515	6.0532e-05 0.000485 71
rVSVOmicron	361	G	147973	0.00167929	0.000111389	7.82048e-06	0.998201 0.001799 266
rVSVOmicron	362	C	148361	6.82753e-05	4.18055e-05	0.999882	7.77288e-06 0.000118 18
rVSVOmicron	363	C	148843	4.46685e-05	0.000190101	0.999748	1.72441e-05 0.000252 38
rVSVOmicron	364	A	148714	0.99976	0.000199377	0	4.06293e-05 0.00024 36
rVSVOmicron	365	C	149599	4.57634e-05	4.76187e-05	0.999907	0 9.3e-05 14
rVSVOmicron	366	A	149771	0.999848	1.6908e-05	6.78406e-05	6.67969e-05 0.000152 23
rVSVOmicron	367	A	149974	0.99988	8.39238e-06	4.19619e-05	6.95061e-05 0.00012 18
rVSVOmicron	368	A	148738	0.999898	3.87171e-05	2.42802e-05	3.91546e-05 0.000102 15
rVSVOmicron	369	C	149549	6.21421e-05	0.00010476	0.999794	3.92587e-05 0.000206 31
rVSVOmicron	370	G	148698	8.95132e-05	2.24307e-05	0	0.999888 0.000112 17
rVSVOmicron	371	T	147920	1.63832e-05	0.9999	4.09581e-05	4.27292e-05 0.0001 15
rVSVOmicron	372	G	147972	8.96723e-05	0.000103387	4.74736e-05	0.999759 0.000241 36
rVSVOmicron	373	G	147151	4.0978e-05	6.25231e-05	7.81539e-06	0.999889 0.000111 16
rVSVOmicron	374	T	146982	0.00557159	0.994364	3.22246e-05	3.22246e-05 0.005636 828
rVSVOmicron	375	G	147995	2.51512e-05	5.57518e-05	0.00527672	0.994642 0.005358 793
rVSVOmicron	376	A	147560	0.999945	1.56302e-05	7.81508e-06	3.12603e-05 5.5e-05 8
rVSVOmicron	377	T	147803	8.03554e-06	0.999937	4.01777e-05	1.45508e-05 6.3e-05 9
rVSVOmicron	378	T	149527	2.96332e-05	0.999783	0.000182566	4.55896e-06 0.000217 32
rVSVOmicron	379	A	151768	0.999588	3.24367e-05	2.10735e-05	0.000358663 0.000412 63
rVSVOmicron	380	A	152137	0.999546	5.80248e-05	9.10354e-05	0.000304682 0.000454 69
rVSVOmicron	381	G	152340	0.000144914	0.000107244	2.28486e-05	0.999725 0.000275 42
rVSVOmicron	382	G	147912	3.02077e-05	2.19113e-05	7.87103e-06	0.99994 6e-05 9
rVSVOmicron	383	T	148101	1.55521e-05	0.99993	3.88803e-05	1.55521e-05 7e-05 10
rVSVOmicron	384	G	149281	0.000109926	3.08712e-05	2.31534e-05	0.999836 0.000164 24
rVSVOmicron	385	T	149530	0	0.999937	6.32086e-05	0 6.3e-05 9
rVSVOmicron	386	G	149545	0.000194784	7.81219e-05	1.54161e-05	0.999712 0.000288 43
rVSVOmicron	387	C	149708	8.88443e-05	0.000731968	0.99917	9.66156e-06 0.00083 124
rVSVOmicron	388	G	150152	0.000138523	0.00011502	1.53915e-05	0.999731 0.000269 40
rVSVOmicron	389	A	149542	0.999866	6.52094e-05	0	6.91427e-05 0.000134 20
rVSVOmicron	390	G	150078	8.63488e-05	3.84003e-05	7.45173e-05	0.999801 0.000199 30
rVSVOmicron	391	T	150385	7.93056e-05	0.999858	3.31143e-05	2.95287e-05 0.000142 21
rVSVOmicron	392	T	150725	7.62665e-06	0.999909	8.38932e-05	0 9.1e-05 14
rVSVOmicron	393	C	149848	7.40142e-05	0.000219301	0.999699	7.80207e-06 0.000301 45
rVSVOmicron	394	C	150314	0.000103906	0.000152298	0.999711	3.28897e-05 0.000289 43
rVSVOmicron	395	A	149992	0.999624	2.30792e-05	2.30792e-05	0.000329554 0.000376 56
rVSVOmicron	396	G	150609	0.000156062	1.53981e-05	0	0.999829 0.000171 26
rVSVOmicron	397	T	150656	0.00106038	0.998792	3.1564e-05	0.000116019 0.001208 182
rVSVOmicron	398	T	151133	5.21675e-06	0.998944	0.00104335	7.09478e-06 0.001056 160
rVSVOmicron	399	C	149253	4.98951e-05	0.00013501	0.999792	2.32704e-05 0.000208 31
rVSVOmicron	400	T	149729	2.01473e-05	0.999748	0.000232213	0 0.000252 38
rVSVOmicron	401	G	151611	0.000263314	4.78188e-05	0	0.999689 0.000311 47
rVSVOmicron	402	C	152364	6.27821e-05	0.000182583	0.999732	2.28486e-05 0.000268 41
rVSVOmicron	403	A	152304	0.999884	7.57719e-06	1.51544e-05	9.27694e-05 0.000116 18
rVSVOmicron	404	A	153311	0.999844	4.78113e-05	4.36718e-05	6.45763e-05 0.000156 24
rVSVOmicron	405	C	153436	4.53287e-05	0.000257475	0.999682	1.51096e-05 0.000318 49
rVSVOmicron	406	G	154544	0.00029502	5.44903e-05	7.3196e-06	0.999643 0.000357 55
rVSVOmicron	407	A	154545	0.999962	2.43331e-05	0	1.3586e-05 3.8e-05 6
rVSVOmicron	408	C	154732	6.57355e-05	0.00034358	0.999289	0.00030173 0.000711 110
rVSVOmicron	409	C	156488	6.94291e-05	0.000100377	0.999823	7.53336e-06 0.000177 28
rVSVOmicron	410	C	154998	0.000125937	8.28048e-05	0.999784	7.52771e-06 0.000216 33
rVSVOmicron	411	T	154842	4.30956e-05	0.999736	0.00020574	1.53321e-05 0.000264 41
rVSVOmicron	412	T	155971	0	0.999843	7.61401e-05	8.10046e-05 0.000157 24
rVSVOmicron	413	T	156290	2.69212e-05	0.999276	0.000189252	0.000507485 0.000724 113
rVSVOmicron	414	C	157958	4.70593e-05	0.000186835	0.999766	0 0.000234 37
rVSVOmicron	415	C	157251	0.000122235	0.00014047	0.999708	2.9657e-05 0.000292 46
rVSVOmicron	416	T	157225	7.47452e-06	0.99962	0.000372716	0 0.00038 60
rVSVOmicron	417	G	159152	0.000174052	0.000101547	3.14455e-05	0.999693 0.000307 49
rVSVOmicron	418	G	159556	7.51654e-05	2.53857e-05	1.46761e-05	0.999885 0.000115 18
rVSVOmicron	419	A	159190	0.999855	3.07114e-05	7.04211e-06	0.000107197 0.000145 23
rVSVOmicron	420	T	159452	2.35443e-05	0.99987	7.14177e-05	3.4924e-05 0.00013 21
rVSVOmicron	421	C	160522	5.01731e-05	3.78738e-05	0.999905	7.22336e-06 9.5e-05 15
rVSVOmicron	422	A	160105	0.999815	7.72516e-05	7.19977e-06	0.000100602 0.000185 30
rVSVOmicron	423	C	160941	5.22029e-05	4.20739e-05	0.999906	0 9.4e-05 15
rVSVOmicron	424	A	160780	0.999806	2.17832e-05	0	0.000172303 0.000194 31
rVSVOmicron	425	A	160129	0.999783	0	1.45877e-05	0.000202848 0.000217 35
rVSVOmicron	426	G	160464	6.89627e-05	5.22262e-05	7.46088e-06	0.999871 0.000129 21
rVSVOmicron	427	A	161280	0.999949	7.27974e-06	5.90249e-06	3.79727e-05 5.1e-05 8
rVSVOmicron	428	A	161347	0.999953	0	1.4492e-05	3.2509e-05 4.7e-05 8
rVSVOmicron	429	C	161712	1.43604e-05	8.94614e-05	0.999889	7.1802e-06 0.000111 18
rVSVOmicron	430	A	161582	0.99988	7.20675e-06	2.8827e-05	8.35594e-05 0.00012 19
rVSVOmicron	431	A	161596	0.999891	2.84847e-05	4.21336e-05	3.83752e-05 0.000109 18
rVSVOmicron	432	C	162531	6.70422e-05	6.62672e-05	0.99986	7.16926e-06 0.00014 23
rVSVOmicron	433	A	162447	0.999756	2.22124e-05	0.000102457	0.000119467 0.000244 40
rVSVOmicron	434	A	161860	0.999844	2.07783e-05	5.8057e-05	7.72057e-05 0.000156 25
rVSVOmicron	435	G	162315	5.43007e-05	2.22876e-05	2.24902e-05	0.999901 9.9e-05 16
rVSVOmicron	436	T	162625	2.19506e-05	0.999886	9.17573e-05	0 0.000114 19
rVSVOmicron	437	C	162191	2.16138e-05	3.63504e-05	0.999942	0 5.8e-05 9
rVSVOmicron	438	T	161961	0	0.99981	0.00016759	2.20147e-05 0.00019 31
rVSVOmicron	439	T	163239	0	0.999905	7.91923e-05	1.61498e-05 9.5e-05 16
rVSVOmicron	440	G	164183	0.000103009	8.38762e-05	2.14522e-05	0.999792 0.000208 34
rVSVOmicron	441	G	164149	7.29105e-05	9.96508e-05	1.59672e-05	0.999811 0.000189 31
rVSVOmicron	442	A	163978	0.99975	3.85611e-05	0	0.000211895 0.00025 41
rVSVOmicron	443	T	164281	7.0585e-06	0.999917	3.70094e-05	3.85356e-05 8.3e-05 14
rVSVOmicron	444	G	165230	7.60838e-05	7.91502e-05	4.96365e-05	0.999795 0.000205 34
rVSVOmicron	445	G	165306	3.7025e-05	5.64917e-05	2.11844e-05	0.999885 0.000115 19
rVSVOmicron	446	A	164756	0.999675	2.09818e-05	6.99392e-06	0.00029658 0.000325 54
rVSVOmicron	447	G	165520	0.000141893	3.50002e-05	7.00005e-06	0.999816 0.000184 30
rVSVOmicron	448	T	165616	3.70016e-05	0.999263	0.000693304	7.05701e-06 0.000737 122
rVSVOmicron	449	C	164507	9.35897e-05	0.000119948	0.999739	4.69859e-05 0.000261 43
rVSVOmicron	450	T	164353	3.68014e-05	0.999645	0.000311484	7.01882e-06 0.000355 58
rVSVOmicron	451	G	165936	0.00017427	0.000106488	3.66289e-05	0.999683 0.000317 53
rVSVOmicron	452	A	165274	0.999685	3.81336e-05	2.80784e-05	0.000249101 0.000315 52
rVSVOmicron	453	G	165928	6.59049e-05	9.08317e-05	6.98706e-06	0.999836 0.000164 27
rVSVOmicron	454	T	166222	4.97381e-05	0.999892	4.41904e-05	1.41562e-05 0.000108 18
rVSVOmicron	455	T	166258	0	0.999958	3.51993e-05	7.03986e-06 4.2e-05 7
rVSVOmicron	456	C	167021	5.18452e-05	9.52373e-05	0.99982	3.32485e-05 0.00018 30
rVSVOmicron	457	A	166148	0.999779	6.96668e-06	6.96668e-06	0.000207494 0.000221 37
rVSVOmicron	458	G	166363	4.89046e-05	9.00675e-05	5.92897e-05	0.999802 0.000198 33
rVSVOmicron	459	A	167029	0.999772	1.57053e-05	6.39567e-05	0.000148728 0.000228 38
rVSVOmicron	460	G	167398	0.0022686	4.36089e-05	2.96991e-05	0.997658 0.002342 392
rVSVOmicron	461	T	167765	1.55053e-05	0.997883	5.69773e-05	0.00204427 0.002117 355
rVSVOmicron	462	G	167938	9.84095e-05	3.4546e-05	2.24082e-05	0.999845 0.000155 26
rVSVOmicron	463	T	164749	7.02098e-06	0.999776	0.000203419	1.38522e-05 0.000224 37
rVSVOmicron	464	A	164531	0.999179	2.11191e-05	2.11191e-05	0.000778745 0.000821 135
rVSVOmicron	465	C	164818	0.000734271	0.000167522	0.999091	7.06765e-06 0.000909 150
rVSVOmicron	466	T	160728	1.44506e-05	0.99919	0.000787947	7.22528e-06 0.00081 130
rVSVOmicron	467	C	160659	0.000177737	3.94324e-05	0.999768	1.43744e-05 0.000232 37
rVSVOmicron	468	T	160550	7.30774e-06	0.99942	0.000405086	0.000167683 0.00058 93
rVSVOmicron	469	A	161454	0.999788	7.28597e-06	2.18579e-05	0.000183331 0.000212 34
rVSVOmicron	470	G	161919	0.000135209	0.000256718	0	0.999608 0.000392 63
rVSVOmicron	471	C	161417	0.000102694	0.000198749	0.999691	7.22369e-06 0.000309 50
rVSVOmicron	472	G	161716	0.000377868	0.000102595	1.44061e-05	0.999505 0.000495 80
rVSVOmicron	473	C	162179	4.66137e-05	5.22697e-05	0.999894	7.21635e-06 0.000106 17
rVSVOmicron	474	C	162730	6.02717e-05	5.87312e-05	0.999866	1.50198e-05 0.000134 22
rVSVOmicron	475	A	162066	0.999804	2.87296e-05	7.1824e-06	0.000160342 0.000196 32
rVSVOmicron	476	A	161888	0.999924	1.29687e-05	7.16184e-06	5.53591e-05 7.6e-05 12
rVSVOmicron	477	C	162688	6.56705e-05	0.000122316	0.999806	5.56855e-06 0.000194 32
rVSVOmicron	478	A	162617	0.999836	4.90852e-05	8.61416e-05	2.87139e-05 0.000164 27
rVSVOmicron	479	A	162931	0.999847	3.641e-05	3.46387e-05	8.18733e-05 0.000153 25
rVSVOmicron	480	C	161857	2.13965e-05	8.01888e-05	0.999898	0 0.000102 17
rVSVOmicron	481	T	162812	4.34552e-05	0.999601	0.000341182	1.44851e-05 0.000399 65
rVSVOmicron	482	G	165481	0.000523226	0.000203859	2.83031e-05	0.999245 0.000755 125
rVSVOmicron	483	C	168170	3.60217e-05	0.000178066	0.999765	2.06104e-05 0.000235 40
rVSVOmicron	484	A	170523	0.999817	2.71176e-05	0	0.000155743 0.000183 31
rVSVOmicron	485	C	173276	1.98702e-05	0.000167994	0.999812	0 0.000188 33
rVSVOmicron	486	C	161536	8.11304e-05	0.000129071	0.999777	1.28101e-05 0.000223 36
rVSVOmicron	487	T	161738	6.34339e-05	0.999706	0.000161236	6.89328e-05 0.000294 48
rVSVOmicron	488	T	162502	0	0.999768	0.000217659	1.40861e-05 0.000232 38
rVSVOmicron	489	C	163398	5.26885e-05	0.000223399	0.999694	2.98888e-05 0.000306 50
rVSVOmicron	490	G	164246	6.68544e-05	6.22832e-05	3.52367e-05	0.999836 0.000164 27
rVSVOmicron	491	A	163792	0.999911	7.04055e-06	0	8.20129e-05 8.9e-05 15
rVSVOmicron	492	G	164572	7.8393e-05	7.24512e-05	2.12754e-05	0.999828 0.000172 28
rVSVOmicron	493	T	164790	1.41613e-05	0.999914	6.48741e-05	7.08065e-06 8.6e-05 14
rVSVOmicron	494	A	163821	0.99986	7.03916e-06	4.56594e-06	0.000128037 0.00014 23
rVSVOmicron	495	C	163036	5.18917e-05	0.000435313	0.998992	0.000520838 0.001008 164
rVSVOmicron	496	G	161888	0.000218008	6.19561e-05	1.68443e-05	0.999703 0.000297 48
rVSVOmicron	497	T	162225	5.82566e-06	0.999909	4.48576e-05	4.01971e-05 9.1e-05 15
rVSVOmicron	498	G	163449	0.000127803	3.71166e-05	1.41579e-05	0.999821 0.000179 29
rVSVOmicron	499	T	163650	7.60344e-05	0.999741	0.000153209	2.96534e-05 0.000259 42
rVSVOmicron	500	C	164625	5.52257e-05	0.000186697	0.999735	2.29311e-05 0.000265 44
rVSVOmicron	501	C	165448	0.000134871	0.000147973	0.999717	0 0.000283 47
rVSVOmicron	502	C	165696	0.000108775	0.000124532	0.999737	2.98041e-05 0.000263 44
rVSVOmicron	503	A	164522	0.999739	1.64743e-05	5.09377e-05	0.000193904 0.000261 43
rVSVOmicron	504	G	165418	0.00038697	7.96424e-05	9.5266e-06	0.999524 0.000476 79
rVSVOmicron	505	C	166747	0.000104075	0.000182322	0.999714	0 0.000286 48
rVSVOmicron	506	C	161299	8.31049e-05	3.61751e-05	0.999873	7.23501e-06 0.000127 20
rVSVOmicron	507	T	161546	5.64138e-05	0.999651	0.000260569	3.21519e-05 0.000349 56
rVSVOmicron	508	T	162578	0	0.999813	0.000129285	5.72277e-05 0.000187 30
rVSVOmicron	509	T	162716	4.98271e-05	0.999833	0.000117546	0 0.000167 27
rVSVOmicron	510	C	163981	8.53967e-05	0.000388603	0.999505	2.13012e-05 0.000495 81
rVSVOmicron	511	C	162453	0.000124026	0.000237765	0.999624	1.4363e-05 0.000376 61
rVSVOmicron	512	T	162159	3.01617e-05	0.999663	0.000282476	2.39747e-05 0.000337 55
rVSVOmicron	513	C	163367	9.76261e-05	9.03662e-05	0.999812	0 0.000188 31
rVSVOmicron	514	A	163213	0.999614	3.15313e-05	2.63096e-05	0.000328367 0.000386 63
rVSVOmicron	515	T	164721	2.13806e-05	0.999843	0.000101317	3.40934e-05 0.000157 26
rVSVOmicron	516	G	166531	9.18613e-05	0.00199517	1.41325e-05	0.997899 0.002101 350
rVSVOmicron	517	G	168069	9.8171e-05	4.64825e-05	0	0.999855 0.000145 24
rVSVOmicron	518	A	170059	0.999826	2.11344e-05	1.34823e-05	0.000139742 0.000174 30
rVSVOmicron	519	C	172047	1.70468e-05	0.00014224	0.999834	6.78205e-06 0.000166 29
rVSVOmicron	520	C	139441	5.8183e-05	0.000151186	0.999782	8.31186e-06 0.000218 30
rVSVOmicron	521	T	139735	3.12112e-05	0.99956	0.000400357	8.30802e-06 0.00044 61
rVSVOmicron	522	G	139205	0.000135527	8.61627e-05	3.5228e-05	0.999743 0.000257 36
rVSVOmicron	523	G	139921	6.78548e-05	3.29263e-05	8.23156e-05	0.999817 0.000183 26
rVSVOmicron	524	A	139262	0.999555	6.15639e-05	1.65663e-05	0.000366697 0.000445 62
