rVSVOmicron	8	T	10279	0.000941206	0.998942	0.000116861	0 0.001058 11
rVSVOmicron	9	G	11153	0.000386383	0	0.000104585	0.999509 0.000491 5
rVSVOmicron	10	T	11696	0	0.999894	0.000105567	0 0.000106 1
rVSVOmicron	12	C	13037	0	9.07241e-05	0.999853	5.6396e-05 0.000147 2
rVSVOmicron	13	C	13735	0.000171282	0.000136562	0.999692	0 0.000308 4
rVSVOmicron	14	T	14125	0	0.999917	8.29924e-05	0 8.3e-05 1
rVSVOmicron	15	C	15126	0	7.72557e-05	0.999923	0 7.7e-05 1
rVSVOmicron	16	G	16111	0.000145494	7.2747e-05	0	0.999782 0.000218 4
rVSVOmicron	17	T	16862	0	0.999931	6.88913e-05	0 6.9e-05 1
rVSVOmicron	18	G	17795	0.00010958	0	0	0.99989 0.00011 2
rVSVOmicron	19	C	18561	0	0.000248839	0.999718	3.36268e-05 0.000282 5
rVSVOmicron	20	T	19364	3.21054e-05	0.999968	0	0 3.2e-05 1
rVSVOmicron	21	C	20499	9.77234e-05	0.000181704	0.999664	5.64963e-05 0.000336 7
rVSVOmicron	23	T	22076	0.000104207	0.999427	0.000468932	0 0.000573 13
rVSVOmicron	24	G	23058	0.000292196	0	0	0.999708 0.000292 7
rVSVOmicron	25	C	23922	0.000107017	0.000137034	0.999756	0 0.000244 6
rVSVOmicron	26	C	24375	4.74187e-05	4.74187e-05	0.999905	0 9.5e-05 2
rVSVOmicron	27	T	24958	4.6334e-05	0.999732	0.000221652	0 0.000268 7
rVSVOmicron	28	C	25428	0	9.02125e-05	0.99991	0 9e-05 2
rVSVOmicron	29	T	26236	0.00183212	0.997843	0.000236595	8.79799e-05 0.002157 57
rVSVOmicron	30	G	27759	0.00081692	9.33944e-05	0	0.99909 0.00091 25
rVSVOmicron	31	G	27851	0.000124378	0	0	0.999876 0.000124 3
rVSVOmicron	32	T	28547	0	0.999888	0.00011245	0 0.000112 3
rVSVOmicron	33	G	29483	0.000163658	7.81334e-05	0	0.999758 0.000242 7
rVSVOmicron	34	T	29912	0	0.99997	3.02978e-05	0 3e-05 1
rVSVOmicron	35	C	30640	3.73994e-05	0	0.999963	0 3.7e-05 1
rVSVOmicron	36	T	31561	0	0.999964	3.65047e-05	0 3.6e-05 1
rVSVOmicron	37	A	32946	0.999664	0	6.96273e-05	0.000266277 0.000336 11
rVSVOmicron	38	G	33827	0.000282257	0	0	0.999718 0.000282 10
rVSVOmicron	39	C	34495	3.97699e-05	0.000108464	0.999852	0 0.000148 5
rVSVOmicron	40	C	35430	3.24579e-05	0.00014299	0.999785	3.94758e-05 0.000215 8
rVSVOmicron	41	A	36456	0.999924	0	0	7.6382e-05 7.6e-05 3
rVSVOmicron	42	G	37266	0.000112921	3.09487e-05	0	0.999856 0.000144 5
rVSVOmicron	43	T	37901	6.14052e-05	0.999846	6.14052e-05	3.07026e-05 0.000154 6
rVSVOmicron	44	G	38186	3.03233e-05	0.000111459	0	0.999858 0.000142 5
rVSVOmicron	45	C	39110	8.89334e-05	0.000767551	0.999144	0 0.000856 33
rVSVOmicron	46	G	41113	0.00100184	5.08507e-05	2.80817e-05	0.998919 0.001081 44
rVSVOmicron	47	T	42898	0	0.999842	0.000157505	0 0.000158 7
rVSVOmicron	48	G	45686	0.000109033	9.60858e-05	2.5214e-05	0.99977 0.00023 11
rVSVOmicron	49	A	48526	0.999905	2.38e-05	2.38e-05	4.76001e-05 9.5e-05 5
rVSVOmicron	50	A	50863	0.999774	0	2.35887e-05	0.000202098 0.000226 11
rVSVOmicron	51	C	53108	4.55952e-05	0.000195825	0.999759	0 0.000241 13
rVSVOmicron	52	C	39981	6.48336e-05	0.000231214	0.999675	2.89017e-05 0.000325 13
rVSVOmicron	53	T	40846	0	0.999627	0.000372505	0 0.000373 15
rVSVOmicron	54	G	41957	0.000172536	8.06662e-05	5.52713e-05	0.999692 0.000308 13
rVSVOmicron	55	A	42558	0.99983	2.73267e-05	0	0.000142542 0.00017 7
rVSVOmicron	56	C	43394	0	0.00018853	0.999811	0 0.000189 8
rVSVOmicron	57	C	44314	5.23609e-05	0.000183263	0.999764	0 0.000236 10
rVSVOmicron	58	A	45163	0.999948	0	2.59191e-05	2.59191e-05 5.2e-05 2
rVSVOmicron	59	C	45827	2.52224e-05	0.000112478	0.999862	0 0.000138 6
rVSVOmicron	60	A	46714	0.999621	5.54318e-05	7.41317e-05	0.000249109 0.000379 18
rVSVOmicron	61	C	47619	0	0.000669967	0.99933	0 0.00067 32
rVSVOmicron	62	G	48721	0.000589098	7.69513e-05	0	0.999334 0.000666 32
rVSVOmicron	63	G	49004	0.000862921	4.36922e-05	7.13211e-05	0.999022 0.000978 48
rVSVOmicron	65	C	49600	2.34146e-05	2.34146e-05	0.99993	2.34146e-05 7e-05 3
rVSVOmicron	66	C	50546	2.33421e-05	0.000306601	0.99967	0 0.00033 17
rVSVOmicron	67	C	51541	6.84085e-05	6.84085e-05	0.999863	0 0.000137 7
rVSVOmicron	68	A	52528	0.999797	4.46084e-05	0	0.000158541 0.000203 11
rVSVOmicron	69	G	53247	0.000498888	2.18707e-05	0.000448054	0.999031 0.000969 52
rVSVOmicron	70	C	53760	0.00019117	0.000216815	0.999592	0 0.000408 22
rVSVOmicron	71	T	54625	6.25747e-05	0.999839	7.69267e-05	2.1241e-05 0.000161 9
rVSVOmicron	72	C	55852	0.000123488	0.000112823	0.999722	4.15367e-05 0.000278 16
rVSVOmicron	73	C	57208	5.83011e-05	0.000154359	0.999787	0 0.000213 12
rVSVOmicron	74	C	57458	7.53926e-05	0.000208568	0.999696	2.03615e-05 0.000304 17
rVSVOmicron	75	T	58182	0	0.999692	0.000287538	1.99604e-05 0.000308 18
rVSVOmicron	76	C	59239	0	0.000281129	0.999699	1.9589e-05 0.000301 18
rVSVOmicron	77	C	60124	0	0.000162827	0.999779	5.86812e-05 0.000221 13
rVSVOmicron	78	C	61283	0.000150239	0.000330007	0.999501	1.91684e-05 0.000499 31
rVSVOmicron	79	G	62356	0.00109657	8.27504e-05	5.58438e-05	0.998765 0.001235 77
rVSVOmicron	80	C	64131	0	0.0003023	0.999698	0 0.000302 19
rVSVOmicron	81	C	63378	1.84213e-05	0.000219064	0.999744	1.84213e-05 0.000256 16
rVSVOmicron	82	T	64138	3.65859e-05	0.999721	0.000242258	0 0.000279 18
rVSVOmicron	83	A	65397	0.999977	0	0	2.25925e-05 2.3e-05 2
rVSVOmicron	84	C	66309	5.98461e-05	0.00016244	0.999778	0 0.000222 15
rVSVOmicron	85	A	67145	0.999943	2.17673e-05	0	3.50169e-05 5.7e-05 4
rVSVOmicron	86	C	68045	5.13964e-05	0.000172711	0.999776	0 0.000224 15
rVSVOmicron	87	A	69016	0.999917	0	1.71796e-05	6.59327e-05 8.3e-05 6
rVSVOmicron	88	A	69784	0.999956	0	0	4.35147e-05 4.4e-05 3
rVSVOmicron	89	A	67435	0.99995	0	1.85699e-05	3.1619e-05 5e-05 3
rVSVOmicron	90	C	68011	6.11039e-05	6.95644e-05	0.999765	0.000104347 0.000235 16
rVSVOmicron	91	T	68581	0	0.999805	0.000177671	1.71193e-05 0.000195 13
rVSVOmicron	92	C	69272	0	8.85786e-05	0.999911	0 8.9e-05 6
rVSVOmicron	93	T	69867	0	0.999809	0.000174361	1.7022e-05 0.000191 13
rVSVOmicron	94	T	70988	0	0.999229	0.000754392	1.70094e-05 0.000771 55
rVSVOmicron	95	T	71922	0	0.999918	8.22903e-05	0 8.2e-05 6
rVSVOmicron	96	C	73181	1.60719e-05	0.000289293	0.999663	3.21437e-05 0.000337 25
rVSVOmicron	97	A	74133	0.9999	1.59734e-05	3.19468e-05	5.18056e-05 0.0001 7
rVSVOmicron	98	C	74982	3.14734e-05	0.000117813	0.999835	1.57367e-05 0.000165 12
rVSVOmicron	99	C	75615	3.16015e-05	0.000150748	0.999802	1.58008e-05 0.000198 15
rVSVOmicron	100	C	76581	0.000106614	0.000152547	0.99971	3.11837e-05 0.00029 22
rVSVOmicron	101	G	77612	0.000356319	0.000117117	0.000508199	0.999018 0.000982 76
rVSVOmicron	102	G	78355	0.000118214	6.11738e-05	4.4227e-05	0.999776 0.000224 18
rVSVOmicron	103	G	79082	8.68631e-05	6.46328e-05	0	0.999848 0.000152 12
rVSVOmicron	104	G	79542	8.20151e-05	1.46893e-05	3.06027e-05	0.999873 0.000127 10
rVSVOmicron	105	C	80462	4.72533e-05	0.000400263	0.999487	6.55193e-05 0.000513 41
rVSVOmicron	106	G	81241	0.00065543	1.45739e-05	0	0.99933 0.00067 54
rVSVOmicron	107	T	81979	0	0.999971	2.93355e-05	0 2.9e-05 2
rVSVOmicron	108	G	83194	0.00033203	2.92741e-05	2.85038e-05	0.99961 0.00039 32
rVSVOmicron	109	T	83953	2.55899e-05	0.999791	0.000155449	2.82635e-05 0.000209 18
rVSVOmicron	110	A	84942	0.999803	1.41427e-05	2.56097e-05	0.00015748 0.000197 17
rVSVOmicron	111	C	85561	2.76384e-05	9.7108e-05	0.999875	0 0.000125 11
rVSVOmicron	112	T	86296	1.37541e-05	0.999642	0.000316345	2.75082e-05 0.000358 31
rVSVOmicron	113	A	87512	0.999928	0	1.70622e-05	5.48957e-05 7.2e-05 6
rVSVOmicron	114	C	88192	1.34925e-05	0.000184519	0.999802	0 0.000198 17
rVSVOmicron	115	C	89182	4.33036e-05	7.38709e-05	0.999883	0 0.000117 10
rVSVOmicron	116	C	89926	5.93053e-05	7.01538e-05	0.999871	0 0.000129 12
rVSVOmicron	117	C	90892	0.000118397	0.000301896	0.99958	0 0.00042 38
rVSVOmicron	118	G	91963	0.000239592	1.29604e-05	0	0.999747 0.000253 23
rVSVOmicron	119	A	93205	0.999931	0	1.27643e-05	5.58871e-05 6.9e-05 6
rVSVOmicron	120	C	94953	2.50041e-05	9.02175e-05	0.999885	0 0.000115 11
rVSVOmicron	121	A	97190	0.999728	0	3.73879e-05	0.000234769 0.000272 26
rVSVOmicron	122	A	99979	0.999771	0	4.86692e-05	0.000180207 0.000229 23
rVSVOmicron	123	G	102312	0.000697946	1.17063e-05	0	0.99929 0.00071 73
rVSVOmicron	124	G	95273	4.0938e-05	1.26226e-05	0	0.999946 5.4e-05 5
rVSVOmicron	125	T	95932	0	0.999975	2.4944e-05	0 2.5e-05 2
rVSVOmicron	126	G	97142	0.000165905	6.36304e-05	0	0.99977 0.00023 22
rVSVOmicron	127	T	97697	2.81086e-05	0.999894	7.78913e-05	0 0.000106 10
rVSVOmicron	128	T	98631	0.000632507	0.999328	3.93268e-05	0 0.000672 66
rVSVOmicron	129	C	99739	6.43548e-05	7.50806e-05	0.999846	1.49511e-05 0.000154 15
rVSVOmicron	130	C	100647	0.000699259	0.00016649	0.99911	2.39229e-05 0.00089 90
rVSVOmicron	131	G	102339	0.000194421	4.70169e-05	3.81218e-05	0.99972 0.00028 29
rVSVOmicron	132	G	101903	0.000153507	3.28034e-05	0	0.999814 0.000186 19
rVSVOmicron	133	T	98756	0	0.999134	0.000866099	0 0.000866 86
rVSVOmicron	134	C	99216	0	9.30592e-05	0.999907	0 9.3e-05 9
rVSVOmicron	135	T	99967	1.19783e-05	0.999703	0.000272912	1.19783e-05 0.000297 30
rVSVOmicron	136	A	101776	0.999648	1.19819e-05	0	0.000340027 0.000352 36
rVSVOmicron	137	G	101664	0.000123943	9.39359e-05	3.68568e-05	0.999745 0.000255 26
rVSVOmicron	138	C	102493	5.24571e-05	0.00042379	0.999512	1.17631e-05 0.000488 50
rVSVOmicron	139	G	102909	0.000458047	7.0177e-05	0	0.999472 0.000528 54
rVSVOmicron	140	T	103559	1.57067e-05	0.999741	0.000154554	8.85857e-05 0.000259 27
rVSVOmicron	141	G	104750	0.000146237	4.40885e-05	9.90438e-05	0.999711 0.000289 30
rVSVOmicron	142	C	105415	5.99364e-05	0.000284852	0.999655	0 0.000345 36
rVSVOmicron	143	T	106111	2.27384e-05	0.999767	0.000210177	0 0.000233 25
rVSVOmicron	144	C	107492	1.72864e-05	6.42934e-05	0.999908	1.03112e-05 9.2e-05 10
rVSVOmicron	145	C	108370	0.000129443	0.000147505	0.999678	4.45526e-05 0.000322 35
rVSVOmicron	146	A	107891	0.999865	1.11385e-05	7.94744e-05	4.45538e-05 0.000135 15
rVSVOmicron	147	C	107698	3.57017e-05	0.000144007	0.99982	0 0.00018 19
rVSVOmicron	148	T	107905	1.11103e-05	0.999854	0.000123414	1.11103e-05 0.000146 16
rVSVOmicron	149	C	108080	6.21893e-05	3.55367e-05	0.999891	1.09572e-05 0.000109 12
rVSVOmicron	150	T	108354	2.20201e-05	0.999725	0.000217226	3.57083e-05 0.000275 30
rVSVOmicron	151	A	108940	0.999826	0	0	0.000173647 0.000174 19
rVSVOmicron	152	C	109763	4.3333e-05	0.000148737	0.999765	4.3333e-05 0.000235 26
rVSVOmicron	153	A	109700	0.999804	1.35868e-05	0	0.000182536 0.000196 22
rVSVOmicron	154	C	110575	2.40231e-05	0.00017916	0.999762	3.47322e-05 0.000238 26
rVSVOmicron	155	A	110290	0.999615	0	3.25885e-05	0.000352014 0.000385 42
rVSVOmicron	156	G	110761	0.000126325	6.72373e-05	2.12482e-05	0.999785 0.000215 24
rVSVOmicron	157	G	113028	0.00211619	2.36621e-05	0	0.99786 0.00214 242
rVSVOmicron	158	A	114467	0.999892	0	0	0.000107949 0.000108 12
rVSVOmicron	159	C	116768	0.000304977	0.000201661	0.988351	0.0111422 0.011649 1360
rVSVOmicron	160	C	105874	5.60249e-05	0.000222888	0.999721	0 0.000279 30
rVSVOmicron	161	T	105840	2.22897e-05	0.999465	0.000440674	7.19898e-05 0.000535 57
rVSVOmicron	162	G	106843	0.000149161	8.34339e-05	0.000364348	0.999403 0.000597 64
rVSVOmicron	163	T	107095	3.56923e-05	0.987283	2.95828e-05	0.0126518 0.012717 1362
rVSVOmicron	164	T	107637	0.000333012	0.988031	8.09132e-05	0.0115552 0.011969 1288
rVSVOmicron	165	C	109233	2.18256e-05	0.000182273	0.999796	0 0.000204 22
rVSVOmicron	166	C	106169	5.85104e-05	0.00020931	0.999732	0 0.000268 28
rVSVOmicron	167	T	106496	2.52734e-05	0.999674	0.000300307	0 0.000326 35
rVSVOmicron	168	C	107648	3.29464e-05	7.0345e-05	0.999861	3.56177e-05 0.000139 15
rVSVOmicron	169	C	108306	0.000208318	0.000163765	0.999614	1.38477e-05 0.000386 42
rVSVOmicron	170	C	108243	0.000303961	0.000213635	0.999436	4.63519e-05 0.000564 61
rVSVOmicron	171	T	108250	2.20857e-05	0.999636	0.000239959	0.000102072 0.000364 39
rVSVOmicron	172	T	108815	4.56277e-05	0.999794	0.0001375	2.28139e-05 0.000206 22
rVSVOmicron	173	T	109063	0	0.99991	9.02532e-05	0 9e-05 10
rVSVOmicron	174	C	108908	6.49942e-05	0.000338087	0.999597	0 0.000403 44
rVSVOmicron	175	T	108966	2.44901e-05	0.999907	3.54074e-05	3.27518e-05 9.3e-05 10
rVSVOmicron	176	T	109870	1.07436e-05	0.999818	0.000171027	0 0.000182 20
rVSVOmicron	177	C	110549	1.3174e-05	0.000103101	0.999884	0 0.000116 13
rVSVOmicron	178	A	110297	0.999858	1.07118e-05	0	0.000131148 0.000142 16
rVSVOmicron	179	G	110728	9.32173e-05	7.45163e-05	0	0.999832 0.000168 19
rVSVOmicron	180	C	111607	5.44123e-05	0.00010797	0.999827	1.05406e-05 0.000173 19
rVSVOmicron	181	A	111954	0.999916	2.08795e-05	0	6.26385e-05 8.4e-05 9
rVSVOmicron	182	A	112094	0.999901	0	2.13536e-05	7.73346e-05 9.9e-05 11
rVSVOmicron	183	C	112993	0	0.000252423	0.999737	1.03774e-05 0.000263 30
rVSVOmicron	184	G	112508	0.000174721	1.04776e-05	1.04776e-05	0.999804 0.000196 22
rVSVOmicron	185	T	112992	0	0.999911	7.8222e-05	1.04484e-05 8.9e-05 10
rVSVOmicron	186	G	114095	0.000125662	3.33616e-05	4.1146e-05	0.9998 0.0002 23
rVSVOmicron	187	A	114297	0.999818	2.10672e-05	1.27512e-05	0.000148579 0.000182 21
rVSVOmicron	188	C	115235	3.36321e-05	0.00232806	0.997638	0 0.002362 272
rVSVOmicron	189	A	113386	0.999804	0	3.12838e-05	0.00016431 0.000196 22
rVSVOmicron	190	T	113827	8.27288e-05	0.998837	0.000883465	0.00019676 0.001163 132
rVSVOmicron	191	G	114803	4.36685e-05	4.89533e-05	0	0.999907 9.3e-05 11
rVSVOmicron	192	G	114387	0.000143525	7.21804e-05	1.03115e-05	0.999774 0.000226 26
rVSVOmicron	193	T	114584	1.31542e-05	0.999842	0.000126395	1.88734e-05 0.000158 18
rVSVOmicron	194	T	115032	3.05378e-05	0.999896	6.57527e-05	7.70324e-06 0.000104 12
rVSVOmicron	195	C	115941	4.06878e-05	9.37468e-05	0.999866	0 0.000134 16
rVSVOmicron	196	C	116583	5.54198e-05	0.000120668	0.999824	0 0.000176 21
rVSVOmicron	197	A	116391	0.999804	2.01979e-05	2.4838e-05	0.000150938 0.000196 23
rVSVOmicron	198	C	116803	2.01052e-05	0.000229852	0.99975	0 0.00025 29
rVSVOmicron	199	G	116953	0.000482292	5.03522e-05	0	0.999467 0.000533 62
rVSVOmicron	200	T	117061	0	0.999895	9.44436e-05	1.02176e-05 0.000105 12
rVSVOmicron	201	G	117751	9.96508e-05	1.72369e-05	1.99302e-05	0.999863 0.000137 16
rVSVOmicron	202	A	117537	0.999948	0	0	5.20437e-05 5.2e-05 6
rVSVOmicron	203	T	116920	1.79371e-05	0.999822	0.000159803	0 0.000178 21
rVSVOmicron	204	C	116190	5.05029e-05	0.000124357	0.999825	0 0.000175 20
rVSVOmicron	205	T	116299	1.00354e-05	0.999839	0.000150802	0 0.000161 19
rVSVOmicron	206	C	116533	3.00241e-05	0.000135514	0.999834	0 0.000166 19
rVSVOmicron	207	T	116825	1.00173e-05	0.999787	0.000193035	1.00173e-05 0.000213 25
rVSVOmicron	208	G	118261	0.000168618	7.26104e-05	0	0.999759 0.000241 29
rVSVOmicron	209	G	118634	0.000426581	1.98785e-05	1.98785e-05	0.999534 0.000466 55
rVSVOmicron	210	C	119280	5.34216e-05	0.000313354	0.999614	1.96677e-05 0.000386 46
rVSVOmicron	211	A	119248	0.999919	1.19293e-05	9.80854e-06	5.88513e-05 8.1e-05 10
rVSVOmicron	212	C	119888	1.97689e-05	3.16302e-05	0.999939	9.75265e-06 6.1e-05 7
rVSVOmicron	213	A	119844	0.999791	3.16831e-05	0.000126468	5.09569e-05 0.000209 25
rVSVOmicron	214	A	119909	0.999862	9.90459e-06	7.38829e-05	5.3806e-05 0.000138 17
rVSVOmicron	215	A	120039	0.999801	1.01972e-05	3.05915e-05	0.00015847 0.000199 24
rVSVOmicron	216	C	120531	3.66828e-05	0.000437573	0.999526	0 0.000474 57
rVSVOmicron	217	G	120805	0.000218144	8.81067e-05	6.36916e-05	0.99963 0.00037 45
rVSVOmicron	218	G	120778	0.000497456	5.12242e-05	4.14547e-05	0.99941 0.00059 71
rVSVOmicron	219	C	120976	6.54073e-05	0.000535817	0.999389	9.68028e-06 0.000611 74
rVSVOmicron	220	A	120911	0.999913	9.68138e-06	2.90441e-05	4.84069e-05 8.7e-05 11
rVSVOmicron	221	C	121578	6.76095e-05	4.3166e-05	0.999889	0 0.000111 13
rVSVOmicron	222	A	121567	0.999633	0	0.000287278	7.9683e-05 0.000367 45
rVSVOmicron	223	A	121919	0.999808	0	0.000128515	6.37265e-05 0.000192 23
rVSVOmicron	224	A	121882	0.999754	9.83184e-06	2.94955e-05	0.000207 0.000246 30
rVSVOmicron	225	G	122363	7.01897e-05	8.14515e-05	0	0.999848 0.000152 19
rVSVOmicron	226	C	123085	4.27508e-05	0.000507859	0.999449	0 0.000551 68
rVSVOmicron	227	G	124139	0.000340385	6.63354e-05	3.7906e-05	0.999555 0.000445 55
rVSVOmicron	228	G	123918	0.00012323	6.64929e-05	2.87537e-05	0.999782 0.000218 27
rVSVOmicron	229	T	123688	9.51462e-06	0.999161	0.000829058	0 0.000839 104
rVSVOmicron	230	T	123718	0.000733872	0.999094	0.00016294	9.49415e-06 0.000906 112
rVSVOmicron	231	C	124326	9.58884e-05	0.000978618	0.998926	0 0.001074 134
rVSVOmicron	232	G	124358	0.000430958	5.65107e-05	5.65107e-05	0.999456 0.000544 68
rVSVOmicron	233	A	124179	0.999879	0	0	0.000121367 0.000121 15
rVSVOmicron	234	C	124934	0	0.000148078	0.999831	2.06153e-05 0.000169 21
rVSVOmicron	235	A	124956	0.999875	9.41853e-06	4.70927e-05	6.82207e-05 0.000125 16
rVSVOmicron	236	A	124550	0.999865	9.4942e-06	3.79768e-05	8.77572e-05 0.000135 17
rVSVOmicron	237	C	124596	9.41854e-06	0.00017997	0.999801	9.41854e-06 0.000199 25
rVSVOmicron	238	C	126258	5.59924e-05	0.000123587	0.999788	3.22839e-05 0.000212 27
rVSVOmicron	239	C	126101	7.48755e-05	0.000333399	0.999571	2.09955e-05 0.000429 54
rVSVOmicron	240	C	126433	8.03875e-05	0.000140929	0.999698	8.08899e-05 0.000302 38
rVSVOmicron	241	G	126792	0.000202652	5.07252e-05	9.20016e-06	0.999737 0.000263 33
rVSVOmicron	242	T	126672	7.61486e-06	0.999878	8.63017e-05	2.8175e-05 0.000122 15
rVSVOmicron	243	G	127411	0.000370177	4.65801e-05	4.33762e-05	0.99954 0.00046 59
rVSVOmicron	244	C	126129	0.000127039	0.000203262	0.99966	9.21656e-06 0.00034 43
rVSVOmicron	245	T	126295	7.40854e-06	0.999654	0.000306467	3.21037e-05 0.000346 44
rVSVOmicron	246	C	127429	3.47866e-05	0.000314559	0.999642	9.12839e-06 0.000358 46
rVSVOmicron	247	C	128432	0.000100934	4.79931e-05	0.999843	7.91639e-06 0.000157 20
rVSVOmicron	248	C	127703	0.000116911	0.000162238	0.999721	0 0.000279 36
rVSVOmicron	249	T	127509	1.83311e-05	0.999673	0.000267287	4.1121e-05 0.000327 42
rVSVOmicron	250	T	128058	2.08398e-05	0.999727	0.000252588	0 0.000273 35
rVSVOmicron	251	T	128251	1.7678e-05	0.999826	0.000100839	5.50258e-05 0.000174 22
rVSVOmicron	252	C	128836	2.92407e-05	0.000128172	0.999814	2.8997e-05 0.000186 24
rVSVOmicron	253	A	128724	0.999753	1.82355e-05	1.82355e-05	0.000210694 0.000247 32
rVSVOmicron	254	A	129024	0.999924	9.20303e-06	9.20303e-06	5.74568e-05 7.6e-05 10
rVSVOmicron	255	C	129784	0.000102309	0.00053562	0.999353	8.90694e-06 0.000647 84
rVSVOmicron	256	G	130100	0.000220335	9.54703e-05	8.98829e-06	0.999675 0.000325 42
rVSVOmicron	257	A	129356	0.999934	1.8016e-05	0	4.82049e-05 6.6e-05 9
rVSVOmicron	258	C	130106	0.000128693	0.000372393	0.99949	8.88366e-06 0.00051 66
rVSVOmicron	259	G	130412	0.000161041	4.67382e-05	2.00998e-05	0.999772 0.000228 30
rVSVOmicron	260	G	130310	0.000118258	8.25393e-05	8.92969e-06	0.99979 0.00021 27
rVSVOmicron	261	C	130392	8.23794e-05	0.00045753	0.999413	4.65936e-05 0.000587 77
rVSVOmicron	262	G	130453	0.000671035	3.95855e-05	8.87675e-06	0.999281 0.000719 94
rVSVOmicron	263	T	130635	4.50936e-05	0.999835	0.000120086	0 0.000165 22
rVSVOmicron	264	G	131318	0.000120909	6.08122e-05	0	0.999818 0.000182 24
rVSVOmicron	265	T	131281	3.56671e-06	0.999803	0.000129828	6.37252e-05 0.000197 26
rVSVOmicron	266	A	131527	0.999775	8.94599e-06	0.000100098	0.000115814 0.000225 30
rVSVOmicron	267	C	131746	3.17503e-05	0.000134402	0.999834	0 0.000166 22
rVSVOmicron	268	T	131512	4.7886e-05	0.999695	0.000211538	4.54177e-05 0.000305 40
rVSVOmicron	269	T	127813	6.38813e-05	0.999222	0.000695788	1.82518e-05 0.000778 99
rVSVOmicron	270	C	128509	3.80744e-05	0.000192555	0.99976	8.97295e-06 0.00024 31
rVSVOmicron	271	G	128820	0.000402038	0.000133036	0	0.999465 0.000535 69
rVSVOmicron	272	C	129199	7.54301e-05	0.000198883	0.999717	8.974e-06 0.000283 37
rVSVOmicron	273	C	129503	8.44146e-05	0.000223251	0.999619	7.37721e-05 0.000381 49
rVSVOmicron	274	A	129029	0.999776	3.82619e-05	1.80343e-05	0.000167914 0.000224 29
rVSVOmicron	275	G	129496	0.000214542	8.90916e-05	1.78183e-05	0.999679 0.000321 42
rVSVOmicron	276	C	130328	6.34098e-05	0.000182063	0.999746	8.88698e-06 0.000254 33
rVSVOmicron	277	A	130393	0.999902	0	4.43978e-05	5.32774e-05 9.8e-05 13
rVSVOmicron	278	T	130892	2.84427e-05	0.999899	5.52123e-05	1.7687e-05 0.000101 13
rVSVOmicron	279	A	130448	0.999685	8.95617e-06	4.47809e-05	0.000261665 0.000315 41
rVSVOmicron	280	G	130752	4.69624e-05	0.000166305	0.000107965	0.999679 0.000321 42
rVSVOmicron	281	A	130689	0.999909	8.8365e-06	0	8.16779e-05 9.1e-05 12
rVSVOmicron	282	G	131447	5.52164e-05	9.7764e-05	8.84418e-06	0.999838 0.000162 21
rVSVOmicron	283	A	132269	0.999877	2.13098e-05	8.85915e-06	9.29014e-05 0.000123 16
rVSVOmicron	284	A	131132	0.999639	1.13921e-05	8.37072e-05	0.000265486 0.000361 47
rVSVOmicron	285	G	131818	0.00014314	4.64432e-05	1.76246e-05	0.999793 0.000207 27
rVSVOmicron	286	T	132283	0	0.999897	8.55321e-05	1.76798e-05 0.000103 14
rVSVOmicron	287	C	131969	9.61055e-05	5.54272e-05	0.999822	2.64052e-05 0.000178 23
rVSVOmicron	288	T	132591	8.73151e-06	0.998437	0.00155468	0 0.001563 207
rVSVOmicron	289	A	133818	0.999782	8.71687e-06	7.84518e-05	0.000130753 0.000218 29
rVSVOmicron	290	A	134070	0.999785	0.000103774	8.7663e-06	0.000102589 0.000215 29
rVSVOmicron	291	C	134985	3.34954e-05	6.60604e-05	0.999875	2.58194e-05 0.000125 17
rVSVOmicron	292	A	132199	0.999908	3.71648e-05	1.75172e-05	3.71648e-05 9.2e-05 12
rVSVOmicron	293	T	132554	8.97536e-06	0.999843	0.000112071	3.59014e-05 0.000157 21
rVSVOmicron	294	T	132981	8.8549e-06	0.999905	8.63952e-05	0 9.5e-05 13
rVSVOmicron	295	A	133070	0.999933	0	2.88226e-05	3.77096e-05 6.7e-05 9
rVSVOmicron	296	T	133241	1.75591e-05	0.999965	1.75591e-05	0 3.5e-05 5
rVSVOmicron	297	C	133657	2.60545e-05	0.000121353	0.999853	0 0.000147 20
rVSVOmicron	298	C	134001	5.90551e-05	0.000123992	0.999817	0 0.000183 25
rVSVOmicron	299	G	134423	5.42166e-05	7.36971e-05	0.000145047	0.999727 0.000273 37
rVSVOmicron	300	G	134781	0.000123998	8.56455e-05	8.70573e-06	0.999782 0.000218 29
rVSVOmicron	301	G	133946	8.94906e-05	1.74731e-05	0	0.999893 0.000107 14
rVSVOmicron	302	G	133778	0.000132472	5.8485e-05	0	0.999809 0.000191 26
rVSVOmicron	303	C	133650	1.42333e-05	0.000315268	0.99959	8.06555e-05 0.00041 55
rVSVOmicron	304	T	133687	4.35746e-05	0.999608	0.000318448	2.96778e-05 0.000392 52
rVSVOmicron	305	G	135009	0.000160323	0.000417118	1.92018e-05	0.999403 0.000597 81
rVSVOmicron	306	G	135340	0.00013498	3.4384e-05	8.596e-06	0.999822 0.000178 24
rVSVOmicron	307	A	135245	0.999904	1.70659e-05	8.53297e-06	7.03393e-05 9.6e-05 13
rVSVOmicron	308	T	135376	2.04828e-05	0.999927	3.69632e-05	1.55387e-05 7.3e-05 10
rVSVOmicron	309	T	135086	1.73594e-05	0.999842	0.000123158	1.73594e-05 0.000158 21
rVSVOmicron	310	T	135128	4.20018e-05	0.999861	8.79705e-05	8.63371e-06 0.000139 19
rVSVOmicron	311	T	135454	8.563e-06	0.999957	3.4252e-05	0 4.3e-05 6
rVSVOmicron	312	C	135604	5.9267e-05	0.000333635	0.99959	1.69334e-05 0.00041 56
rVSVOmicron	313	G	134945	0.0003263	7.91312e-05	1.72227e-05	0.999577 0.000423 57
rVSVOmicron	314	G	134927	0.000143629	5.56358e-05	2.58392e-05	0.999775 0.000225 30
rVSVOmicron	315	C	135306	8.02719e-05	0.000214365	0.999688	1.70204e-05 0.000312 42
rVSVOmicron	316	A	134310	0.999866	2.55763e-05	8.52542e-06	0.000100231 0.000134 18
rVSVOmicron	317	C	134696	4.56305e-05	0.000136661	0.999809	8.52691e-06 0.000191 26
rVSVOmicron	318	C	134931	0.000106829	0.000201607	0.99965	4.12484e-05 0.00035 47
rVSVOmicron	319	A	134720	0.99977	3.21125e-05	5.28375e-05	0.000145303 0.00023 31
rVSVOmicron	320	C	135355	0.000107435	8.11481e-05	0.999712	9.96635e-05 0.000288 39
rVSVOmicron	321	A	134973	0.999708	0	0.000158109	0.000133499 0.000292 39
rVSVOmicron	322	C	135220	6.7441e-05	5.24035e-05	0.99988	0 0.00012 16
rVSVOmicron	323	T	135241	0.00144102	0.998463	9.56992e-05	0 0.001537 208
rVSVOmicron	324	C	136328	5.73404e-05	0.00170775	0.998203	3.21832e-05 0.001797 245
rVSVOmicron	325	G	136420	0.000179673	1.68943e-05	2.53414e-05	0.999778 0.000222 30
rVSVOmicron	326	A	135358	0.999904	1.68763e-05	1.9613e-05	5.9067e-05 9.6e-05 13
rVSVOmicron	327	C	135213	8.50822e-06	6.46165e-05	0.999891	3.61025e-05 0.000109 15
rVSVOmicron	328	T	135329	8.47495e-06	0.999839	0.000135599	1.69499e-05 0.000161 22
rVSVOmicron	329	C	135513	4.39243e-05	3.9145e-05	0.999906	1.0469e-05 9.4e-05 13
rVSVOmicron	330	T	135619	8.48778e-06	0.999819	0.000150486	2.20224e-05 0.000181 25
rVSVOmicron	331	A	136642	0.999818	8.50147e-06	6.20377e-06	0.000167732 0.000182 25
rVSVOmicron	332	A	136328	0.99978	4.24534e-05	5.50747e-06	0.000172108 0.00022 30
rVSVOmicron	333	G	137106	3.3948e-05	6.78961e-05	1.8809e-05	0.999879 0.000121 17
rVSVOmicron	334	A	137973	0.999901	0	0	9.88531e-05 9.9e-05 14
rVSVOmicron	335	C	138343	8.27613e-06	0.000106919	0.999885	0 0.000115 16
rVSVOmicron	336	A	137687	0.999941	8.41872e-06	1.68374e-05	3.36749e-05 5.9e-05 8
rVSVOmicron	337	C	137684	4.34806e-05	0.000185577	0.999754	1.65854e-05 0.000246 34
rVSVOmicron	338	A	137106	0.999543	7.30892e-05	2.51173e-05	0.000358884 0.000457 63
rVSVOmicron	339	G	137811	0.000129826	1.69438e-05	1.69438e-05	0.999836 0.000164 23
rVSVOmicron	340	T	137943	6.31533e-05	0.999894	3.5411e-05	7.66862e-06 0.000106 15
rVSVOmicron	341	C	138558	9.96055e-05	0.000155465	0.99971	3.49965e-05 0.00029 40
rVSVOmicron	342	C	139129	7.33898e-05	0.000382805	0.999535	8.38093e-06 0.000465 65
rVSVOmicron	343	C	138565	6.31468e-05	0.000156971	0.999763	1.65704e-05 0.000237 33
rVSVOmicron	344	T	138343	9.01862e-05	0.999651	0.000250963	8.23924e-06 0.000349 48
rVSVOmicron	345	C	139903	8.21253e-06	0.000109648	0.999879	3.3294e-06 0.000121 17
rVSVOmicron	346	C	138855	7.33512e-05	0.000144027	0.999783	0 0.000217 30
rVSVOmicron	347	T	138878	8.29129e-06	0.999827	0.000154845	1.03081e-05 0.000173 24
rVSVOmicron	348	G	139642	0.000169124	1.64241e-05	4.10603e-05	0.999773 0.000227 32
rVSVOmicron	349	A	135956	0.999935	6.5755e-06	0	5.8726e-05 6.5e-05 9
rVSVOmicron	350	T	136008	0	0.999879	3.46597e-05	8.66493e-05 0.000121 16
rVSVOmicron	351	T	135884	1.68771e-05	0.999939	3.58068e-05	8.43855e-06 6.1e-05 8
rVSVOmicron	352	G	133936	0.000145519	0.000164489	0	0.99969 0.00031 42
rVSVOmicron	353	T	133962	2.7568e-05	0.999805	0.000141975	2.55004e-05 0.000195 26
rVSVOmicron	354	G	134774	0.000162994	0.000106829	8.4821e-06	0.999722 0.000278 37
rVSVOmicron	355	A	134934	0.999885	1.71108e-05	0	9.75778e-05 0.000115 16
rVSVOmicron	356	A	135164	0.999947	0	0	5.30902e-05 5.3e-05 7
rVSVOmicron	357	C	135831	5.05117e-05	8.60064e-05	0.999831	3.23093e-05 0.000169 23
rVSVOmicron	358	A	134413	0.99994	8.5511e-06	2.38044e-05	2.77333e-05 6e-05 8
rVSVOmicron	359	A	134512	0.99992	8.64642e-06	8.41273e-06	6.26281e-05 8e-05 11
rVSVOmicron	360	C	134815	4.45442e-05	0.0011694	0.998762	2.4109e-05 0.001238 167
rVSVOmicron	361	G	134953	0.000522794	0.000173648	1.91915e-05	0.999284 0.000716 97
rVSVOmicron	362	C	134980	6.82692e-05	4.33602e-05	0.999878	1.06094e-05 0.000122 16
rVSVOmicron	363	C	135375	4.22076e-05	0.000182975	0.999731	4.42609e-05 0.000269 36
rVSVOmicron	364	A	135089	0.999955	8.50269e-06	8.50269e-06	2.75763e-05 4.5e-05 6
rVSVOmicron	365	C	135735	5.21596e-05	6.07773e-05	0.999887	0 0.000113 15
rVSVOmicron	366	A	135843	0.99972	3.39952e-05	7.05171e-05	0.000175948 0.00028 38
rVSVOmicron	367	A	136056	0.999921	8.74298e-06	3.49719e-05	3.49719e-05 7.9e-05 11
rVSVOmicron	368	A	134900	0.999835	4.20506e-05	2.66721e-05	9.61156e-05 0.000165 22
rVSVOmicron	369	C	135666	8.51836e-06	0.000171288	0.999786	3.45339e-05 0.000214 29
rVSVOmicron	370	G	134891	0.000158899	8.49767e-05	0	0.999756 0.000244 33
rVSVOmicron	371	T	134308	4.41969e-05	0.999872	6.61759e-05	1.76788e-05 0.000128 17
rVSVOmicron	372	G	134683	5.33756e-05	9.03458e-05	2.77276e-05	0.999829 0.000171 23
rVSVOmicron	373	G	133529	8.7846e-05	2.85094e-05	0	0.999884 0.000116 15
rVSVOmicron	374	T	133404	0.00415037	0.995798	3.50222e-05	1.70378e-05 0.004202 561
rVSVOmicron	375	G	134283	4.46699e-05	5.31894e-05	0.00400924	0.995893 0.004107 552
rVSVOmicron	376	A	133979	0.99993	8.54212e-06	8.54212e-06	5.33305e-05 7e-05 9
rVSVOmicron	377	T	134035	1.57841e-05	0.999877	7.37377e-05	3.34529e-05 0.000123 16
rVSVOmicron	378	T	134256	3.39855e-05	0.999925	1.69928e-05	2.38817e-05 7.5e-05 10
rVSVOmicron	379	A	135165	0.99965	3.41044e-05	6.91306e-06	0.000309474 0.00035 47
rVSVOmicron	380	A	134910	0.999326	0.000105872	0.000233056	0.000335491 0.000674 91
rVSVOmicron	381	G	135803	0.000590674	8.70732e-05	0	0.999322 0.000678 92
rVSVOmicron	382	G	133554	3.43536e-05	3.45873e-05	1.2386e-05	0.999919 8.1e-05 11
rVSVOmicron	383	T	133592	0	0.99993	5.33303e-05	1.70842e-05 7e-05 9
rVSVOmicron	384	G	134831	0.000169505	1.69505e-05	1.90121e-05	0.999795 0.000205 28
rVSVOmicron	385	T	134914	8.46071e-06	0.999905	7.82044e-05	8.46071e-06 9.5e-05 13
rVSVOmicron	386	G	135279	0.0001225	8.82179e-05	1.89691e-05	0.99977 0.00023 31
rVSVOmicron	387	C	135339	8.38686e-05	0.00106203	0.998812	4.25087e-05 0.001188 161
rVSVOmicron	388	G	135629	0.000133809	7.08937e-05	1.89202e-05	0.999776 0.000224 30
rVSVOmicron	389	A	135003	0.999859	2.51578e-05	0	0.000116043 0.000141 19
rVSVOmicron	390	G	135771	0.000100927	4.38713e-05	4.63717e-05	0.999809 0.000191 26
rVSVOmicron	391	T	135954	9.13698e-05	0.999785	0.000106367	1.70742e-05 0.000215 29
rVSVOmicron	392	T	136019	1.87478e-05	0.999807	0.000137785	3.6818e-05 0.000193 26
rVSVOmicron	393	C	136315	4.45122e-05	0.000355409	0.9996	0 0.0004 55
rVSVOmicron	394	C	136580	0.000148836	0.000161828	0.999639	5.05997e-05 0.000361 49
rVSVOmicron	395	A	136118	0.99944	4.9354e-05	2.71673e-05	0.000483805 0.00056 76
rVSVOmicron	396	G	136820	0.000133519	8.99953e-05	0	0.999776 0.000224 31
rVSVOmicron	397	T	136790	0.000163353	0.999762	6.64566e-05	8.59754e-06 0.000238 33
rVSVOmicron	398	T	137031	0	0.999874	0.000126479	0 0.000126 17
rVSVOmicron	399	C	136284	2.52644e-05	0.000125639	0.999832	1.6843e-05 0.000168 23
rVSVOmicron	400	T	136633	2.5509e-05	0.999649	0.00028376	4.22141e-05 0.000351 48
rVSVOmicron	401	G	137707	0.000183045	4.36786e-05	0	0.999773 0.000227 31
rVSVOmicron	402	C	137886	8.04991e-05	0.000206419	0.999705	8.31974e-06 0.000295 41
rVSVOmicron	403	A	137965	0.999759	8.29902e-06	1.6598e-05	0.000215775 0.000241 33
rVSVOmicron	404	A	138203	0.999861	1.68121e-05	8.40605e-06	0.000113368 0.000139 19
rVSVOmicron	405	C	138963	0.000103139	0.000912659	0.998976	8.24222e-06 0.001024 142
rVSVOmicron	406	G	139356	0.000230752	0.00013154	6.68846e-06	0.999631 0.000369 51
rVSVOmicron	407	A	139335	0.999846	1.4892e-05	8.42401e-05	5.49005e-05 0.000154 21
rVSVOmicron	408	C	140276	3.30329e-05	0.00027944	0.999679	8.25822e-06 0.000321 45
rVSVOmicron	409	C	140702	4.8567e-05	0.000157843	0.999794	0 0.000206 29
rVSVOmicron	410	C	140117	0.0001671	8.29924e-05	0.99974	1.02625e-05 0.00026 36
rVSVOmicron	411	T	139887	0.000120057	0.9997	0.000129852	5.05741e-05 0.0003 42
rVSVOmicron	412	T	140763	0	0.999863	9.4534e-05	4.23773e-05 0.000137 19
rVSVOmicron	413	T	140796	1.77073e-05	0.999776	0.000190132	1.63792e-05 0.000224 32
rVSVOmicron	414	C	141958	4.28068e-05	9.79703e-05	0.999851	8.16419e-06 0.000149 21
rVSVOmicron	415	C	139681	0.000299054	0.000239778	0.999445	1.64903e-05 0.000555 78
rVSVOmicron	416	T	139823	0.000101829	0.999676	0.000213998	8.31713e-06 0.000324 45
rVSVOmicron	417	G	141432	0.000111031	7.7655e-05	1.64655e-05	0.999795 0.000205 29
rVSVOmicron	418	G	142078	0.000134201	4.07003e-05	8.14005e-06	0.999817 0.000183 26
rVSVOmicron	419	A	142277	0.99988	7.99868e-06	1.59974e-05	9.55518e-05 0.00012 17
rVSVOmicron	420	T	142585	2.60235e-05	0.999872	0.000102142	0 0.000128 18
rVSVOmicron	421	C	143476	4.19247e-05	0.000465278	0.999435	5.77005e-05 0.000565 81
rVSVOmicron	422	A	143205	0.999873	8.53219e-05	1.78381e-05	2.38558e-05 0.000127 18
rVSVOmicron	423	C	143637	7.97492e-06	6.76791e-05	0.9999	2.39248e-05 0.0001 14
rVSVOmicron	424	A	143437	0.999755	1.61104e-05	1.61104e-05	0.000213136 0.000245 35
rVSVOmicron	425	A	142898	0.999818	1.81072e-05	8.07188e-06	0.000155984 0.000182 26
rVSVOmicron	426	G	143587	8.58022e-05	5.75719e-05	8.22456e-06	0.999848 0.000152 22
rVSVOmicron	427	A	144380	0.999933	1.6112e-05	1.02333e-05	4.07154e-05 6.7e-05 10
rVSVOmicron	428	A	144541	0.999883	8.00615e-06	0	0.000108624 0.000117 17
rVSVOmicron	429	C	145037	9.74503e-05	0.000193618	0.999709	0 0.000291 42
rVSVOmicron	430	A	144812	0.999803	3.36998e-05	5.75257e-05	0.000105607 0.000197 29
rVSVOmicron	431	A	145003	0.999928	0	1.60415e-05	5.61453e-05 7.2e-05 10
rVSVOmicron	432	C	145800	4.13759e-05	8.74438e-05	0.999863	7.89127e-06 0.000137 20
rVSVOmicron	433	A	145698	0.999829	8.10714e-06	8.85212e-05	7.47172e-05 0.000171 25
rVSVOmicron	434	A	144204	0.999892	0	3.89223e-05	6.95202e-05 0.000108 16
rVSVOmicron	435	G	144932	5.98279e-05	1.65196e-05	6.69715e-06	0.999917 8.3e-05 12
rVSVOmicron	436	T	145017	2.44338e-05	0.999905	7.08801e-05	0 9.5e-05 14
rVSVOmicron	437	C	143756	0.000118132	5.67649e-05	0.999817	8.10927e-06 0.000183 26
rVSVOmicron	438	T	143711	0	0.999753	0.000208008	3.94728e-05 0.000247 35
rVSVOmicron	439	T	144990	4.00603e-05	0.999857	9.48455e-05	8.01206e-06 0.000143 21
rVSVOmicron	440	G	145677	0.000508472	4.64201e-05	7.95159e-06	0.999437 0.000563 82
rVSVOmicron	441	G	145958	0.000118611	7.42383e-05	1.4293e-05	0.999793 0.000207 30
rVSVOmicron	442	A	145699	0.999719	0.000114652	2.36111e-05	0.000142305 0.000281 41
rVSVOmicron	443	T	145929	7.8765e-06	0.999913	7.08885e-05	7.8765e-06 8.7e-05 13
rVSVOmicron	444	G	146650	0.00014728	8.86665e-05	2.36586e-05	0.99974 0.00026 38
rVSVOmicron	445	G	146695	7.23021e-05	9.09607e-05	2.52315e-05	0.999812 0.000188 28
rVSVOmicron	446	A	145953	0.999807	7.79466e-06	1.72746e-05	0.00016748 0.000193 28
rVSVOmicron	447	G	146375	0.000105363	0.000179475	0	0.999715 0.000285 42
rVSVOmicron	448	T	145880	1.57817e-05	0.9964	0.00357648	7.89086e-06 0.0036 525
rVSVOmicron	449	C	144628	3.64645e-05	8.32248e-05	0.999872	7.93639e-06 0.000128 19
rVSVOmicron	450	T	144480	1.57231e-05	0.999562	0.000389254	3.31461e-05 0.000438 63
rVSVOmicron	451	G	145864	3.13483e-05	2.35112e-05	2.52057e-05	0.99992 8e-05 12
rVSVOmicron	452	A	145143	0.999407	5.51873e-05	2.32256e-05	0.000514159 0.000593 86
rVSVOmicron	453	G	145857	8.53377e-05	5.01862e-05	2.35049e-05	0.999841 0.000159 23
rVSVOmicron	454	T	146033	2.98038e-05	0.999913	5.7249e-05	0 8.7e-05 13
rVSVOmicron	455	T	146103	7.91049e-06	0.999876	0.000116519	0 0.000124 18
rVSVOmicron	456	C	146825	8.76574e-05	0.000142654	0.999737	3.30822e-05 0.000263 39
rVSVOmicron	457	A	146093	0.999535	2.35149e-05	4.10982e-05	0.000399966 0.000465 68
rVSVOmicron	458	G	146642	0.000113107	0.000106764	7.82233e-06	0.999772 0.000228 33
rVSVOmicron	459	A	147092	0.999776	3.13869e-05	0	0.000192138 0.000224 33
rVSVOmicron	460	G	147331	0.000115275	3.30862e-05	0	0.999852 0.000148 22
rVSVOmicron	461	T	147711	1.54777e-05	0.999977	7.73886e-06	0 2.3e-05 3
rVSVOmicron	462	G	148498	0.000140369	0.000101157	1.54343e-05	0.999743 0.000257 38
rVSVOmicron	463	T	145965	1.28928e-05	0.999847	0.000140342	0 0.000153 22
rVSVOmicron	464	A	146008	0.999558	1.44082e-05	3.13589e-05	0.000396224 0.000442 65
rVSVOmicron	465	C	146191	0.000346082	0.000108044	0.99953	1.57697e-05 0.00047 69
rVSVOmicron	466	T	143783	3.19675e-05	0.999643	0.000316867	7.99188e-06 0.000357 51
rVSVOmicron	467	C	143840	5.7451e-05	4.95193e-05	0.99986	3.32273e-05 0.00014 20
rVSVOmicron	468	T	143683	2.41688e-05	0.999813	0.000100595	6.27083e-05 0.000187 27
rVSVOmicron	469	A	144425	0.999818	5.43334e-06	4.02067e-05	0.000136486 0.000182 26
rVSVOmicron	470	G	144589	2.63125e-05	0.000110074	0	0.999864 0.000136 20
rVSVOmicron	471	C	144505	3.40614e-05	0.000232609	0.999725	7.97641e-06 0.000275 40
rVSVOmicron	472	G	144680	0.000523823	0.000100595	3.5681e-05	0.99934 0.00066 95
rVSVOmicron	473	C	144943	0.000112521	7.56608e-05	0.999812	0 0.000188 27
rVSVOmicron	474	C	145540	5.69942e-05	3.95557e-05	0.999903	0 9.7e-05 14
rVSVOmicron	475	A	145080	0.999909	1.58481e-05	7.92404e-06	6.70331e-05 9.1e-05 13
rVSVOmicron	476	A	145158	0.992307	1.58381e-05	0.00756224	0.000114719 0.007693 1117
rVSVOmicron	477	C	145897	1.56578e-05	4.88777e-05	0.99991	2.5391e-05 9e-05 13
rVSVOmicron	478	A	145853	0.999912	0	1.50014e-05	7.28637e-05 8.8e-05 13
rVSVOmicron	479	A	146073	0.999894	1.60652e-05	3.19132e-05	5.79648e-05 0.000106 15
rVSVOmicron	480	C	144714	3.9262e-05	0.000147873	0.999813	0 0.000187 27
rVSVOmicron	481	T	145417	4.00665e-05	0.999637	0.000295409	2.79382e-05 0.000363 53
rVSVOmicron	482	G	147766	0.000566283	9.45921e-05	2.26429e-05	0.999316 0.000684 101
rVSVOmicron	483	C	150047	7.79543e-05	0.000191286	0.9997	3.04413e-05 0.0003 45
rVSVOmicron	484	A	151736	0.999938	7.13798e-06	0	5.46565e-05 6.2e-05 9
rVSVOmicron	485	C	153991	4.27072e-05	0.000161965	0.999788	7.45362e-06 0.000212 33
rVSVOmicron	486	C	143623	2.3991e-05	0.000127952	0.99984	7.99701e-06 0.00016 23
rVSVOmicron	487	T	143620	0.00010688	0.999619	0.000150464	0.000123306 0.000381 55
rVSVOmicron	488	T	144174	1.07754e-06	0.999887	0.000111633	0 0.000113 16
rVSVOmicron	489	C	144676	3.95719e-05	0.000183528	0.999769	7.91439e-06 0.000231 33
rVSVOmicron	490	G	145257	0.000155576	7.89616e-05	3.35053e-05	0.999732 0.000268 39
rVSVOmicron	491	A	143675	0.999855	7.92919e-06	2.78593e-06	0.000134368 0.000145 21
rVSVOmicron	492	G	144212	3.99846e-05	4.79815e-05	7.99691e-06	0.999904 9.6e-05 14
rVSVOmicron	493	T	144489	7.98031e-06	0.999859	0.000116901	1.59606e-05 0.000141 20
rVSVOmicron	494	A	144424	0.999886	1.57962e-05	1.57962e-05	8.26099e-05 0.000114 16
rVSVOmicron	495	C	144108	3.98104e-05	0.000618674	0.999334	7.96207e-06 0.000666 96
rVSVOmicron	496	G	141468	0.000486985	5.05817e-05	1.62036e-05	0.999446 0.000554 78
rVSVOmicron	497	T	141773	3.91268e-05	0.999829	0.000132328	0 0.000171 24
rVSVOmicron	498	G	142850	0.000124205	6.24275e-05	1.60404e-05	0.999797 0.000203 29
rVSVOmicron	499	T	143044	5.22432e-05	0.999763	0.000168339	1.59095e-05 0.000237 34
rVSVOmicron	500	C	144009	4.60301e-05	9.27085e-05	0.999843	1.79366e-05 0.000157 23
rVSVOmicron	501	C	144838	0.000106468	0.000474089	0.999367	5.23614e-05 0.000633 92
rVSVOmicron	502	C	145208	6.54369e-05	0.000105128	0.999788	4.16221e-05 0.000212 31
rVSVOmicron	503	A	144814	0.9997	2.36747e-05	3.34858e-05	0.000242932 0.0003 43
rVSVOmicron	504	G	145576	0.000190446	2.10177e-05	0	0.999789 0.000211 31
rVSVOmicron	505	C	146808	8.88631e-05	9.91166e-05	0.999804	7.90369e-06 0.000196 29
rVSVOmicron	506	C	143909	0.000219121	0.000112815	0.999652	1.60544e-05 0.000348 50
rVSVOmicron	507	T	143711	6.73105e-05	0.999615	0.000201711	0.000116304 0.000385 55
rVSVOmicron	508	T	144087	1.95238e-05	0.999629	0.000141842	0.000209352 0.000371 53
rVSVOmicron	509	T	144078	1.78759e-05	0.999885	9.75635e-05	0 0.000115 17
rVSVOmicron	510	C	144394	3.39362e-05	0.000209453	0.999733	2.39931e-05 0.000267 39
rVSVOmicron	511	C	143279	7.46189e-05	0.000153165	0.999764	8.07281e-06 0.000236 34
rVSVOmicron	512	T	143413	4.20623e-05	0.999763	0.000194701	0 0.000237 34
rVSVOmicron	513	C	144977	8.78709e-05	9.61888e-05	0.999776	3.98832e-05 0.000224 32
rVSVOmicron	514	A	144657	0.999722	8.30929e-06	3.32372e-05	0.000236703 0.000278 40
rVSVOmicron	515	T	146319	2.38475e-05	0.999838	0.000122675	1.58983e-05 0.000162 24
rVSVOmicron	516	G	148307	8.2442e-05	0.00177474	5.70916e-05	0.998086 0.001914 284
rVSVOmicron	517	G	149573	0.000103695	4.55349e-05	4.59489e-05	0.999805 0.000195 29
rVSVOmicron	518	A	152034	0.999918	0	7.46655e-06	7.46655e-05 8.2e-05 12
rVSVOmicron	519	C	154585	7.48408e-06	0.000184675	0.99973	7.82795e-05 0.00027 42
rVSVOmicron	520	C	130686	4.61755e-05	0.000166613	0.999787	0 0.000213 28
rVSVOmicron	521	T	131085	4.57645e-05	0.999647	0.000278855	2.84546e-05 0.000353 46
rVSVOmicron	522	G	131848	0.000167949	2.61098e-05	1.74065e-05	0.999789 0.000211 28
rVSVOmicron	523	G	132460	0.000194052	2.58892e-05	1.72595e-05	0.999763 0.000237 31
rVSVOmicron	524	A	132317	0.99947	6.27119e-05	8.65798e-06	0.000458171 0.00053 70
rVSVOmicron	525	G	128820	0.000387765	0.000138178	1.78449e-05	0.999456 0.000544 70
rVSVOmicron	526	G	128787	0.000154677	0.000103442	1.79688e-05	0.999724 0.000276 36
rVSVOmicron	527	G	128005	0.000414214	7.40102e-05	8.97829e-06	0.999503 0.000497 64
rVSVOmicron	528	C	128046	5.33155e-05	0.000226471	0.99972	0 0.00028 36
rVSVOmicron	529	A	127452	0.999715	2.68811e-05	2.51859e-05	0.000232727 0.000285 36
rVSVOmicron	530	A	127293	0.999695	3.94406e-05	9.72868e-06	0.000255838 0.000305 39
rVSVOmicron	531	G	127380	0.000183826	0.000117289	1.627e-05	0.999683 0.000317 40
rVSVOmicron	532	C	127976	3.77896e-05	0.00035166	0.999593	1.78117e-05 0.000407 52
rVSVOmicron	533	A	127622	0.999709	4.5235e-05	8.33791e-05	0.000162846 0.000291 37
rVSVOmicron	534	G	126213	0.000379668	0.000120624	6.2042e-05	0.999438 0.000562 71
rVSVOmicron	535	G	126684	0.000103698	8.30079e-05	3.68924e-05	0.999776 0.000224 28
